1 0 0 0 0 0 0 0 0 0 0 0 0 0 0 0 0 0 0 0 0 0 0 0 
0 0 0 1.0 0.0
0 1 1 1.0 0.0
0 2 2 1.0 0.0
0 3 3 1.0 0.0
0 4 4 1.0 0.0
0 5 5 1.0 0.0
0 6 6 1.0 0.0
0 7 7 1.0 0.0
0 8 8 1.0 0.0
0 9 9 1.0 0.0
0 10 10 1.0 0.0
0 11 11 1.0 0.0
0 12 12 1.0 0.0
0 13 13 1.0 0.0
0 14 14 1.0 0.0
0 15 15 1.0 0.0
0 16 16 1.0 0.0
0 17 17 1.0 0.0
0 18 18 1.0 0.0
0 19 19 1.0 0.0
0 20 20 1.0 0.0
0 21 21 1.0 0.0
0 22 22 1.0 0.0
0 23 23 1.0 0.0
1 0 1 1.0 0.0
1 1 0 1.0 0.0
1 2 4 1.0 0.0
1 3 5 1.0 0.0
1 4 2 1.0 0.0
1 5 3 1.0 0.0
1 6 7 1.0 0.0
1 7 6 1.0 0.0
1 8 10 1.0 0.0
1 9 11 1.0 0.0
1 10 8 1.0 0.0
1 11 9 1.0 0.0
1 12 18 1.0 0.0
1 13 19 1.0 0.0
1 14 20 1.0 0.0
1 15 21 1.0 0.0
1 16 22 1.0 0.0
1 17 23 1.0 0.0
1 18 12 1.0 0.0
1 19 13 1.0 0.0
1 20 14 1.0 0.0
1 21 15 1.0 0.0
1 22 16 1.0 0.0
1 23 17 1.0 0.0
2 0 2 1.0 0.0
2 1 3 1.0 0.0
2 2 0 1.0 0.0
2 3 1 1.0 0.0
2 4 5 1.0 0.0
2 5 4 1.0 0.0
2 6 12 1.0 0.0
2 7 13 1.0 0.0
2 8 14 1.0 0.0
2 9 15 1.0 0.0
2 10 16 1.0 0.0
2 11 17 1.0 0.0
2 12 6 1.0 0.0
2 13 7 1.0 0.0
2 14 8 1.0 0.0
2 15 9 1.0 0.0
2 16 10 1.0 0.0
2 17 11 1.0 0.0
2 18 19 1.0 0.0
2 19 18 1.0 0.0
2 20 22 1.0 0.0
2 21 23 1.0 0.0
2 22 20 1.0 0.0
2 23 21 1.0 0.0
3 0 3 1.0 0.0
3 1 2 1.0 0.0
3 2 5 1.0 0.0
3 3 4 1.0 0.0
3 4 0 1.0 0.0
3 5 1 1.0 0.0
3 6 13 1.0 0.0
3 7 12 1.0 0.0
3 8 16 1.0 0.0
3 9 17 1.0 0.0
3 10 14 1.0 0.0
3 11 15 1.0 0.0
3 12 19 1.0 0.0
3 13 18 1.0 0.0
3 14 22 1.0 0.0
3 15 23 1.0 0.0
3 16 20 1.0 0.0
3 17 21 1.0 0.0
3 18 6 1.0 0.0
3 19 7 1.0 0.0
3 20 8 1.0 0.0
3 21 9 1.0 0.0
3 22 10 1.0 0.0
3 23 11 1.0 0.0
4 0 4 1.0 0.0
4 1 5 1.0 0.0
4 2 1 1.0 0.0
4 3 0 1.0 0.0
4 4 3 1.0 0.0
4 5 2 1.0 0.0
4 6 18 1.0 0.0
4 7 19 1.0 0.0
4 8 20 1.0 0.0
4 9 21 1.0 0.0
4 10 22 1.0 0.0
4 11 23 1.0 0.0
4 12 7 1.0 0.0
4 13 6 1.0 0.0
4 14 10 1.0 0.0
4 15 11 1.0 0.0
4 16 8 1.0 0.0
4 17 9 1.0 0.0
4 18 13 1.0 0.0
4 19 12 1.0 0.0
4 20 16 1.0 0.0
4 21 17 1.0 0.0
4 22 14 1.0 0.0
4 23 15 1.0 0.0
5 0 5 1.0 0.0
5 1 4 1.0 0.0
5 2 3 1.0 0.0
5 3 2 1.0 0.0
5 4 1 1.0 0.0
5 5 0 1.0 0.0
5 6 19 1.0 0.0
5 7 18 1.0 0.0
5 8 22 1.0 0.0
5 9 23 1.0 0.0
5 10 20 1.0 0.0
5 11 21 1.0 0.0
5 12 13 1.0 0.0
5 13 12 1.0 0.0
5 14 16 1.0 0.0
5 15 17 1.0 0.0
5 16 14 1.0 0.0
5 17 15 1.0 0.0
5 18 7 1.0 0.0
5 19 6 1.0 0.0
5 20 10 1.0 0.0
5 21 11 1.0 0.0
5 22 8 1.0 0.0
5 23 9 1.0 0.0
6 0 6 1.0 0.0
6 1 7 1.0 0.0
6 2 8 1.0 0.0
6 3 9 1.0 0.0
6 4 10 1.0 0.0
6 5 11 1.0 0.0
6 6 0 1.0 0.0
6 7 1 1.0 0.0
6 8 2 1.0 0.0
6 9 3 1.0 0.0
6 10 4 1.0 0.0
6 11 5 1.0 0.0
6 12 14 1.0 0.0
6 13 15 1.0 0.0
6 14 12 1.0 0.0
6 15 13 1.0 0.0
6 16 17 1.0 0.0
6 17 16 1.0 0.0
6 18 20 1.0 0.0
6 19 21 1.0 0.0
6 20 18 1.0 0.0
6 21 19 1.0 0.0
6 22 23 1.0 0.0
6 23 22 1.0 0.0
7 0 7 1.0 0.0
7 1 6 1.0 0.0
7 2 10 1.0 0.0
7 3 11 1.0 0.0
7 4 8 1.0 0.0
7 5 9 1.0 0.0
7 6 1 1.0 0.0
7 7 0 1.0 0.0
7 8 4 1.0 0.0
7 9 5 1.0 0.0
7 10 2 1.0 0.0
7 11 3 1.0 0.0
7 12 20 1.0 0.0
7 13 21 1.0 0.0
7 14 18 1.0 0.0
7 15 19 1.0 0.0
7 16 23 1.0 0.0
7 17 22 1.0 0.0
7 18 14 1.0 0.0
7 19 15 1.0 0.0
7 20 12 1.0 0.0
7 21 13 1.0 0.0
7 22 17 1.0 0.0
7 23 16 1.0 0.0
8 0 8 1.0 0.0
8 1 9 1.0 0.0
8 2 6 1.0 0.0
8 3 7 1.0 0.0
8 4 11 1.0 0.0
8 5 10 1.0 0.0
8 6 14 1.0 0.0
8 7 15 1.0 0.0
8 8 12 1.0 0.0
8 9 13 1.0 0.0
8 10 17 1.0 0.0
8 11 16 1.0 0.0
8 12 0 1.0 0.0
8 13 1 1.0 0.0
8 14 2 1.0 0.0
8 15 3 1.0 0.0
8 16 4 1.0 0.0
8 17 5 1.0 0.0
8 18 21 1.0 0.0
8 19 20 1.0 0.0
8 20 23 1.0 0.0
8 21 22 1.0 0.0
8 22 18 1.0 0.0
8 23 19 1.0 0.0
9 0 9 1.0 0.0
9 1 8 1.0 0.0
9 2 11 1.0 0.0
9 3 10 1.0 0.0
9 4 6 1.0 0.0
9 5 7 1.0 0.0
9 6 15 1.0 0.0
9 7 14 1.0 0.0
9 8 17 1.0 0.0
9 9 16 1.0 0.0
9 10 12 1.0 0.0
9 11 13 1.0 0.0
9 12 21 1.0 0.0
9 13 20 1.0 0.0
9 14 23 1.0 0.0
9 15 22 1.0 0.0
9 16 18 1.0 0.0
9 17 19 1.0 0.0
9 18 0 1.0 0.0
9 19 1 1.0 0.0
9 20 2 1.0 0.0
9 21 3 1.0 0.0
9 22 4 1.0 0.0
9 23 5 1.0 0.0
10 0 10 1.0 0.0
10 1 11 1.0 0.0
10 2 7 1.0 0.0
10 3 6 1.0 0.0
10 4 9 1.0 0.0
10 5 8 1.0 0.0
10 6 20 1.0 0.0
10 7 21 1.0 0.0
10 8 18 1.0 0.0
10 9 19 1.0 0.0
10 10 23 1.0 0.0
10 11 22 1.0 0.0
10 12 1 1.0 0.0
10 13 0 1.0 0.0
10 14 4 1.0 0.0
10 15 5 1.0 0.0
10 16 2 1.0 0.0
10 17 3 1.0 0.0
10 18 15 1.0 0.0
10 19 14 1.0 0.0
10 20 17 1.0 0.0
10 21 16 1.0 0.0
10 22 12 1.0 0.0
10 23 13 1.0 0.0
11 0 11 1.0 0.0
11 1 10 1.0 0.0
11 2 9 1.0 0.0
11 3 8 1.0 0.0
11 4 7 1.0 0.0
11 5 6 1.0 0.0
11 6 21 1.0 0.0
11 7 20 1.0 0.0
11 8 23 1.0 0.0
11 9 22 1.0 0.0
11 10 18 1.0 0.0
11 11 19 1.0 0.0
11 12 15 1.0 0.0
11 13 14 1.0 0.0
11 14 17 1.0 0.0
11 15 16 1.0 0.0
11 16 12 1.0 0.0
11 17 13 1.0 0.0
11 18 1 1.0 0.0
11 19 0 1.0 0.0
11 20 4 1.0 0.0
11 21 5 1.0 0.0
11 22 2 1.0 0.0
11 23 3 1.0 0.0
12 0 12 1.0 0.0
12 1 13 1.0 0.0
12 2 14 1.0 0.0
12 3 15 1.0 0.0
12 4 16 1.0 0.0
12 5 17 1.0 0.0
12 6 2 1.0 0.0
12 7 3 1.0 0.0
12 8 0 1.0 0.0
12 9 1 1.0 0.0
12 10 5 1.0 0.0
12 11 4 1.0 0.0
12 12 8 1.0 0.0
12 13 9 1.0 0.0
12 14 6 1.0 0.0
12 15 7 1.0 0.0
12 16 11 1.0 0.0
12 17 10 1.0 0.0
12 18 22 1.0 0.0
12 19 23 1.0 0.0
12 20 19 1.0 0.0
12 21 18 1.0 0.0
12 22 21 1.0 0.0
12 23 20 1.0 0.0
13 0 13 1.0 0.0
13 1 12 1.0 0.0
13 2 16 1.0 0.0
13 3 17 1.0 0.0
13 4 14 1.0 0.0
13 5 15 1.0 0.0
13 6 3 1.0 0.0
13 7 2 1.0 0.0
13 8 5 1.0 0.0
13 9 4 1.0 0.0
13 10 0 1.0 0.0
13 11 1 1.0 0.0
13 12 22 1.0 0.0
13 13 23 1.0 0.0
13 14 19 1.0 0.0
13 15 18 1.0 0.0
13 16 21 1.0 0.0
13 17 20 1.0 0.0
13 18 8 1.0 0.0
13 19 9 1.0 0.0
13 20 6 1.0 0.0
13 21 7 1.0 0.0
13 22 11 1.0 0.0
13 23 10 1.0 0.0
14 0 14 1.0 0.0
14 1 15 1.0 0.0
14 2 12 1.0 0.0
14 3 13 1.0 0.0
14 4 17 1.0 0.0
14 5 16 1.0 0.0
14 6 8 1.0 0.0
14 7 9 1.0 0.0
14 8 6 1.0 0.0
14 9 7 1.0 0.0
14 10 11 1.0 0.0
14 11 10 1.0 0.0
14 12 2 1.0 0.0
14 13 3 1.0 0.0
14 14 0 1.0 0.0
14 15 1 1.0 0.0
14 16 5 1.0 0.0
14 17 4 1.0 0.0
14 18 23 1.0 0.0
14 19 22 1.0 0.0
14 20 21 1.0 0.0
14 21 20 1.0 0.0
14 22 19 1.0 0.0
14 23 18 1.0 0.0
15 0 15 1.0 0.0
15 1 14 1.0 0.0
15 2 17 1.0 0.0
15 3 16 1.0 0.0
15 4 12 1.0 0.0
15 5 13 1.0 0.0
15 6 9 1.0 0.0
15 7 8 1.0 0.0
15 8 11 1.0 0.0
15 9 10 1.0 0.0
15 10 6 1.0 0.0
15 11 7 1.0 0.0
15 12 23 1.0 0.0
15 13 22 1.0 0.0
15 14 21 1.0 0.0
15 15 20 1.0 0.0
15 16 19 1.0 0.0
15 17 18 1.0 0.0
15 18 2 1.0 0.0
15 19 3 1.0 0.0
15 20 0 1.0 0.0
15 21 1 1.0 0.0
15 22 5 1.0 0.0
15 23 4 1.0 0.0
16 0 16 1.0 0.0
16 1 17 1.0 0.0
16 2 13 1.0 0.0
16 3 12 1.0 0.0
16 4 15 1.0 0.0
16 5 14 1.0 0.0
16 6 22 1.0 0.0
16 7 23 1.0 0.0
16 8 19 1.0 0.0
16 9 18 1.0 0.0
16 10 21 1.0 0.0
16 11 20 1.0 0.0
16 12 3 1.0 0.0
16 13 2 1.0 0.0
16 14 5 1.0 0.0
16 15 4 1.0 0.0
16 16 0 1.0 0.0
16 17 1 1.0 0.0
16 18 9 1.0 0.0
16 19 8 1.0 0.0
16 20 11 1.0 0.0
16 21 10 1.0 0.0
16 22 6 1.0 0.0
16 23 7 1.0 0.0
17 0 17 1.0 0.0
17 1 16 1.0 0.0
17 2 15 1.0 0.0
17 3 14 1.0 0.0
17 4 13 1.0 0.0
17 5 12 1.0 0.0
17 6 23 1.0 0.0
17 7 22 1.0 0.0
17 8 21 1.0 0.0
17 9 20 1.0 0.0
17 10 19 1.0 0.0
17 11 18 1.0 0.0
17 12 9 1.0 0.0
17 13 8 1.0 0.0
17 14 11 1.0 0.0
17 15 10 1.0 0.0
17 16 6 1.0 0.0
17 17 7 1.0 0.0
17 18 3 1.0 0.0
17 19 2 1.0 0.0
17 20 5 1.0 0.0
17 21 4 1.0 0.0
17 22 0 1.0 0.0
17 23 1 1.0 0.0
18 0 18 1.0 0.0
18 1 19 1.0 0.0
18 2 20 1.0 0.0
18 3 21 1.0 0.0
18 4 22 1.0 0.0
18 5 23 1.0 0.0
18 6 4 1.0 0.0
18 7 5 1.0 0.0
18 8 1 1.0 0.0
18 9 0 1.0 0.0
18 10 3 1.0 0.0
18 11 2 1.0 0.0
18 12 10 1.0 0.0
18 13 11 1.0 0.0
18 14 7 1.0 0.0
18 15 6 1.0 0.0
18 16 9 1.0 0.0
18 17 8 1.0 0.0
18 18 16 1.0 0.0
18 19 17 1.0 0.0
18 20 13 1.0 0.0
18 21 12 1.0 0.0
18 22 15 1.0 0.0
18 23 14 1.0 0.0
19 0 19 1.0 0.0
19 1 18 1.0 0.0
19 2 22 1.0 0.0
19 3 23 1.0 0.0
19 4 20 1.0 0.0
19 5 21 1.0 0.0
19 6 5 1.0 0.0
19 7 4 1.0 0.0
19 8 3 1.0 0.0
19 9 2 1.0 0.0
19 10 1 1.0 0.0
19 11 0 1.0 0.0
19 12 16 1.0 0.0
19 13 17 1.0 0.0
19 14 13 1.0 0.0
19 15 12 1.0 0.0
19 16 15 1.0 0.0
19 17 14 1.0 0.0
19 18 10 1.0 0.0
19 19 11 1.0 0.0
19 20 7 1.0 0.0
19 21 6 1.0 0.0
19 22 9 1.0 0.0
19 23 8 1.0 0.0
20 0 20 1.0 0.0
20 1 21 1.0 0.0
20 2 18 1.0 0.0
20 3 19 1.0 0.0
20 4 23 1.0 0.0
20 5 22 1.0 0.0
20 6 10 1.0 0.0
20 7 11 1.0 0.0
20 8 7 1.0 0.0
20 9 6 1.0 0.0
20 10 9 1.0 0.0
20 11 8 1.0 0.0
20 12 4 1.0 0.0
20 13 5 1.0 0.0
20 14 1 1.0 0.0
20 15 0 1.0 0.0
20 16 3 1.0 0.0
20 17 2 1.0 0.0
20 18 17 1.0 0.0
20 19 16 1.0 0.0
20 20 15 1.0 0.0
20 21 14 1.0 0.0
20 22 13 1.0 0.0
20 23 12 1.0 0.0
21 0 21 1.0 0.0
21 1 20 1.0 0.0
21 2 23 1.0 0.0
21 3 22 1.0 0.0
21 4 18 1.0 0.0
21 5 19 1.0 0.0
21 6 11 1.0 0.0
21 7 10 1.0 0.0
21 8 9 1.0 0.0
21 9 8 1.0 0.0
21 10 7 1.0 0.0
21 11 6 1.0 0.0
21 12 17 1.0 0.0
21 13 16 1.0 0.0
21 14 15 1.0 0.0
21 15 14 1.0 0.0
21 16 13 1.0 0.0
21 17 12 1.0 0.0
21 18 4 1.0 0.0
21 19 5 1.0 0.0
21 20 1 1.0 0.0
21 21 0 1.0 0.0
21 22 3 1.0 0.0
21 23 2 1.0 0.0
22 0 22 1.0 0.0
22 1 23 1.0 0.0
22 2 19 1.0 0.0
22 3 18 1.0 0.0
22 4 21 1.0 0.0
22 5 20 1.0 0.0
22 6 16 1.0 0.0
22 7 17 1.0 0.0
22 8 13 1.0 0.0
22 9 12 1.0 0.0
22 10 15 1.0 0.0
22 11 14 1.0 0.0
22 12 5 1.0 0.0
22 13 4 1.0 0.0
22 14 3 1.0 0.0
22 15 2 1.0 0.0
22 16 1 1.0 0.0
22 17 0 1.0 0.0
22 18 11 1.0 0.0
22 19 10 1.0 0.0
22 20 9 1.0 0.0
22 21 8 1.0 0.0
22 22 7 1.0 0.0
22 23 6 1.0 0.0
23 0 23 1.0 0.0
23 1 22 1.0 0.0
23 2 21 1.0 0.0
23 3 20 1.0 0.0
23 4 19 1.0 0.0
23 5 18 1.0 0.0
23 6 17 1.0 0.0
23 7 16 1.0 0.0
23 8 15 1.0 0.0
23 9 14 1.0 0.0
23 10 13 1.0 0.0
23 11 12 1.0 0.0
23 12 11 1.0 0.0
23 13 10 1.0 0.0
23 14 9 1.0 0.0
23 15 8 1.0 0.0
23 16 7 1.0 0.0
23 17 6 1.0 0.0
23 18 5 1.0 0.0
23 19 4 1.0 0.0
23 20 3 1.0 0.0
23 21 2 1.0 0.0
23 22 1 1.0 0.0
23 23 0 1.0 0.0
