1 0 0 0 0 0 0 0 1 0 0 0 0 0 0 0 0 0 0 0 1 0 0 0 0 0 0 0 0 0 0 0 0 0 0 0 0 0 0 0 1 0 0 0 0 0 0 0
0 0 0 1. 0
0 1 1 1. 0
0 2 2 1. 0
0 3 3 1. 0
1 0 1 1. 0
1 1 0 1. 0
1 2 3 1. 0
1 3 2 1. 0
2 0 2 1. 0
2 1 3 1. 0
2 2 0 1.0000000000000004 0
2 2 2 1.0000000000000002 0
2 2 3 1.0000000000000002 0
2 3 1 1.0000000000000004 0
2 3 2 1.0000000000000002 0
2 3 3 1.0000000000000002 0
3 0 3 1. 0
3 1 2 1. 0
3 2 1 1.0000000000000004 0
3 2 2 1.0000000000000002 0
3 2 3 1.0000000000000002 0
3 3 0 1.0000000000000004 0
3 3 2 1.0000000000000002 0
3 3 3 1.0000000000000002 0
4 0 4 1. 0
4 1 5 1. 0
4 2 4 0.2928932188134526 0
4 2 5 -0.7071067811865476 0
4 3 4 -0.7071067811865476 0
4 3 5 0.2928932188134526 0
5 0 5 1. 0
5 1 4 1. 0
5 2 4 -0.7071067811865476 0
5 2 5 0.2928932188134526 0
5 3 4 0.2928932188134526 0
5 3 5 -0.7071067811865476 0
6 0 6 1. 0
6 1 7 1. 0
6 2 6 -0.7071067811865476 0
6 2 7 0.2928932188134526 0
6 3 6 0.2928932188134526 0
6 3 7 -0.7071067811865476 0
7 0 7 1. 0
7 1 6 1. 0
7 2 6 0.2928932188134526 0
7 2 7 -0.7071067811865476 0
7 3 6 -0.7071067811865476 0
7 3 7 0.2928932188134526 0
16 4 0 1.5537739740300376 0
16 4 2 0.45508986056222744 0
16 4 3 -1.09868411346781 0
16 5 1 1.5537739740300376 0
16 5 2 -1.09868411346781 0
16 5 3 0.45508986056222744 0
17 4 1 1.5537739740300376 0
17 4 2 -1.09868411346781 0
17 4 3 0.45508986056222744 0
17 5 0 1.5537739740300376 0
17 5 2 0.45508986056222744 0
17 5 3 -1.09868411346781 0
20 4 4 1. 0
20 5 5 1. 0
21 4 5 1. 0
21 5 4 1. 0
22 4 4 1.0000000000000002 0
22 5 5 1.0000000000000002 0
23 4 4 0.1332927341094361 0
23 4 5 0.7768869870150187 0
23 5 4 0.7768869870150187 0
23 5 5 0.1332927341094361 0
24 4 4 0.7768869870150187 0
24 4 5 -0.7768869870150187 0
24 5 4 -0.7768869870150187 0
24 5 5 0.7768869870150187 0
25 4 5 1.0000000000000002 0
25 5 4 1.0000000000000002 0
26 4 4 -0.7768869870150187 0
26 4 5 0.7768869870150187 0
26 5 4 0.7768869870150187 0
26 5 5 -0.7768869870150187 0
27 4 4 0.7768869870150187 0
27 4 5 0.1332927341094361 0
27 5 4 0.1332927341094361 0
27 5 5 0.7768869870150187 0
28 4 6 -0.3217971264527914 0
28 4 7 -0.3217971264527914 0
28 5 6 -0.3217971264527914 0
28 5 7 -0.3217971264527914 0
29 4 6 0.7768869870150187 0
29 4 7 0.7768869870150187 0
29 5 6 0.7768869870150187 0
29 5 7 0.7768869870150187 0
30 4 6 -0.7768869870150187 0
30 4 7 -0.7768869870150187 0
30 5 6 -0.7768869870150187 0
30 5 7 -0.7768869870150187 0
31 4 6 -0.3217971264527914 0
31 4 7 -0.3217971264527914 0
31 5 6 -0.3217971264527914 0
31 5 7 -0.3217971264527914 0
32 6 0 1.5537739740300376 0
32 6 2 -1.09868411346781 0
32 6 3 0.45508986056222744 0
32 7 1 1.5537739740300376 0
32 7 2 0.45508986056222744 0
32 7 3 -1.09868411346781 0
33 6 1 -1.5537739740300376 0
33 6 2 -0.45508986056222744 0
33 6 3 1.09868411346781 0
33 7 0 -1.5537739740300376 0
33 7 2 1.09868411346781 0
33 7 3 -0.45508986056222744 0
36 6 4 -0.3217971264527914 0
36 6 5 -0.3217971264527914 0
36 7 4 -0.3217971264527914 0
36 7 5 -0.3217971264527914 0
37 6 4 0.7768869870150187 0
37 6 5 0.7768869870150187 0
37 7 4 0.7768869870150187 0
37 7 5 0.7768869870150187 0
38 6 4 0.7768869870150187 0
38 6 5 0.7768869870150187 0
38 7 4 0.7768869870150187 0
38 7 5 0.7768869870150187 0
39 6 4 0.3217971264527914 0
39 6 5 0.3217971264527914 0
39 7 4 0.3217971264527914 0
39 7 5 0.3217971264527914 0
40 6 6 1. 0
40 7 7 1. 0
41 6 7 -1. 0
41 7 6 -1. 0
42 6 7 -1.0000000000000002 0
42 7 6 -1.0000000000000002 0
43 6 6 0.7768869870150187 0
43 6 7 0.1332927341094361 0
43 7 6 0.1332927341094361 0
43 7 7 0.7768869870150187 0
44 6 6 0.7768869870150187 0
44 6 7 -0.7768869870150187 0
44 7 6 -0.7768869870150187 0
44 7 7 0.7768869870150187 0
45 6 6 1.0000000000000002 0
45 7 7 1.0000000000000002 0
46 6 6 0.7768869870150187 0
46 6 7 -0.7768869870150187 0
46 7 6 -0.7768869870150187 0
46 7 7 0.7768869870150187 0
47 6 6 -0.1332927341094361 0
47 6 7 -0.7768869870150187 0
47 7 6 -0.7768869870150187 0
47 7 7 -0.1332927341094361 0
8 8 8 1. 0
8 9 9 1. 0
8 10 10 1. 0
8 11 11 1. 0
9 8 9 1. 0
9 9 8 1. 0
9 10 11 1. 0
9 11 10 1. 0
10 8 10 1. 0
10 9 11 1. 0
10 10 8 1.0000000000000004 0
10 10 10 1.0000000000000002 0
10 10 11 -1.0000000000000002 0
10 11 9 1.0000000000000004 0
10 11 10 -1.0000000000000002 0
10 11 11 1.0000000000000002 0
11 8 11 1. 0
11 9 10 1. 0
11 10 9 1.0000000000000004 0
11 10 10 -1.0000000000000002 0
11 10 11 1.0000000000000002 0
11 11 8 1.0000000000000004 0
11 11 10 1.0000000000000002 0
11 11 11 -1.0000000000000002 0
12 8 12 1. 0
12 9 13 -1. 0
12 10 12 -0.7071067811865476 0
12 10 13 0.2928932188134526 0
12 11 12 -0.2928932188134526 0
12 11 13 0.7071067811865477 0
13 8 13 1. 0
13 9 12 -1. 0
13 10 12 0.2928932188134526 0
13 10 13 -0.7071067811865476 0
13 11 12 0.7071067811865477 0
13 11 13 -0.2928932188134526 0
14 8 14 1. 0
14 9 15 1. 0
14 10 14 0.2928932188134526 0
14 10 15 0.7071067811865477 0
14 11 14 0.7071067811865477 0
14 11 15 0.2928932188134526 0
15 8 15 1. 0
15 9 14 1. 0
15 10 14 0.7071067811865477 0
15 10 15 0.2928932188134526 0
15 11 14 0.2928932188134526 0
15 11 15 0.7071067811865477 0
18 12 8 -1.5537739740300376 0
18 12 10 1.09868411346781 0
18 12 11 0.45508986056222744 0
18 13 9 1.5537739740300376 0
18 13 10 -0.45508986056222744 0
18 13 11 -1.09868411346781 0
19 12 9 -1.5537739740300376 0
19 12 10 0.45508986056222744 0
19 12 11 1.09868411346781 0
19 13 8 1.5537739740300376 0
19 13 10 -1.09868411346781 0
19 13 11 -0.45508986056222744 0
20 12 12 1. 0
20 13 13 1. 0
21 12 13 1. 0
21 13 12 1. 0
22 12 13 -1.0000000000000002 0
22 13 12 -1.0000000000000002 0
23 12 12 0.7768869870150187 0
23 12 13 -0.7768869870150187 0
23 13 12 -0.7768869870150187 0
23 13 13 0.7768869870150187 0
24 12 12 -0.7768869870150187 0
24 12 13 -0.1332927341094361 0
24 13 12 -0.1332927341094361 0
24 13 13 -0.7768869870150187 0
25 12 12 -1.0000000000000002 0
25 13 13 -1.0000000000000002 0
26 12 12 -0.1332927341094361 0
26 12 13 -0.7768869870150187 0
26 13 12 -0.7768869870150187 0
26 13 13 -0.1332927341094361 0
27 12 12 -0.7768869870150187 0
27 12 13 0.7768869870150187 0
27 13 12 0.7768869870150187 0
27 13 13 -0.7768869870150187 0
28 12 14 0.7768869870150187 0
28 12 15 -0.7768869870150187 0
28 13 14 0.7768869870150187 0
28 13 15 -0.7768869870150187 0
29 12 14 0.3217971264527914 0
29 12 15 -0.3217971264527914 0
29 13 14 0.3217971264527914 0
29 13 15 -0.3217971264527914 0
30 12 14 -0.3217971264527914 0
30 12 15 0.3217971264527914 0
30 13 14 -0.3217971264527914 0
30 13 15 0.3217971264527914 0
31 12 14 0.7768869870150187 0
31 12 15 -0.7768869870150187 0
31 13 14 0.7768869870150187 0
31 13 15 -0.7768869870150187 0
34 14 8 1.5537739740300376 0
34 14 10 0.45508986056222744 0
34 14 11 1.09868411346781 0
34 15 9 1.5537739740300376 0
34 15 10 1.09868411346781 0
34 15 11 0.45508986056222744 0
35 14 9 1.5537739740300376 0
35 14 10 1.09868411346781 0
35 14 11 0.45508986056222744 0
35 15 8 1.5537739740300376 0
35 15 10 0.45508986056222744 0
35 15 11 1.09868411346781 0
36 14 12 -0.7768869870150187 0
36 14 13 -0.7768869870150187 0
36 15 12 0.7768869870150187 0
36 15 13 0.7768869870150187 0
37 14 12 -0.3217971264527914 0
37 14 13 -0.3217971264527914 0
37 15 12 0.3217971264527914 0
37 15 13 0.3217971264527914 0
38 14 12 -0.3217971264527914 0
38 14 13 -0.3217971264527914 0
38 15 12 0.3217971264527914 0
38 15 13 0.3217971264527914 0
39 14 12 0.7768869870150187 0
39 14 13 0.7768869870150187 0
39 15 12 -0.7768869870150187 0
39 15 13 -0.7768869870150187 0
40 14 14 1. 0
40 15 15 1. 0
41 14 15 1. 0
41 15 14 1. 0
42 14 14 1.0000000000000002 0
42 15 15 1.0000000000000002 0
43 14 14 -0.7768869870150187 0
43 14 15 -0.7768869870150187 0
43 15 14 -0.7768869870150187 0
43 15 15 -0.7768869870150187 0
44 14 14 0.1332927341094361 0
44 14 15 -0.7768869870150187 0
44 15 14 -0.7768869870150187 0
44 15 15 0.1332927341094361 0
45 14 15 1.0000000000000002 0
45 15 14 1.0000000000000002 0
46 14 14 -0.7768869870150187 0
46 14 15 0.1332927341094361 0
46 15 14 0.1332927341094361 0
46 15 15 -0.7768869870150187 0
47 14 14 -0.7768869870150187 0
47 14 15 -0.7768869870150187 0
47 15 14 -0.7768869870150187 0
47 15 15 -0.7768869870150187 0
0 16 16 1. 0
0 17 17 1. 0
1 16 17 1. 0
1 17 16 1. 0
2 16 16 0.2928932188134526 0
2 16 17 -0.7071067811865476 0
2 17 16 -0.7071067811865476 0
2 17 17 0.2928932188134526 0
3 16 16 -0.7071067811865476 0
3 16 17 0.2928932188134526 0
3 17 16 0.2928932188134526 0
3 17 17 -0.7071067811865476 0
4 16 20 0.643594252905583 0
4 16 22 0.6435942529055828 0
4 16 23 0.08578643762690501 0
4 16 24 0.5000000000000001 0
4 16 26 -0.5000000000000001 0
4 16 27 0.5000000000000001 0
4 17 21 0.643594252905583 0
4 17 23 0.5000000000000001 0
4 17 24 -0.5000000000000001 0
4 17 25 0.6435942529055828 0
4 17 26 0.5000000000000001 0
4 17 27 0.08578643762690501 0
5 16 21 0.643594252905583 0
5 16 23 0.5000000000000001 0
5 16 24 -0.5000000000000001 0
5 16 25 0.6435942529055828 0
5 16 26 0.5000000000000001 0
5 16 27 0.08578643762690501 0
5 17 20 0.643594252905583 0
5 17 22 0.6435942529055828 0
5 17 23 0.08578643762690501 0
5 17 24 0.5000000000000001 0
5 17 26 -0.5000000000000001 0
5 17 27 0.5000000000000001 0
6 16 28 -0.2071067811865476 0
6 16 29 0.5000000000000001 0
6 16 30 -0.5000000000000001 0
6 16 31 -0.2071067811865476 0
6 17 28 -0.2071067811865476 0
6 17 29 0.5000000000000001 0
6 17 30 -0.5000000000000001 0
6 17 31 -0.2071067811865476 0
7 16 28 -0.2071067811865476 0
7 16 29 0.5000000000000001 0
7 16 30 -0.5000000000000001 0
7 16 31 -0.2071067811865476 0
7 17 28 -0.2071067811865476 0
7 17 29 0.5000000000000001 0
7 17 30 -0.5000000000000001 0
7 17 31 -0.2071067811865476 0
8 18 18 1. 0
8 19 19 1. 0
9 18 19 1. 0
9 19 18 1. 0
10 18 18 -0.7071067811865476 0
10 18 19 -0.2928932188134526 0
10 19 18 -0.2928932188134526 0
10 19 19 -0.7071067811865476 0
11 18 18 -0.2928932188134526 0
11 18 19 -0.7071067811865476 0
11 19 18 -0.7071067811865476 0
11 19 19 -0.2928932188134526 0
12 18 20 -0.643594252905583 0
12 18 23 -0.5000000000000001 0
12 18 24 0.5000000000000001 0
12 18 25 0.6435942529055828 0
12 18 26 0.08578643762690501 0
12 18 27 0.5000000000000001 0
12 19 21 0.643594252905583 0
12 19 22 -0.6435942529055828 0
12 19 23 -0.5000000000000001 0
12 19 24 -0.08578643762690501 0
12 19 26 -0.5000000000000001 0
12 19 27 0.5000000000000001 0
13 18 21 -0.643594252905583 0
13 18 22 0.6435942529055828 0
13 18 23 0.5000000000000001 0
13 18 24 0.08578643762690501 0
13 18 26 0.5000000000000001 0
13 18 27 -0.5000000000000001 0
13 19 20 0.643594252905583 0
13 19 23 0.5000000000000001 0
13 19 24 -0.5000000000000001 0
13 19 25 -0.6435942529055828 0
13 19 26 -0.08578643762690501 0
13 19 27 -0.5000000000000001 0
14 18 28 -0.5000000000000001 0
14 18 29 -0.2071067811865476 0
14 18 30 0.2071067811865476 0
14 18 31 -0.5000000000000001 0
14 19 28 0.5000000000000001 0
14 19 29 0.2071067811865476 0
14 19 30 -0.2071067811865476 0
14 19 31 0.5000000000000001 0
15 18 28 0.5000000000000001 0
15 18 29 0.2071067811865476 0
15 18 30 -0.2071067811865476 0
15 18 31 0.5000000000000001 0
15 19 28 -0.5000000000000001 0
15 19 29 -0.2071067811865476 0
15 19 30 0.2071067811865476 0
15 19 31 -0.5000000000000001 0
16 20 16 1. 0
16 21 17 1. 0
16 22 16 1.0000000000000002 0
16 23 16 0.1332927341094361 0
16 23 17 0.7768869870150187 0
16 24 16 0.7768869870150187 0
16 24 17 -0.7768869870150187 0
16 25 17 1.0000000000000002 0
16 26 16 -0.7768869870150187 0
16 26 17 0.7768869870150187 0
16 27 16 0.7768869870150187 0
16 27 17 0.1332927341094361 0
17 20 17 1. 0
17 21 16 1. 0
17 22 17 1.0000000000000002 0
17 23 16 0.7768869870150187 0
17 23 17 0.1332927341094361 0
17 24 16 -0.7768869870150187 0
17 24 17 0.7768869870150187 0
17 25 16 1.0000000000000002 0
17 26 16 0.7768869870150187 0
17 26 17 -0.7768869870150187 0
17 27 16 0.1332927341094361 0
17 27 17 0.7768869870150187 0
18 20 18 1. 0
18 21 19 -1. 0
18 22 19 1.0000000000000002 0
18 23 18 0.7768869870150187 0
18 23 19 0.7768869870150187 0
18 24 18 -0.7768869870150187 0
18 24 19 0.1332927341094361 0
18 25 18 -1.0000000000000002 0
18 26 18 -0.1332927341094361 0
18 26 19 0.7768869870150187 0
18 27 18 -0.7768869870150187 0
18 27 19 -0.7768869870150187 0
19 20 19 1. 0
19 21 18 -1. 0
19 22 18 1.0000000000000002 0
19 23 18 0.7768869870150187 0
19 23 19 0.7768869870150187 0
19 24 18 0.1332927341094361 0
19 24 19 -0.7768869870150187 0
19 25 19 -1.0000000000000002 0
19 26 18 0.7768869870150187 0
19 26 19 -0.1332927341094361 0
19 27 18 -0.7768869870150187 0
19 27 19 -0.7768869870150187 0
20 20 20 1. 0
20 21 21 1. 0
20 22 22 1. 0
20 23 23 1. 0
20 24 24 1. 0
20 25 25 1. 0
20 26 26 1. 0
20 27 27 1. 0
21 20 21 1. 0
21 21 20 1. 0
21 22 25 1. 0
21 23 27 1. 0
21 24 26 1. 0
21 25 22 1. 0
21 26 24 1. 0
21 27 23 1. 0
22 20 22 1. 0
22 21 25 1. 0
22 22 20 0.41421356237309537 0
22 22 23 0.6435942529055828 0
22 22 26 -0.6435942529055828 0
22 23 20 0.643594252905583 0
22 23 23 0.2928932188134526 0
22 23 26 0.7071067811865477 0
22 24 20 0.643594252905583 0
22 24 23 -0.7071067811865476 0
22 24 26 -0.2928932188134526 0
22 25 21 0.41421356237309537 0
22 25 24 -0.6435942529055828 0
22 25 27 0.6435942529055828 0
22 26 21 0.643594252905583 0
22 26 24 -0.2928932188134526 0
22 26 27 -0.7071067811865476 0
22 27 21 0.643594252905583 0
22 27 24 0.7071067811865477 0
22 27 27 0.2928932188134526 0
23 20 23 1. 0
23 21 27 1. 0
23 22 20 0.643594252905583 0
23 22 23 0.2928932188134526 0
23 22 26 0.7071067811865477 0
23 23 20 0.29289321881345265 0
23 23 22 1.0000000000000002 0
23 23 23 0.03904053793775842 0
23 23 24 -0.549342056733905 0
23 23 26 -0.22754493028111372 0
23 23 27 -0.549342056733905 0
23 24 20 -0.7071067811865478 0
23 24 23 0.22754493028111372 0
23 24 24 -0.549342056733905 0
23 24 26 -0.22754493028111372 0
23 24 27 0.549342056733905 0
23 25 21 0.643594252905583 0
23 25 24 0.7071067811865477 0
23 25 27 0.2928932188134526 0
23 26 21 -0.7071067811865478 0
23 26 23 0.549342056733905 0
23 26 24 -0.22754493028111372 0
23 26 26 -0.549342056733905 0
23 26 27 0.22754493028111372 0
23 27 21 0.29289321881345265 0
23 27 23 -0.549342056733905 0
23 27 24 -0.22754493028111372 0
23 27 25 1.0000000000000002 0
23 27 26 -0.549342056733905 0
23 27 27 0.03904053793775842 0
24 20 24 1. 0
24 21 26 1. 0
24 22 20 0.643594252905583 0
24 22 23 -0.7071067811865476 0
24 22 26 -0.2928932188134526 0
24 23 20 -0.7071067811865478 0
24 23 23 0.22754493028111372 0
24 23 24 -0.549342056733905 0
24 23 26 -0.22754493028111372 0
24 23 27 0.549342056733905 0
24 24 20 0.29289321881345265 0
24 24 23 0.22754493028111372 0
24 24 24 0.549342056733905 0
24 24 25 -1.0000000000000002 0
24 24 26 -0.03904053793775842 0
24 24 27 0.549342056733905 0
24 25 21 0.643594252905583 0
24 25 24 -0.2928932188134526 0
24 25 27 -0.7071067811865476 0
24 26 21 0.29289321881345265 0
24 26 22 -1.0000000000000002 0
24 26 23 0.549342056733905 0
24 26 24 -0.03904053793775842 0
24 26 26 0.549342056733905 0
24 26 27 0.22754493028111372 0
24 27 21 -0.7071067811865478 0
24 27 23 0.549342056733905 0
24 27 24 -0.22754493028111372 0
24 27 26 -0.549342056733905 0
24 27 27 0.22754493028111372 0
25 20 25 1. 0
25 21 22 1. 0
25 22 21 0.41421356237309537 0
25 22 24 -0.6435942529055828 0
25 22 27 0.6435942529055828 0
25 23 21 0.643594252905583 0
25 23 24 0.7071067811865477 0
25 23 27 0.2928932188134526 0
25 24 21 0.643594252905583 0
25 24 24 -0.2928932188134526 0
25 24 27 -0.7071067811865476 0
25 25 20 0.41421356237309537 0
25 25 23 0.6435942529055828 0
25 25 26 -0.6435942529055828 0
25 26 20 0.643594252905583 0
25 26 23 -0.7071067811865476 0
25 26 26 -0.2928932188134526 0
25 27 20 0.643594252905583 0
25 27 23 0.2928932188134526 0
25 27 26 0.7071067811865477 0
26 20 26 1. 0
26 21 24 1. 0
26 22 21 0.643594252905583 0
26 22 24 -0.2928932188134526 0
26 22 27 -0.7071067811865476 0
26 23 21 -0.7071067811865478 0
26 23 23 0.549342056733905 0
26 23 24 -0.22754493028111372 0
26 23 26 -0.549342056733905 0
26 23 27 0.22754493028111372 0
26 24 21 0.29289321881345265 0
26 24 22 -1.0000000000000002 0
26 24 23 0.549342056733905 0
26 24 24 -0.03904053793775842 0
26 24 26 0.549342056733905 0
26 24 27 0.22754493028111372 0
26 25 20 0.643594252905583 0
26 25 23 -0.7071067811865476 0
26 25 26 -0.2928932188134526 0
26 26 20 0.29289321881345265 0
26 26 23 0.22754493028111372 0
26 26 24 0.549342056733905 0
26 26 25 -1.0000000000000002 0
26 26 26 -0.03904053793775842 0
26 26 27 0.549342056733905 0
26 27 20 -0.7071067811865478 0
26 27 23 0.22754493028111372 0
26 27 24 -0.549342056733905 0
26 27 26 -0.22754493028111372 0
26 27 27 0.549342056733905 0
27 20 27 1. 0
27 21 23 1. 0
27 22 21 0.643594252905583 0
27 22 24 0.7071067811865477 0
27 22 27 0.2928932188134526 0
27 23 21 0.29289321881345265 0
27 23 23 -0.549342056733905 0
27 23 24 -0.22754493028111372 0
27 23 25 1.0000000000000002 0
27 23 26 -0.549342056733905 0
27 23 27 0.03904053793775842 0
27 24 21 -0.7071067811865478 0
27 24 23 0.549342056733905 0
27 24 24 -0.22754493028111372 0
27 24 26 -0.549342056733905 0
27 24 27 0.22754493028111372 0
27 25 20 0.643594252905583 0
27 25 23 0.2928932188134526 0
27 25 26 0.7071067811865477 0
27 26 20 -0.7071067811865478 0
27 26 23 0.22754493028111372 0
27 26 24 -0.549342056733905 0
27 26 26 -0.22754493028111372 0
27 26 27 0.549342056733905 0
27 27 20 0.29289321881345265 0
27 27 22 1.0000000000000002 0
27 27 23 0.03904053793775842 0
27 27 24 -0.549342056733905 0
27 27 26 -0.22754493028111372 0
27 27 27 -0.549342056733905 0
28 20 28 1. 0
28 21 31 1. 0
28 22 28 -0.7071067811865476 0
28 22 30 0.7071067811865477 0
28 23 28 -0.0942521961716777 0
28 23 29 -0.549342056733905 0
28 23 30 -0.22754493028111372 0
28 23 31 0.22754493028111372 0
28 24 28 -0.549342056733905 0
28 24 29 -0.549342056733905 0
28 24 30 -0.22754493028111372 0
28 24 31 -0.22754493028111372 0
28 25 29 -0.7071067811865476 0
28 25 31 -0.7071067811865476 0
28 26 28 -0.22754493028111372 0
28 26 29 0.22754493028111372 0
28 26 30 0.549342056733905 0
28 26 31 -0.549342056733905 0
28 27 28 0.22754493028111372 0
28 27 29 0.22754493028111372 0
28 27 30 0.549342056733905 0
28 27 31 -0.0942521961716777 0
29 20 29 1. 0
29 21 30 -1. 0
29 22 28 -0.7071067811865476 0
29 22 30 -0.7071067811865476 0
29 23 28 0.22754493028111372 0
29 23 29 0.22754493028111372 0
29 23 30 -0.549342056733905 0
29 23 31 -0.549342056733905 0
29 24 28 0.22754493028111372 0
29 24 29 -0.22754493028111372 0
29 24 30 -0.0942521961716777 0
29 24 31 -0.549342056733905 0
29 25 29 0.7071067811865477 0
29 25 31 -0.7071067811865476 0
29 26 28 -0.549342056733905 0
29 26 29 0.0942521961716777 0
29 26 30 0.22754493028111372 0
29 26 31 0.22754493028111372 0
29 27 28 -0.549342056733905 0
29 27 29 0.549342056733905 0
29 27 30 -0.22754493028111372 0
29 27 31 0.22754493028111372 0
30 20 30 1. 0
30 21 29 -1. 0
30 22 29 -0.7071067811865476 0
30 22 31 0.7071067811865477 0
30 23 28 0.549342056733905 0
30 23 29 -0.549342056733905 0
30 23 30 0.22754493028111372 0
30 23 31 -0.22754493028111372 0
30 24 28 0.549342056733905 0
30 24 29 -0.0942521961716777 0
30 24 30 -0.22754493028111372 0
30 24 31 -0.22754493028111372 0
30 25 28 0.7071067811865477 0
30 25 30 0.7071067811865477 0
30 26 28 -0.22754493028111372 0
30 26 29 0.22754493028111372 0
30 26 30 0.0942521961716777 0
30 26 31 0.549342056733905 0
30 27 28 -0.22754493028111372 0
30 27 29 -0.22754493028111372 0
30 27 30 0.549342056733905 0
30 27 31 0.549342056733905 0
31 20 31 1. 0
31 21 28 1. 0
31 22 29 -0.7071067811865476 0
31 22 31 -0.7071067811865476 0
31 23 28 0.22754493028111372 0
31 23 29 0.22754493028111372 0
31 23 30 0.549342056733905 0
31 23 31 -0.0942521961716777 0
31 24 28 -0.22754493028111372 0
31 24 29 0.22754493028111372 0
31 24 30 0.549342056733905 0
31 24 31 -0.549342056733905 0
31 25 28 -0.7071067811865476 0
31 25 30 0.7071067811865477 0
31 26 28 -0.549342056733905 0
31 26 29 -0.549342056733905 0
31 26 30 -0.22754493028111372 0
31 26 31 -0.22754493028111372 0
31 27 28 -0.0942521961716777 0
31 27 29 -0.549342056733905 0
31 27 30 -0.22754493028111372 0
31 27 31 0.22754493028111372 0
32 28 16 -0.3217971264527914 0
32 28 17 -0.3217971264527914 0
32 29 16 0.7768869870150187 0
32 29 17 0.7768869870150187 0
32 30 16 -0.7768869870150187 0
32 30 17 -0.7768869870150187 0
32 31 16 -0.3217971264527914 0
32 31 17 -0.3217971264527914 0
33 28 16 0.3217971264527914 0
33 28 17 0.3217971264527914 0
33 29 16 -0.7768869870150187 0
33 29 17 -0.7768869870150187 0
33 30 16 0.7768869870150187 0
33 30 17 0.7768869870150187 0
33 31 16 0.3217971264527914 0
33 31 17 0.3217971264527914 0
34 28 18 -0.7768869870150187 0
34 28 19 0.7768869870150187 0
34 29 18 -0.3217971264527914 0
34 29 19 0.3217971264527914 0
34 30 18 0.3217971264527914 0
34 30 19 -0.3217971264527914 0
34 31 18 -0.7768869870150187 0
34 31 19 0.7768869870150187 0
35 28 18 0.7768869870150187 0
35 28 19 -0.7768869870150187 0
35 29 18 0.3217971264527914 0
35 29 19 -0.3217971264527914 0
35 30 18 -0.3217971264527914 0
35 30 19 0.3217971264527914 0
35 31 18 0.7768869870150187 0
35 31 19 -0.7768869870150187 0
36 28 20 -0.7071067811865478 0
36 28 22 1.0000000000000002 0
36 28 23 -0.0942521961716777 0
36 28 24 0.22754493028111372 0
36 28 26 0.549342056733905 0
36 28 27 0.22754493028111372 0
36 29 20 -0.7071067811865478 0
36 29 23 0.22754493028111372 0
36 29 24 0.549342056733905 0
36 29 26 -0.22754493028111372 0
36 29 27 -0.549342056733905 0
36 30 21 0.7071067811865478 0
36 30 23 0.549342056733905 0
36 30 24 0.22754493028111372 0
36 30 26 -0.549342056733905 0
36 30 27 -0.22754493028111372 0
36 31 21 -0.7071067811865478 0
36 31 23 0.22754493028111372 0
36 31 24 0.549342056733905 0
36 31 25 1.0000000000000002 0
36 31 26 0.22754493028111372 0
36 31 27 -0.0942521961716777 0
37 28 20 -0.7071067811865478 0
37 28 23 0.22754493028111372 0
37 28 24 0.549342056733905 0
37 28 26 -0.22754493028111372 0
37 28 27 -0.549342056733905 0
37 29 20 0.7071067811865478 0
37 29 23 0.549342056733905 0
37 29 24 0.22754493028111372 0
37 29 25 1.0000000000000002 0
37 29 26 -0.0942521961716777 0
37 29 27 0.22754493028111372 0
37 30 21 -0.7071067811865478 0
37 30 22 -1.0000000000000002 0
37 30 23 -0.22754493028111372 0
37 30 24 0.0942521961716777 0
37 30 26 -0.22754493028111372 0
37 30 27 -0.549342056733905 0
37 31 21 -0.7071067811865478 0
37 31 23 -0.549342056733905 0
37 31 24 -0.22754493028111372 0
37 31 26 0.549342056733905 0
37 31 27 0.22754493028111372 0
38 28 21 -0.7071067811865478 0
38 28 23 -0.549342056733905 0
38 28 24 -0.22754493028111372 0
38 28 26 0.549342056733905 0
38 28 27 0.22754493028111372 0
38 29 21 0.7071067811865478 0
38 29 22 1.0000000000000002 0
38 29 23 0.22754493028111372 0
38 29 24 -0.0942521961716777 0
38 29 26 0.22754493028111372 0
38 29 27 0.549342056733905 0
38 30 20 -0.7071067811865478 0
38 30 23 -0.549342056733905 0
38 30 24 -0.22754493028111372 0
38 30 25 -1.0000000000000002 0
38 30 26 0.0942521961716777 0
38 30 27 -0.22754493028111372 0
38 31 20 -0.7071067811865478 0
38 31 23 0.22754493028111372 0
38 31 24 0.549342056733905 0
38 31 26 -0.22754493028111372 0
38 31 27 -0.549342056733905 0
39 28 21 0.7071067811865478 0
39 28 23 -0.22754493028111372 0
39 28 24 -0.549342056733905 0
39 28 25 -1.0000000000000002 0
39 28 26 -0.22754493028111372 0
39 28 27 0.0942521961716777 0
39 29 21 0.7071067811865478 0
39 29 23 0.549342056733905 0
39 29 24 0.22754493028111372 0
39 29 26 -0.549342056733905 0
39 29 27 -0.22754493028111372 0
39 30 20 -0.7071067811865478 0
39 30 23 0.22754493028111372 0
39 30 24 0.549342056733905 0
39 30 26 -0.22754493028111372 0
39 30 27 -0.549342056733905 0
39 31 20 0.7071067811865478 0
39 31 22 -1.0000000000000002 0
39 31 23 0.0942521961716777 0
39 31 24 -0.22754493028111372 0
39 31 26 -0.549342056733905 0
39 31 27 -0.22754493028111372 0
40 28 28 1. 0
40 29 29 1. 0
40 30 30 1. 0
40 31 31 1. 0
41 28 31 -1. 0
41 29 30 1. 0
41 30 29 1. 0
41 31 28 -1. 0
42 28 29 0.7071067811865477 0
42 28 31 0.7071067811865477 0
42 29 29 -0.7071067811865476 0
42 29 31 0.7071067811865477 0
42 30 28 -0.7071067811865476 0
42 30 30 -0.7071067811865476 0
42 31 28 0.7071067811865477 0
42 31 30 -0.7071067811865476 0
43 28 28 0.22754493028111372 0
43 28 29 0.22754493028111372 0
43 28 30 0.549342056733905 0
43 28 31 -0.0942521961716777 0
43 29 28 -0.549342056733905 0
43 29 29 0.549342056733905 0
43 29 30 -0.22754493028111372 0
43 29 31 0.22754493028111372 0
43 30 28 -0.22754493028111372 0
43 30 29 -0.22754493028111372 0
43 30 30 0.549342056733905 0
43 30 31 0.549342056733905 0
43 31 28 -0.0942521961716777 0
43 31 29 -0.549342056733905 0
43 31 30 -0.22754493028111372 0
43 31 31 0.22754493028111372 0
44 28 28 0.22754493028111372 0
44 28 29 -0.22754493028111372 0
44 28 30 -0.549342056733905 0
44 28 31 0.549342056733905 0
44 29 28 0.549342056733905 0
44 29 29 -0.0942521961716777 0
44 29 30 -0.22754493028111372 0
44 29 31 -0.22754493028111372 0
44 30 28 0.22754493028111372 0
44 30 29 -0.22754493028111372 0
44 30 30 -0.0942521961716777 0
44 30 31 -0.549342056733905 0
44 31 28 0.549342056733905 0
44 31 29 0.549342056733905 0
44 31 30 0.22754493028111372 0
44 31 31 0.22754493028111372 0
45 28 28 -0.7071067811865476 0
45 28 30 0.7071067811865477 0
45 29 28 -0.7071067811865476 0
45 29 30 -0.7071067811865476 0
45 30 29 -0.7071067811865476 0
45 30 31 0.7071067811865477 0
45 31 29 -0.7071067811865476 0
45 31 31 -0.7071067811865476 0
46 28 28 -0.549342056733905 0
46 28 29 -0.549342056733905 0
46 28 30 -0.22754493028111372 0
46 28 31 -0.22754493028111372 0
46 29 28 0.22754493028111372 0
46 29 29 -0.22754493028111372 0
46 29 30 -0.0942521961716777 0
46 29 31 -0.549342056733905 0
46 30 28 0.549342056733905 0
46 30 29 -0.0942521961716777 0
46 30 30 -0.22754493028111372 0
46 30 31 -0.22754493028111372 0
46 31 28 -0.22754493028111372 0
46 31 29 0.22754493028111372 0
46 31 30 0.549342056733905 0
46 31 31 -0.549342056733905 0
47 28 28 0.0942521961716777 0
47 28 29 0.549342056733905 0
47 28 30 0.22754493028111372 0
47 28 31 -0.22754493028111372 0
47 29 28 -0.22754493028111372 0
47 29 29 -0.22754493028111372 0
47 29 30 0.549342056733905 0
47 29 31 0.549342056733905 0
47 30 28 -0.549342056733905 0
47 30 29 0.549342056733905 0
47 30 30 -0.22754493028111372 0
47 30 31 0.22754493028111372 0
47 31 28 -0.22754493028111372 0
47 31 29 -0.22754493028111372 0
47 31 30 -0.549342056733905 0
47 31 31 0.0942521961716777 0
0 32 32 1. 0
0 33 33 1. 0
1 32 33 -1. 0
1 33 32 -1. 0
2 32 32 -0.7071067811865476 0
2 32 33 -0.2928932188134526 0
2 33 32 -0.2928932188134526 0
2 33 33 -0.7071067811865476 0
3 32 32 0.2928932188134526 0
3 32 33 0.7071067811865477 0
3 33 32 0.7071067811865477 0
3 33 33 0.2928932188134526 0
4 32 36 -0.2071067811865476 0
4 32 37 0.5000000000000001 0
4 32 38 0.5000000000000001 0
4 32 39 0.2071067811865476 0
4 33 36 0.2071067811865476 0
4 33 37 -0.5000000000000001 0
4 33 38 -0.5000000000000001 0
4 33 39 -0.2071067811865476 0
5 32 36 -0.2071067811865476 0
5 32 37 0.5000000000000001 0
5 32 38 0.5000000000000001 0
5 32 39 0.2071067811865476 0
5 33 36 0.2071067811865476 0
5 33 37 -0.5000000000000001 0
5 33 38 -0.5000000000000001 0
5 33 39 -0.2071067811865476 0
6 32 40 0.643594252905583 0
6 32 43 0.5000000000000001 0
6 32 44 0.5000000000000001 0
6 32 45 0.6435942529055828 0
6 32 46 0.5000000000000001 0
6 32 47 -0.08578643762690501 0
6 33 41 0.643594252905583 0
6 33 42 0.6435942529055828 0
6 33 43 -0.08578643762690501 0
6 33 44 0.5000000000000001 0
6 33 46 0.5000000000000001 0
6 33 47 0.5000000000000001 0
7 32 41 -0.643594252905583 0
7 32 42 -0.6435942529055828 0
7 32 43 0.08578643762690501 0
7 32 44 -0.5000000000000001 0
7 32 46 -0.5000000000000001 0
7 32 47 -0.5000000000000001 0
7 33 40 -0.643594252905583 0
7 33 43 -0.5000000000000001 0
7 33 44 -0.5000000000000001 0
7 33 45 -0.6435942529055828 0
7 33 46 -0.5000000000000001 0
7 33 47 0.08578643762690501 0
8 34 34 1. 0
8 35 35 1. 0
9 34 35 1. 0
9 35 34 1. 0
10 34 34 0.2928932188134526 0
10 34 35 0.7071067811865477 0
10 35 34 0.7071067811865477 0
10 35 35 0.2928932188134526 0
11 34 34 0.7071067811865477 0
11 34 35 0.2928932188134526 0
11 35 34 0.2928932188134526 0
11 35 35 0.7071067811865477 0
12 34 36 -0.5000000000000001 0
12 34 37 -0.2071067811865476 0
12 34 38 -0.2071067811865476 0
12 34 39 0.5000000000000001 0
12 35 36 0.5000000000000001 0
12 35 37 0.2071067811865476 0
12 35 38 0.2071067811865476 0
12 35 39 -0.5000000000000001 0
13 34 36 -0.5000000000000001 0
13 34 37 -0.2071067811865476 0
13 34 38 -0.2071067811865476 0
13 34 39 0.5000000000000001 0
13 35 36 0.5000000000000001 0
13 35 37 0.2071067811865476 0
13 35 38 0.2071067811865476 0
13 35 39 -0.5000000000000001 0
14 34 40 0.643594252905583 0
14 34 42 0.6435942529055828 0
14 34 43 -0.5000000000000001 0
14 34 44 0.08578643762690501 0
14 34 46 -0.5000000000000001 0
14 34 47 -0.5000000000000001 0
14 35 41 0.643594252905583 0
14 35 43 -0.5000000000000001 0
14 35 44 -0.5000000000000001 0
14 35 45 0.6435942529055828 0
14 35 46 0.08578643762690501 0
14 35 47 -0.5000000000000001 0
15 34 41 0.643594252905583 0
15 34 43 -0.5000000000000001 0
15 34 44 -0.5000000000000001 0
15 34 45 0.6435942529055828 0
15 34 46 0.08578643762690501 0
15 34 47 -0.5000000000000001 0
15 35 40 0.643594252905583 0
15 35 42 0.6435942529055828 0
15 35 43 -0.5000000000000001 0
15 35 44 0.08578643762690501 0
15 35 46 -0.5000000000000001 0
15 35 47 -0.5000000000000001 0
16 36 32 -0.3217971264527914 0
16 36 33 0.3217971264527914 0
16 37 32 0.7768869870150187 0
16 37 33 -0.7768869870150187 0
16 38 32 0.7768869870150187 0
16 38 33 -0.7768869870150187 0
16 39 32 0.3217971264527914 0
16 39 33 -0.3217971264527914 0
17 36 32 -0.3217971264527914 0
17 36 33 0.3217971264527914 0
17 37 32 0.7768869870150187 0
17 37 33 -0.7768869870150187 0
17 38 32 0.7768869870150187 0
17 38 33 -0.7768869870150187 0
17 39 32 0.3217971264527914 0
17 39 33 -0.3217971264527914 0
18 36 34 0.7768869870150187 0
18 36 35 -0.7768869870150187 0
18 37 34 0.3217971264527914 0
18 37 35 -0.3217971264527914 0
18 38 34 0.3217971264527914 0
18 38 35 -0.3217971264527914 0
18 39 34 -0.7768869870150187 0
18 39 35 0.7768869870150187 0
19 36 34 -0.7768869870150187 0
19 36 35 0.7768869870150187 0
19 37 34 -0.3217971264527914 0
19 37 35 0.3217971264527914 0
19 38 34 -0.3217971264527914 0
19 38 35 0.3217971264527914 0
19 39 34 0.7768869870150187 0
19 39 35 -0.7768869870150187 0
20 36 36 1. 0
20 37 37 1. 0
20 38 38 1. 0
20 39 39 1. 0
21 36 39 -1. 0
21 37 38 1. 0
21 38 37 1. 0
21 39 36 -1. 0
22 36 36 -0.7071067811865476 0
22 36 38 -0.7071067811865476 0
22 37 36 -0.7071067811865476 0
22 37 38 0.7071067811865477 0
22 38 37 0.7071067811865477 0
22 38 39 0.7071067811865477 0
22 39 37 0.7071067811865477 0
22 39 39 -0.7071067811865476 0
23 36 36 -0.0942521961716777 0
23 36 37 -0.549342056733905 0
23 36 38 0.22754493028111372 0
23 36 39 -0.22754493028111372 0
23 37 36 0.22754493028111372 0
23 37 37 0.22754493028111372 0
23 37 38 0.549342056733905 0
23 37 39 0.549342056733905 0
23 38 36 -0.549342056733905 0
23 38 37 0.549342056733905 0
23 38 38 0.22754493028111372 0
23 38 39 -0.22754493028111372 0
23 39 36 -0.22754493028111372 0
23 39 37 -0.22754493028111372 0
23 39 38 0.549342056733905 0
23 39 39 -0.0942521961716777 0
24 36 36 -0.549342056733905 0
24 36 37 -0.549342056733905 0
24 36 38 0.22754493028111372 0
24 36 39 0.22754493028111372 0
24 37 36 0.22754493028111372 0
24 37 37 -0.22754493028111372 0
24 37 38 0.0942521961716777 0
24 37 39 0.549342056733905 0
24 38 36 -0.549342056733905 0
24 38 37 0.0942521961716777 0
24 38 38 -0.22754493028111372 0
24 38 39 -0.22754493028111372 0
24 39 36 0.22754493028111372 0
24 39 37 -0.22754493028111372 0
24 39 38 0.549342056733905 0
24 39 39 -0.549342056733905 0
25 36 37 -0.7071067811865476 0
25 36 39 0.7071067811865477 0
25 37 37 0.7071067811865477 0
25 37 39 0.7071067811865477 0
25 38 36 -0.7071067811865476 0
25 38 38 0.7071067811865477 0
25 39 36 0.7071067811865477 0
25 39 38 0.7071067811865477 0
26 36 36 -0.22754493028111372 0
26 36 37 0.22754493028111372 0
26 36 38 -0.549342056733905 0
26 36 39 0.549342056733905 0
26 37 36 -0.549342056733905 0
26 37 37 0.0942521961716777 0
26 37 38 -0.22754493028111372 0
26 37 39 -0.22754493028111372 0
26 38 36 0.22754493028111372 0
26 38 37 -0.22754493028111372 0
26 38 38 0.0942521961716777 0
26 38 39 0.549342056733905 0
26 39 36 0.549342056733905 0
26 39 37 0.549342056733905 0
26 39 38 -0.22754493028111372 0
26 39 39 -0.22754493028111372 0
27 36 36 0.22754493028111372 0
27 36 37 0.22754493028111372 0
27 36 38 -0.549342056733905 0
27 36 39 0.0942521961716777 0
27 37 36 -0.549342056733905 0
27 37 37 0.549342056733905 0
27 37 38 0.22754493028111372 0
27 37 39 -0.22754493028111372 0
27 38 36 0.22754493028111372 0
27 38 37 0.22754493028111372 0
27 38 38 0.549342056733905 0
27 38 39 0.549342056733905 0
27 39 36 0.0942521961716777 0
27 39 37 0.549342056733905 0
27 39 38 -0.22754493028111372 0
27 39 39 0.22754493028111372 0
28 36 40 -0.7071067811865478 0
28 36 43 0.22754493028111372 0
28 36 44 -0.549342056733905 0
28 36 45 1.0000000000000002 0
28 36 46 0.22754493028111372 0
28 36 47 0.0942521961716777 0
28 37 40 -0.7071067811865478 0
28 37 43 -0.549342056733905 0
28 37 44 0.22754493028111372 0
28 37 46 0.549342056733905 0
28 37 47 -0.22754493028111372 0
28 38 41 0.7071067811865478 0
28 38 43 0.22754493028111372 0
28 38 44 -0.549342056733905 0
28 38 46 -0.22754493028111372 0
28 38 47 0.549342056733905 0
28 39 41 -0.7071067811865478 0
28 39 42 1.0000000000000002 0
28 39 43 0.0942521961716777 0
28 39 44 0.22754493028111372 0
28 39 46 -0.549342056733905 0
28 39 47 0.22754493028111372 0
29 36 40 -0.7071067811865478 0
29 36 43 -0.549342056733905 0
29 36 44 0.22754493028111372 0
29 36 46 0.549342056733905 0
29 36 47 -0.22754493028111372 0
29 37 40 0.7071067811865478 0
29 37 42 -1.0000000000000002 0
29 37 43 0.22754493028111372 0
29 37 44 0.0942521961716777 0
29 37 46 0.22754493028111372 0
29 37 47 -0.549342056733905 0
29 38 41 -0.7071067811865478 0
29 38 43 0.549342056733905 0
29 38 44 -0.22754493028111372 0
29 38 45 1.0000000000000002 0
29 38 46 -0.0942521961716777 0
29 38 47 -0.22754493028111372 0
29 39 41 -0.7071067811865478 0
29 39 43 -0.22754493028111372 0
29 39 44 0.549342056733905 0
29 39 46 0.22754493028111372 0
29 39 47 -0.549342056733905 0
30 36 41 -0.7071067811865478 0
30 36 43 -0.22754493028111372 0
30 36 44 0.549342056733905 0
30 36 46 0.22754493028111372 0
30 36 47 -0.549342056733905 0
30 37 41 0.7071067811865478 0
30 37 43 -0.549342056733905 0
30 37 44 0.22754493028111372 0
30 37 45 -1.0000000000000002 0
30 37 46 0.0942521961716777 0
30 37 47 0.22754493028111372 0
30 38 40 -0.7071067811865478 0
30 38 42 1.0000000000000002 0
30 38 43 -0.22754493028111372 0
30 38 44 -0.0942521961716777 0
30 38 46 -0.22754493028111372 0
30 38 47 0.549342056733905 0
30 39 40 -0.7071067811865478 0
30 39 43 -0.549342056733905 0
30 39 44 0.22754493028111372 0
30 39 46 0.549342056733905 0
30 39 47 -0.22754493028111372 0
31 36 41 0.7071067811865478 0
31 36 42 -1.0000000000000002 0
31 36 43 -0.0942521961716777 0
31 36 44 -0.22754493028111372 0
31 36 46 0.549342056733905 0
31 36 47 -0.22754493028111372 0
31 37 41 0.7071067811865478 0
31 37 43 0.22754493028111372 0
31 37 44 -0.549342056733905 0
31 37 46 -0.22754493028111372 0
31 37 47 0.549342056733905 0
31 38 40 -0.7071067811865478 0
31 38 43 -0.549342056733905 0
31 38 44 0.22754493028111372 0
31 38 46 0.549342056733905 0
31 38 47 -0.22754493028111372 0
31 39 40 0.7071067811865478 0
31 39 43 -0.22754493028111372 0
31 39 44 0.549342056733905 0
31 39 45 -1.0000000000000002 0
31 39 46 -0.22754493028111372 0
31 39 47 -0.0942521961716777 0
32 40 32 1. 0
32 41 33 1. 0
32 42 33 1.0000000000000002 0
32 43 32 0.7768869870150187 0
32 43 33 -0.1332927341094361 0
32 44 32 0.7768869870150187 0
32 44 33 0.7768869870150187 0
32 45 32 1.0000000000000002 0
32 46 32 0.7768869870150187 0
32 46 33 0.7768869870150187 0
32 47 32 -0.1332927341094361 0
32 47 33 0.7768869870150187 0
33 40 33 1. 0
33 41 32 1. 0
33 42 32 1.0000000000000002 0
33 43 32 -0.1332927341094361 0
33 43 33 0.7768869870150187 0
33 44 32 0.7768869870150187 0
33 44 33 0.7768869870150187 0
33 45 33 1.0000000000000002 0
33 46 32 0.7768869870150187 0
33 46 33 0.7768869870150187 0
33 47 32 0.7768869870150187 0
33 47 33 -0.1332927341094361 0
34 40 34 1. 0
34 41 35 1. 0
34 42 34 1.0000000000000002 0
34 43 34 -0.7768869870150187 0
34 43 35 -0.7768869870150187 0
34 44 34 0.1332927341094361 0
34 44 35 -0.7768869870150187 0
34 45 35 1.0000000000000002 0
34 46 34 -0.7768869870150187 0
34 46 35 0.1332927341094361 0
34 47 34 -0.7768869870150187 0
34 47 35 -0.7768869870150187 0
35 40 35 1. 0
35 41 34 1. 0
35 42 35 1.0000000000000002 0
35 43 34 -0.7768869870150187 0
35 43 35 -0.7768869870150187 0
35 44 34 -0.7768869870150187 0
35 44 35 0.1332927341094361 0
35 45 34 1.0000000000000002 0
35 46 34 0.1332927341094361 0
35 46 35 -0.7768869870150187 0
35 47 34 -0.7768869870150187 0
35 47 35 -0.7768869870150187 0
36 40 36 1. 0
36 41 39 1. 0
36 42 37 0.7071067811865477 0
36 42 39 -0.7071067811865476 0
36 43 36 0.22754493028111372 0
36 43 37 0.22754493028111372 0
36 43 38 -0.549342056733905 0
36 43 39 0.0942521961716777 0
36 44 36 0.22754493028111372 0
36 44 37 -0.22754493028111372 0
36 44 38 0.549342056733905 0
36 44 39 -0.549342056733905 0
36 45 36 -0.7071067811865476 0
36 45 38 -0.7071067811865476 0
36 46 36 -0.549342056733905 0
36 46 37 -0.549342056733905 0
36 46 38 0.22754493028111372 0
36 46 39 0.22754493028111372 0
36 47 36 0.0942521961716777 0
36 47 37 0.549342056733905 0
36 47 38 -0.22754493028111372 0
36 47 39 0.22754493028111372 0
37 40 37 1. 0
37 41 38 -1. 0
37 42 37 -0.7071067811865476 0
37 42 39 -0.7071067811865476 0
37 43 36 -0.549342056733905 0
37 43 37 0.549342056733905 0
37 43 38 0.22754493028111372 0
37 43 39 -0.22754493028111372 0
37 44 36 0.549342056733905 0
37 44 37 -0.0942521961716777 0
37 44 38 0.22754493028111372 0
37 44 39 0.22754493028111372 0
37 45 36 -0.7071067811865476 0
37 45 38 0.7071067811865477 0
37 46 36 0.22754493028111372 0
37 46 37 -0.22754493028111372 0
37 46 38 0.0942521961716777 0
37 46 39 0.549342056733905 0
37 47 36 -0.22754493028111372 0
37 47 37 -0.22754493028111372 0
37 47 38 -0.549342056733905 0
37 47 39 -0.549342056733905 0
38 40 38 1. 0
38 41 37 -1. 0
38 42 36 0.7071067811865477 0
38 42 38 -0.7071067811865476 0
38 43 36 0.22754493028111372 0
38 43 37 0.22754493028111372 0
38 43 38 0.549342056733905 0
38 43 39 0.549342056733905 0
38 44 36 -0.22754493028111372 0
38 44 37 0.22754493028111372 0
38 44 38 -0.0942521961716777 0
38 44 39 -0.549342056733905 0
38 45 37 0.7071067811865477 0
38 45 39 0.7071067811865477 0
38 46 36 -0.549342056733905 0
38 46 37 0.0942521961716777 0
38 46 38 -0.22754493028111372 0
38 46 39 -0.22754493028111372 0
38 47 36 0.549342056733905 0
38 47 37 -0.549342056733905 0
38 47 38 -0.22754493028111372 0
38 47 39 0.22754493028111372 0
39 40 39 1. 0
39 41 36 1. 0
39 42 36 -0.7071067811865476 0
39 42 38 -0.7071067811865476 0
39 43 36 0.0942521961716777 0
39 43 37 0.549342056733905 0
39 43 38 -0.22754493028111372 0
39 43 39 0.22754493028111372 0
39 44 36 -0.549342056733905 0
39 44 37 -0.549342056733905 0
39 44 38 0.22754493028111372 0
39 44 39 0.22754493028111372 0
39 45 37 0.7071067811865477 0
39 45 39 -0.7071067811865476 0
39 46 36 0.22754493028111372 0
39 46 37 -0.22754493028111372 0
39 46 38 0.549342056733905 0
39 46 39 -0.549342056733905 0
39 47 36 0.22754493028111372 0
39 47 37 0.22754493028111372 0
39 47 38 -0.549342056733905 0
39 47 39 0.0942521961716777 0
40 40 40 1. 0
40 41 41 1. 0
40 42 42 1. 0
40 43 43 1. 0
40 44 44 1. 0
40 45 45 1. 0
40 46 46 1. 0
40 47 47 1. 0
41 40 41 1. 0
41 41 40 1. 0
41 42 45 1. 0
41 43 47 1. 0
41 44 46 1. 0
41 45 42 1. 0
41 46 44 1. 0
41 47 43 1. 0
42 40 42 1. 0
42 41 45 1. 0
42 42 40 0.41421356237309537 0
42 42 44 0.6435942529055828 0
42 42 47 -0.6435942529055828 0
42 43 40 -0.643594252905583 0
42 43 44 0.7071067811865477 0
42 43 47 0.2928932188134526 0
42 44 40 0.643594252905583 0
42 44 44 0.2928932188134526 0
42 44 47 0.7071067811865477 0
42 45 41 0.41421356237309537 0
42 45 43 -0.6435942529055828 0
42 45 46 0.6435942529055828 0
42 46 41 0.643594252905583 0
42 46 43 0.7071067811865477 0
42 46 46 0.2928932188134526 0
42 47 41 -0.643594252905583 0
42 47 43 0.2928932188134526 0
42 47 46 0.7071067811865477 0
43 40 43 1. 0
43 41 47 1. 0
43 42 40 -0.643594252905583 0
43 42 44 0.7071067811865477 0
43 42 47 0.2928932188134526 0
43 43 40 0.29289321881345265 0
43 43 43 -0.549342056733905 0
43 43 44 0.22754493028111372 0
43 43 45 1.0000000000000002 0
43 43 46 -0.549342056733905 0
43 43 47 -0.03904053793775842 0
43 44 40 0.7071067811865478 0
43 44 43 -0.549342056733905 0
43 44 44 -0.22754493028111372 0
43 44 46 0.549342056733905 0
43 44 47 0.22754493028111372 0
43 45 41 -0.643594252905583 0
43 45 43 0.2928932188134526 0
43 45 46 0.7071067811865477 0
43 46 41 0.7071067811865478 0
43 46 43 0.22754493028111372 0
43 46 44 0.549342056733905 0
43 46 46 -0.22754493028111372 0
43 46 47 -0.549342056733905 0
43 47 41 0.29289321881345265 0
43 47 42 1.0000000000000002 0
43 47 43 -0.03904053793775842 0
43 47 44 -0.549342056733905 0
43 47 46 0.22754493028111372 0
43 47 47 -0.549342056733905 0
44 40 44 1. 0
44 41 46 1. 0
44 42 40 0.643594252905583 0
44 42 44 0.2928932188134526 0
44 42 47 0.7071067811865477 0
44 43 40 0.7071067811865478 0
44 43 43 -0.549342056733905 0
44 43 44 -0.22754493028111372 0
44 43 46 0.549342056733905 0
44 43 47 0.22754493028111372 0
44 44 40 0.29289321881345265 0
44 44 42 1.0000000000000002 0
44 44 43 0.549342056733905 0
44 44 44 0.03904053793775842 0
44 44 46 0.549342056733905 0
44 44 47 -0.22754493028111372 0
44 45 41 0.643594252905583 0
44 45 43 0.7071067811865477 0
44 45 46 0.2928932188134526 0
44 46 41 0.29289321881345265 0
44 46 43 -0.22754493028111372 0
44 46 44 0.549342056733905 0
44 46 45 1.0000000000000002 0
44 46 46 0.03904053793775842 0
44 46 47 0.549342056733905 0
44 47 41 0.7071067811865478 0
44 47 43 0.22754493028111372 0
44 47 44 0.549342056733905 0
44 47 46 -0.22754493028111372 0
44 47 47 -0.549342056733905 0
45 40 45 1. 0
45 41 42 1. 0
45 42 41 0.41421356237309537 0
45 42 43 -0.6435942529055828 0
45 42 46 0.6435942529055828 0
45 43 41 -0.643594252905583 0
45 43 43 0.2928932188134526 0
45 43 46 0.7071067811865477 0
45 44 41 0.643594252905583 0
45 44 43 0.7071067811865477 0
45 44 46 0.2928932188134526 0
45 45 40 0.41421356237309537 0
45 45 44 0.6435942529055828 0
45 45 47 -0.6435942529055828 0
45 46 40 0.643594252905583 0
45 46 44 0.2928932188134526 0
45 46 47 0.7071067811865477 0
45 47 40 -0.643594252905583 0
45 47 44 0.7071067811865477 0
45 47 47 0.2928932188134526 0
46 40 46 1. 0
46 41 44 1. 0
46 42 41 0.643594252905583 0
46 42 43 0.7071067811865477 0
46 42 46 0.2928932188134526 0
46 43 41 0.7071067811865478 0
46 43 43 0.22754493028111372 0
46 43 44 0.549342056733905 0
46 43 46 -0.22754493028111372 0
46 43 47 -0.549342056733905 0
46 44 41 0.29289321881345265 0
46 44 43 -0.22754493028111372 0
46 44 44 0.549342056733905 0
46 44 45 1.0000000000000002 0
46 44 46 0.03904053793775842 0
46 44 47 0.549342056733905 0
46 45 40 0.643594252905583 0
46 45 44 0.2928932188134526 0
46 45 47 0.7071067811865477 0
46 46 40 0.29289321881345265 0
46 46 42 1.0000000000000002 0
46 46 43 0.549342056733905 0
46 46 44 0.03904053793775842 0
46 46 46 0.549342056733905 0
46 46 47 -0.22754493028111372 0
46 47 40 0.7071067811865478 0
46 47 43 -0.549342056733905 0
46 47 44 -0.22754493028111372 0
46 47 46 0.549342056733905 0
46 47 47 0.22754493028111372 0
47 40 47 1. 0
47 41 43 1. 0
47 42 41 -0.643594252905583 0
47 42 43 0.2928932188134526 0
47 42 46 0.7071067811865477 0
47 43 41 0.29289321881345265 0
47 43 42 1.0000000000000002 0
47 43 43 -0.03904053793775842 0
47 43 44 -0.549342056733905 0
47 43 46 0.22754493028111372 0
47 43 47 -0.549342056733905 0
47 44 41 0.7071067811865478 0
47 44 43 0.22754493028111372 0
47 44 44 0.549342056733905 0
47 44 46 -0.22754493028111372 0
47 44 47 -0.549342056733905 0
47 45 40 -0.643594252905583 0
47 45 44 0.7071067811865477 0
47 45 47 0.2928932188134526 0
47 46 40 0.7071067811865478 0
47 46 43 -0.549342056733905 0
47 46 44 -0.22754493028111372 0
47 46 46 0.549342056733905 0
47 46 47 0.22754493028111372 0
47 47 40 0.29289321881345265 0
47 47 43 -0.549342056733905 0
47 47 44 0.22754493028111372 0
47 47 45 1.0000000000000002 0
47 47 46 -0.549342056733905 0
47 47 47 -0.03904053793775842 0