1 0 0 0 0 0 0 0 1 0 0 0 0 0 0 0 0 0 0 0 1 0 0 0 0 0 0 0 0 0 0 0 0 0 0 0 0 0 0 0 1 0 0 0 0 0 0 0
0 0 0 1. 0
0 1 1 1. 0
0 2 2 1. 0
0 3 3 1. 0
1 0 1 1. 0
1 1 0 1. 0
1 2 3 1. 0
1 3 2 1. 0
2 0 2 1. 0
2 1 3 1. 0
2 2 1 1.0000000000000004 0
2 2 2 1.0000000000000002 0
2 2 3 0.9999999999999997 -1.1102230246251565e-16
2 3 0 1.0000000000000004 0
2 3 2 1. -1.3401577416544657e-16
2 3 3 1.0000000000000002 0
3 0 3 1. 0
3 1 2 1. 0
3 2 0 1.0000000000000004 0
3 2 2 0.9999999999999997 -1.1102230246251565e-16
3 2 3 1.0000000000000002 0
3 3 1 1.0000000000000004 0
3 3 2 1.0000000000000002 0
3 3 3 1. 0.
4 0 4 1. 0
4 1 5 0. 1.
4 2 4 -0.20710678118654763 -0.5000000000000001
4 2 5 -0.49999999999999994 -0.20710678118654732
4 3 4 -0.2071067811865474 0.5
4 3 5 0.5000000000000001 -0.20710678118654766
5 0 5 1. 0
5 1 4 0. -1.
5 2 4 0.4999999999999999 0.2071067811865473
5 2 5 -0.20710678118654754 -0.5000000000000001
5 3 4 -0.5000000000000001 0.20710678118654754
5 3 5 -0.20710678118654746 0.5
6 0 6 1. 0
6 1 7 0. -1.
6 2 6 -0.20710678118654754 0.5000000000000001
6 2 7 -0.4999999999999999 0.20710678118654754
6 3 6 -0.20710678118654766 -0.49999999999999994
6 3 7 0.5000000000000001 0.20710678118654754
7 0 7 1. 0
7 1 6 0. 1.
7 2 6 0.4999999999999999 -0.20710678118654754
7 2 7 -0.20710678118654757 0.5000000000000001
7 3 6 -0.5000000000000001 -0.2071067811865476
7 3 7 -0.20710678118654757 -0.5
16 4 1 -1.09868411346781 1.09868411346781
16 4 2 0.7768869870150187 0.32179712645279135
16 4 3 -0.32179712645279135 -0.7768869870150187
16 5 0 1.09868411346781 1.09868411346781
16 5 2 -0.7768869870150187 0.32179712645279135
16 5 3 0.32179712645279135 -0.7768869870150187
17 4 0 -1.09868411346781 1.09868411346781
17 4 2 -0.3217971264527911 -0.7768869870150185
17 4 3 0.7768869870150187 0.32179712645279135
17 5 1 1.09868411346781 1.09868411346781
17 5 2 0.32179712645279135 -0.7768869870150187
17 5 3 -0.7768869870150188 0.32179712645279124
20 4 4 1. 0
20 5 5 1. 0
21 4 5 0. -1.
21 5 4 0. 1.
22 4 5 -7.850462293418875e-17 -0.9999999999999998
22 5 4 7.850462293418875e-17 0.9999999999999998
23 4 4 0. -0.45508986056222744
23 4 5 1.1102230246251565e-16 0.4550898605622274
23 5 4 -1.3877787807814457e-16 -0.45508986056222733
23 5 5 0. -0.45508986056222744
24 4 4 -0.7768869870150188 -0.7768869870150187
24 4 5 -0.32179712645279124 0.32179712645279146
24 5 4 0.3217971264527913 -0.32179712645279146
24 5 5 -0.7768869870150188 -0.7768869870150187
25 4 4 0.9999999999999993 0
25 5 5 0.9999999999999998 -7.850462293418875e-17
26 4 4 0.32179712645279124 0.3217971264527913
26 4 5 0.7768869870150187 -0.7768869870150188
26 5 4 -0.7768869870150186 0.7768869870150187
26 5 5 0.32179712645279135 0.3217971264527913
27 4 4 -3.572665790461018e-17 -0.4550898605622271
27 4 5 0. -0.4550898605622274
27 5 4 0. 0.4550898605622274
27 5 5 -2.7755575615628914e-17 -0.45508986056222733
28 4 6 -0.32179712645279135 0.3217971264527914
28 4 7 0.32179712645279135 0.32179712645279135
28 5 6 0.32179712645279146 0.3217971264527913
28 5 7 0.32179712645279135 -0.3217971264527914
29 4 6 -0.27059805007309845 0.6532814824381883
29 4 7 0.6532814824381882 0.2705980500730984
29 5 6 0.6532814824381883 0.2705980500730984
29 5 7 0.27059805007309845 -0.6532814824381883
30 4 6 -0.27059805007309834 0.6532814824381882
30 4 7 0.6532814824381883 0.2705980500730985
30 5 6 0.6532814824381883 0.2705980500730985
30 5 7 0.27059805007309845 -0.6532814824381883
31 4 6 -0.32179712645279124 -0.32179712645279124
31 4 7 -0.3217971264527914 0.32179712645279135
31 5 6 -0.3217971264527914 0.32179712645279135
31 5 7 0.32179712645279135 0.3217971264527914
32 6 1 -1.5537739740300376 2.220446049250313e-16
32 6 2 0.3217971264527914 -0.7768869870150187
32 6 3 0.32179712645279135 0.7768869870150187
32 7 0 0. -1.5537739740300371
32 7 2 -0.7768869870150187 0.32179712645279135
32 7 3 0.7768869870150187 0.3217971264527914
33 6 0 -1.5537739740300376 2.220446049250313e-16
33 6 2 0.3217971264527911 0.7768869870150185
33 6 3 0.3217971264527914 -0.7768869870150187
33 7 1 0. -1.5537739740300371
33 7 2 0.7768869870150187 0.3217971264527914
33 7 3 -0.7768869870150188 0.32179712645279124
36 6 4 -0.4550898605622274 0.
36 6 5 -1.1102230246251565e-16 -0.4550898605622274
36 7 4 -1.3877787807814457e-16 -0.45508986056222733
36 7 5 0.4550898605622274 0.
37 6 4 0.27059805007309845 -0.6532814824381883
37 6 5 0.6532814824381883 0.27059805007309823
37 7 4 0.6532814824381883 0.27059805007309823
37 7 5 -0.27059805007309845 0.6532814824381883
38 6 4 0.27059805007309834 -0.653281482438188
38 6 5 0.6532814824381883 0.27059805007309845
38 7 4 0.6532814824381883 0.27059805007309845
38 7 5 -0.2705980500730987 0.6532814824381883
39 6 4 3.572665790461018e-17 0.4550898605622271
39 6 5 -0.45508986056222744 -2.7755575615628914e-17
39 7 4 -0.45508986056222744 -2.7755575615628914e-17
39 7 5 -2.7755575615628914e-17 -0.45508986056222733
40 6 6 1. 0
40 7 7 1. 0
41 6 7 -1. 0
41 7 6 1. 0
42 6 6 1. -7.850462293418876e-17
42 7 7 1. -7.850462293418876e-17
43 6 6 0.32179712645279135 0.3217971264527913
43 6 7 -0.32179712645279135 -0.32179712645279135
43 7 6 0.32179712645279146 0.3217971264527913
43 7 7 0.32179712645279135 0.3217971264527913
44 6 6 -0.45508986056222744 5.551115123125783e-17
44 6 7 -1.1102230246251565e-16 -1.0986841134678098
44 7 6 1.1102230246251565e-16 1.0986841134678098
44 7 7 -0.45508986056222744 5.551115123125783e-17
45 6 7 1. -7.850462293418876e-17
45 7 6 -1. 7.850462293418876e-17
46 6 6 1.0986841134678096 -8.625178205157385e-17
46 6 7 5.551115123125783e-17 0.45508986056222744
46 7 6 -2.7755575615628914e-17 -0.45508986056222744
46 7 7 1.0986841134678098 0.
47 6 6 0.32179712645279124 0.32179712645279124
47 6 7 0.3217971264527913 0.32179712645279135
47 7 6 -0.3217971264527913 -0.32179712645279135
47 7 7 0.32179712645279135 0.3217971264527914
8 8 8 1. 0
8 9 9 1. 0
8 10 10 1. 0
8 11 11 1. 0
9 8 9 1. 0
9 9 8 -1. 0
9 10 11 -1. 0
9 11 10 1. 0
10 8 10 1. 0
10 9 11 -1. 0
10 10 9 0. 1.0000000000000004
10 10 10 1.0000000000000002 0
10 10 11 -1.1102230246251565e-16 -0.9999999999999997
10 11 8 0. 1.0000000000000004
10 11 10 1.3401577416544657e-16 1.
10 11 11 1.0000000000000002 0
11 8 11 1. 0
11 9 10 1. 0
11 10 8 0. 1.0000000000000004
11 10 10 0. 0.9999999999999993
11 10 11 1.0000000000000002 0
11 11 9 0. -1.0000000000000004
11 11 10 -1.0000000000000002 0
11 11 11 0. 1.
12 8 12 1. 0
12 9 13 0. 1.
12 10 12 -0.20710678118654754 0.5000000000000001
12 10 13 0.20710678118654754 0.4999999999999999
12 11 12 0.49999999999999994 -0.20710678118654763
12 11 13 0.5000000000000001 0.20710678118654754
13 8 13 1. 0
13 9 12 0. 1.
13 10 12 0.2071067811865475 0.4999999999999998
13 10 13 -0.20710678118654757 0.5000000000000001
13 11 12 0.5000000000000001 0.2071067811865476
13 11 13 0.5 -0.2071067811865476
14 8 14 1. 0
14 9 15 0. 1.
14 10 14 -0.20710678118654763 -0.5000000000000001
14 10 15 0.20710678118654732 -0.49999999999999994
14 11 14 -0.5 -0.2071067811865474
14 11 15 -0.5000000000000001 0.20710678118654766
15 8 15 1. 0
15 9 14 0. 1.
15 10 14 0.20710678118654732 -0.4999999999999997
15 10 15 -0.20710678118654754 -0.5000000000000001
15 11 14 -0.5000000000000001 0.20710678118654754
15 11 15 -0.5 -0.20710678118654746
18 12 9 -2.220446049250313e-16 -1.5537739740300376
18 12 10 0.3217971264527914 -0.7768869870150187
18 12 11 0.7768869870150187 -0.32179712645279135
18 13 8 1.5537739740300376 -2.220446049250313e-16
18 13 10 -0.32179712645279135 -0.7768869870150187
18 13 11 0.7768869870150187 0.3217971264527914
19 12 8 -2.220446049250313e-16 -1.5537739740300376
19 12 10 -0.7768869870150185 0.3217971264527911
19 12 11 0.3217971264527914 -0.7768869870150187
19 13 9 -1.5537739740300376 -2.220446049250313e-16
19 13 10 -0.7768869870150187 -0.3217971264527914
19 13 11 -0.32179712645279124 -0.7768869870150188
20 12 12 1. 0
20 13 13 1. 0
21 12 13 -1. 0
21 13 12 -1. 0
22 12 12 -7.850462293418876e-17 -1.
22 13 13 -7.850462293418876e-17 -1.
23 12 12 -0.45508986056222744 5.551115123125783e-17
23 12 13 -1.0986841134678098 1.1102230246251565e-16
23 13 12 -1.0986841134678098 1.1102230246251565e-16
23 13 13 -0.45508986056222744 5.551115123125783e-17
24 12 12 0.32179712645279135 0.3217971264527913
24 12 13 -0.3217971264527913 0.32179712645279135
24 13 12 -0.32179712645279135 0.3217971264527914
24 13 13 0.32179712645279135 0.3217971264527913
25 12 13 7.850462293418876e-17 1.
25 13 12 7.850462293418876e-17 1.
26 12 12 -0.32179712645279124 0.32179712645279124
26 12 13 0.3217971264527913 0.32179712645279135
26 13 12 0.3217971264527913 0.32179712645279135
26 13 13 -0.32179712645279135 0.32179712645279135
27 12 12 8.625178205157385e-17 1.0986841134678096
27 12 13 5.551115123125783e-17 0.45508986056222744
27 13 12 5.551115123125783e-17 0.45508986056222744
27 13 13 0. 1.0986841134678098
28 12 14 -0.27059805007309845 0.6532814824381883
28 12 15 0.27059805007309823 -0.6532814824381883
28 13 14 0.27059805007309823 -0.6532814824381883
28 13 15 -0.27059805007309845 0.6532814824381883
29 12 14 -0.4550898605622274 0.
29 12 15 0.4550898605622274 -1.1102230246251565e-16
29 13 14 0.45508986056222733 -1.3877787807814457e-16
29 13 15 -0.4550898605622274 0.
30 12 14 0.4550898605622271 -3.572665790461018e-17
30 12 15 -0.45508986056222744 -2.7755575615628914e-17
30 13 14 -0.45508986056222744 -2.7755575615628914e-17
30 13 15 0.45508986056222733 -2.7755575615628914e-17
31 12 14 0.653281482438188 0.2705980500730984
31 12 15 -0.6532814824381883 -0.27059805007309845
31 13 14 -0.6532814824381883 -0.27059805007309845
31 13 15 0.6532814824381883 0.2705980500730987
34 14 9 -1.09868411346781 -1.09868411346781
34 14 10 0.7768869870150187 0.32179712645279135
34 14 11 -0.7768869870150187 0.32179712645279135
34 15 8 1.09868411346781 -1.09868411346781
34 15 10 0.32179712645279135 0.7768869870150187
34 15 11 -0.32179712645279135 0.7768869870150187
35 14 8 -1.09868411346781 -1.09868411346781
35 14 10 0.7768869870150185 -0.3217971264527911
35 14 11 0.7768869870150187 0.32179712645279135
35 15 9 -1.09868411346781 1.09868411346781
35 15 10 0.32179712645279135 -0.7768869870150187
35 15 11 0.32179712645279124 0.7768869870150188
36 14 12 0.27059805007309845 -0.6532814824381883
36 14 13 -0.2705980500730984 0.6532814824381882
36 15 12 -0.2705980500730984 0.6532814824381883
36 15 13 0.27059805007309845 -0.6532814824381883
37 14 12 -0.32179712645279135 0.3217971264527914
37 14 13 0.3217971264527913 -0.32179712645279135
37 15 12 0.3217971264527913 -0.3217971264527914
37 15 13 -0.32179712645279135 0.3217971264527914
38 14 12 0.32179712645279124 -0.32179712645279124
38 14 13 -0.3217971264527914 0.32179712645279135
38 15 12 -0.3217971264527914 0.32179712645279135
38 15 13 0.3217971264527914 -0.3217971264527914
39 14 12 0.6532814824381881 0.27059805007309834
39 14 13 -0.6532814824381883 -0.2705980500730985
39 15 12 -0.6532814824381883 -0.2705980500730985
39 15 13 0.6532814824381883 0.27059805007309845
40 14 14 1. 0
40 15 15 1. 0
41 14 15 0. -1.
41 15 14 0. -1.
42 14 15 7.850462293418875e-17 0.9999999999999998
42 15 14 7.850462293418875e-17 0.9999999999999998
43 14 14 -0.7768869870150188 -0.7768869870150187
43 14 15 -0.32179712645279146 -0.32179712645279124
43 15 14 -0.32179712645279146 -0.3217971264527913
43 15 15 -0.7768869870150188 -0.7768869870150187
44 14 14 0. -0.45508986056222744
44 14 15 -0.4550898605622274 1.1102230246251565e-16
44 15 14 -0.45508986056222733 1.3877787807814457e-16
44 15 15 0. -0.45508986056222744
45 14 14 -0.9999999999999993 0
45 15 15 -0.9999999999999998 -8.802883075958469e-17
46 14 14 -0.4550898605622271 3.572665790461018e-17
46 14 15 0. -0.4550898605622274
46 15 14 0. -0.4550898605622274
46 15 15 -0.45508986056222733 2.7755575615628914e-17
47 14 14 0.3217971264527913 -0.32179712645279124
47 14 15 0.7768869870150187 -0.7768869870150188
47 15 14 0.7768869870150187 -0.7768869870150188
47 15 15 0.32179712645279135 -0.32179712645279135
0 16 16 1. 0
0 17 17 1. 0
1 16 17 1. 0
1 17 16 1. 0
2 16 16 -0.2071067811865476 -0.5000000000000001
2 16 17 -0.20710678118654743 0.4999999999999999
2 17 16 -0.2071067811865475 0.5
2 17 17 -0.2071067811865476 -0.5000000000000001
3 16 16 -0.20710678118654743 0.4999999999999999
3 16 17 -0.2071067811865476 -0.5000000000000001
3 17 16 -0.2071067811865476 -0.5000000000000001
3 17 17 -0.20710678118654754 0.5
4 16 21 0.4550898605622273 -0.4550898605622274
4 16 22 0.45508986056222744 -0.4550898605622275
4 16 23 -0.2071067811865476 0.20710678118654763
4 16 24 -2.7755575615628914e-17 0.2928932188134525
4 16 26 -1.1102230246251565e-16 -0.7071067811865476
4 16 27 0.20710678118654746 -0.20710678118654754
4 17 20 -0.4550898605622273 0.4550898605622274
4 17 23 -0.2071067811865476 -0.2071067811865475
4 17 24 -1.1102230246251565e-16 -0.7071067811865476
4 17 25 -0.4550898605622274 0.45508986056222744
4 17 26 -2.7755575615628914e-17 0.29289321881345254
4 17 27 -0.20710678118654768 -0.2071067811865476
5 16 20 0.4550898605622274 0.4550898605622274
5 16 23 -0.2071067811865474 0.20710678118654754
5 16 24 -0.7071067811865474 5.5511151231257815e-17
5 16 25 0.45508986056222744 0.4550898605622274
5 16 26 0.29289321881345254 0.
5 16 27 -0.20710678118654763 0.2071067811865476
5 17 21 -0.4550898605622274 -0.4550898605622273
5 17 22 -0.4550898605622275 -0.45508986056222744
5 17 23 0.2071067811865476 0.20710678118654763
5 17 24 0.29289321881345254 0.
5 17 26 -0.7071067811865475 -5.551115123125783e-17
5 17 27 -0.2071067811865476 -0.20710678118654752
6 16 28 0.2928932188134526 -5.551115123125783e-17
6 16 29 0.4204482076268572 0.1741553498745032
6 16 30 0.4204482076268573 0.1741553498745031
6 16 31 -2.7755575615628914e-17 -0.2928932188134524
6 17 28 0.29289321881345254 -5.551115123125783e-17
6 17 29 0.4204482076268573 0.1741553498745031
6 17 30 0.4204482076268573 0.1741553498745033
6 17 31 -5.551115123125783e-17 -0.2928932188134526
7 16 28 2.7755575615628914e-17 0.2928932188134524
7 16 29 -0.1741553498745032 0.42044820762685714
7 16 30 -0.17415534987450326 0.4204482076268573
7 16 31 0.2928932188134526 -2.7755575615628914e-17
7 17 28 1.3877787807814457e-17 0.2928932188134526
7 17 29 -0.17415534987450326 0.4204482076268573
7 17 30 -0.17415534987450332 0.4204482076268573
7 17 31 0.29289321881345254 1.3877787807814457e-17
8 18 18 1. 0
8 19 19 1. 0
9 18 19 -1. 0
9 19 18 1. 0
10 18 18 -0.2071067811865476 0.5000000000000001
10 18 19 -0.49999999999999983 0.20710678118654763
10 19 18 0.49999999999999994 -0.20710678118654763
10 19 19 -0.2071067811865476 0.5000000000000001
11 18 18 0.49999999999999967 -0.20710678118654746
11 18 19 -0.2071067811865476 0.5000000000000001
11 19 18 0.2071067811865476 -0.5000000000000001
11 19 19 0.5 -0.2071067811865476
12 18 21 -0.6435942529055827 5.551115123125783e-17
12 18 23 -0.7071067811865475 5.551115123125783e-17
12 18 24 -0.20710678118654766 -0.20710678118654757
12 18 25 -5.551115123125783e-17 -0.6435942529055827
12 18 26 0.20710678118654746 -0.20710678118654763
12 18 27 -9.71445146547012e-17 -0.29289321881345254
12 19 20 -5.551115123125783e-17 -0.6435942529055827
12 19 22 0.6435942529055827 -5.551115123125783e-17
12 19 23 9.71445146547012e-17 0.29289321881345254
12 19 24 -0.2071067811865476 -0.20710678118654746
12 19 26 -0.20710678118654757 0.20710678118654766
12 19 27 -0.7071067811865475 1.6653345369377348e-16
13 18 20 0.6435942529055829 5.551115123125783e-17
13 18 22 5.052512414696368e-17 0.6435942529055826
13 18 23 -0.2928932188134524 -2.7755575615628914e-17
13 18 24 0.2071067811865474 -0.2071067811865475
13 18 26 -0.20710678118654763 -0.20710678118654763
13 18 27 -5.551115123125783e-17 -0.7071067811865475
13 19 21 -5.551115123125783e-17 0.6435942529055829
13 19 23 1.6653345369377348e-16 0.7071067811865475
13 19 24 -0.20710678118654763 0.20710678118654763
13 19 25 -0.6435942529055827 -5.551115123125783e-17
13 19 26 -0.2071067811865476 -0.2071067811865475
13 19 27 -0.29289321881345254 -2.7755575615628914e-17
14 18 28 0.17415534987450323 0.4204482076268572
14 18 29 0.2928932188134526 0.
14 18 30 -0.2928932188134524 1.0428767052374816e-16
14 18 31 -0.4204482076268572 0.1741553498745033
14 19 28 -0.4204482076268572 0.1741553498745033
14 19 29 9.476346269835221e-17 0.29289321881345254
14 19 30 -1.3877787807814457e-17 -0.29289321881345265
14 19 31 -0.17415534987450332 -0.42044820762685725
15 18 28 -0.17415534987450323 -0.42044820762685714
15 18 29 -0.2928932188134523 8.326672684688674e-17
15 18 30 0.2928932188134526 0.
15 18 31 0.4204482076268572 -0.17415534987450323
15 19 28 0.4204482076268573 -0.17415534987450332
15 19 29 0. -0.2928932188134526
15 19 30 5.551115123125783e-17 0.29289321881345254
15 19 31 0.17415534987450323 0.42044820762685725
16 20 16 1. 0
16 21 17 -1. 0
16 22 17 -1. 1.6653345369377348e-16
16 23 16 0. -0.45508986056222744
16 23 17 0.45508986056222733 -2.7755575615628914e-17
16 24 16 -0.7768869870150187 -0.7768869870150187
16 24 17 0.3217971264527914 0.3217971264527914
16 25 16 1. -1.3401577416544657e-16
16 26 16 0.3217971264527914 0.3217971264527914
16 26 17 -0.7768869870150187 -0.7768869870150187
16 27 16 3.9252311467094385e-17 -0.4550898605622275
16 27 17 -0.45508986056222744 0.
17 20 17 1. 0
17 21 16 -1. 0
17 22 16 -0.9999999999999997 1.1102230246251565e-16
17 23 16 0.4550898605622273 5.551115123125783e-17
17 23 17 0. -0.45508986056222744
17 24 16 0.32179712645279124 0.32179712645279124
17 24 17 -0.7768869870150187 -0.7768869870150187
17 25 17 1. 0.
17 26 16 -0.7768869870150187 -0.7768869870150187
17 26 17 0.3217971264527914 0.3217971264527914
17 27 16 -0.45508986056222744 0.
17 27 17 3.9252311467094385e-17 -0.4550898605622275
18 20 18 1. 0
18 21 19 0. -1.
18 22 18 0. -1.0000000000000002
18 23 18 -0.4550898605622274 -5.551115123125783e-17
18 23 19 -1.1102230246251565e-16 -1.0986841134678098
18 24 18 0.3217971264527913 0.3217971264527914
18 24 19 -0.32179712645279135 -0.3217971264527913
18 25 19 -1.0000000000000002 0
18 26 18 -0.32179712645279124 0.32179712645279135
18 26 19 -0.3217971264527914 0.3217971264527913
18 27 18 1.1102230246251565e-16 1.0986841134678098
18 27 19 -0.4550898605622274 0.
19 20 19 1. 0
19 21 18 0. 1.
19 22 19 0. -1.0000000000000002
19 23 18 0. 1.0986841134678096
19 23 19 -0.4550898605622274 -5.551115123125783e-17
19 24 18 0.3217971264527912 0.3217971264527912
19 24 19 0.3217971264527913 0.3217971264527914
19 25 18 1.0000000000000002 0
19 26 18 0.3217971264527914 -0.3217971264527913
19 26 19 -0.32179712645279135 0.3217971264527913
19 27 18 0.4550898605622274 0.
19 27 19 -1.1102230246251565e-16 1.0986841134678098
20 20 20 1. 0
20 21 21 1. 0
20 22 22 1. 0
20 23 23 1. 0
20 24 24 1. 0
20 25 25 1. 0
20 26 26 1. 0
20 27 27 1. 0
21 20 21 1. 0
21 21 20 1. 0
21 22 25 1. 0
21 23 27 0. -1.
21 24 26 -1. 0
21 25 22 1. 0
21 26 24 -1. 0
21 27 23 0. 1.
22 20 22 1. 0
22 21 25 1. 0
22 22 21 -0.2928932188134527 -0.29289321881345265
22 22 24 -0.4550898605622274 0.45508986056222744
22 22 27 5.551115123125783e-17 0.6435942529055827
22 23 21 -1.1102230246251565e-16 -0.6435942529055829
22 23 24 0.20710678118654754 -0.5
22 23 27 0.5 0.20710678118654752
22 24 21 -0.45508986056222767 -0.4550898605622276
22 24 24 0.5000000000000001 0.20710678118654757
22 24 27 -0.5 -0.20710678118654752
22 25 20 -0.2928932188134527 -0.29289321881345265
22 25 23 -0.6435942529055827 1.6653345369377348e-16
22 25 26 0.45508986056222744 -0.4550898605622275
22 26 20 0.4550898605622276 0.45508986056222756
22 26 23 -0.20710678118654752 0.5
22 26 26 0.5000000000000001 0.20710678118654757
22 27 20 0.6435942529055827 -5.551115123125783e-17
22 27 23 -0.5 -0.20710678118654752
22 27 26 -0.5 -0.20710678118654754
23 20 23 1. 0
23 21 27 0. -1.
23 22 21 0. -0.643594252905583
23 22 24 0.20710678118654757 -0.5000000000000001
23 22 27 0.5 0.20710678118654738
23 23 21 -0.5 -0.20710678118654752
23 23 22 7.850462293418876e-17 1.
23 23 23 -0.22754493028111372 0.0942521961716777
23 23 24 0.22754493028111372 -0.09425219617167761
23 23 26 0.22754493028111367 -0.549342056733905
23 23 27 -0.22754493028111372 -0.09425219617167764
23 24 21 0.5000000000000003 0.20710678118654768
23 24 23 -0.22754493028111367 0.549342056733905
23 24 24 0.09425219617167767 -0.22754493028111372
23 24 26 0.22754493028111378 0.5493420567339049
23 24 27 -0.09425219617167771 -0.22754493028111367
23 25 20 0. -0.643594252905583
23 25 23 -0.2071067811865474 0.5
23 25 26 -0.20710678118654757 0.5000000000000001
23 26 20 -0.5000000000000003 -0.20710678118654768
23 26 23 -0.22754493028111367 0.09425219617167771
23 26 24 0.22754493028111378 0.5493420567339049
23 26 26 0.09425219617167767 -0.22754493028111372
23 26 27 -0.549342056733905 -0.22754493028111367
23 27 20 0.20710678118654754 -0.5000000000000001
23 27 23 0.2275449302811137 0.0942521961716776
23 27 24 -0.549342056733905 -0.22754493028111367
23 27 25 -1. 7.850462293418876e-17
23 27 26 -0.09425219617167764 -0.22754493028111375
23 27 27 -0.22754493028111372 0.0942521961716777
24 20 24 1. 0
24 21 26 -1. 0
24 22 21 -0.4550898605622275 -0.45508986056222744
24 22 24 0.5000000000000001 0.20710678118654754
24 22 27 -0.5 -0.20710678118654738
24 23 21 0.5000000000000002 0.20710678118654752
24 23 23 -0.22754493028111364 0.5493420567339051
24 23 24 0.09425219617167761 -0.22754493028111372
24 23 26 0.22754493028111378 0.5493420567339049
24 23 27 -0.09425219617167771 -0.22754493028111367
24 24 21 -0.2071067811865475 0.5
24 24 23 -0.22754493028111367 -0.549342056733905
24 24 24 -0.22754493028111372 0.09425219617167767
24 24 25 2.125203970996353e-16 0.9999999999999998
24 24 26 0.22754493028111372 0.09425219617167759
24 24 27 -0.22754493028111372 -0.09425219617167764
24 25 20 -0.4550898605622275 -0.45508986056222744
24 25 23 0.2071067811865474 -0.5
24 25 26 -0.5000000000000001 -0.20710678118654754
24 26 20 0.2071067811865475 -0.5
24 26 22 -2.450380766279622e-16 -0.9999999999999998
24 26 23 -0.09425219617167764 0.22754493028111372
24 26 24 0.22754493028111372 0.0942521961716776
24 26 26 -0.22754493028111372 0.09425219617167767
24 26 27 0.549342056733905 -0.22754493028111372
24 27 20 -0.20710678118654735 0.4999999999999998
24 27 23 0.09425219617167772 0.2275449302811136
24 27 24 0.5493420567339049 -0.22754493028111378
24 27 26 -0.22754493028111378 -0.09425219617167765
24 27 27 -0.22754493028111364 0.5493420567339051
25 20 25 1. 0
25 21 22 1. 0
25 22 20 -0.2928932188134527 -0.29289321881345265
25 22 23 -0.6435942529055823 1.1102230246251565e-16
25 22 26 0.45508986056222744 -0.4550898605622275
25 23 20 0. -0.6435942529055829
25 23 23 -0.20710678118654743 0.4999999999999998
25 23 26 -0.20710678118654754 0.5
25 24 20 -0.45508986056222767 -0.4550898605622276
25 24 23 0.20710678118654746 -0.49999999999999983
25 24 26 -0.5000000000000001 -0.20710678118654757
25 25 21 -0.2928932188134527 -0.29289321881345265
25 25 24 -0.4550898605622274 0.45508986056222744
25 25 27 1.6653345369377348e-16 0.6435942529055827
25 26 21 0.4550898605622276 0.45508986056222756
25 26 24 -0.5000000000000001 -0.20710678118654757
25 26 27 0.5 0.20710678118654752
25 27 21 0.6435942529055827 -5.551115123125783e-17
25 27 24 0.5 0.20710678118654754
25 27 27 -0.20710678118654752 0.5
26 20 26 1. 0
26 21 24 -1. 0
26 22 20 0.4550898605622275 0.4550898605622276
26 22 23 -0.20710678118654746 0.4999999999999999
26 22 26 0.5000000000000001 0.2071067811865476
26 23 20 -0.5000000000000002 -0.20710678118654768
26 23 23 -0.22754493028111367 0.09425219617167763
26 23 24 0.2275449302811136 0.5493420567339048
26 23 26 0.09425219617167767 -0.22754493028111375
26 23 27 -0.5493420567339051 -0.22754493028111364
26 24 20 0.20710678118654757 -0.5
26 24 22 -1.3401577416544657e-16 -0.9999999999999998
26 24 23 -0.09425219617167764 0.22754493028111358
26 24 24 0.22754493028111364 0.0942521961716776
26 24 26 -0.22754493028111372 0.09425219617167764
26 24 27 0.549342056733905 -0.22754493028111367
26 25 21 0.4550898605622275 0.4550898605622276
26 25 24 -0.5000000000000001 -0.2071067811865476
26 25 27 0.5 0.20710678118654754
26 26 21 -0.20710678118654757 0.5
26 26 23 -0.22754493028111372 -0.549342056733905
26 26 24 -0.22754493028111372 0.09425219617167764
26 26 25 -5.55111512312578e-17 0.9999999999999998
26 26 26 0.22754493028111372 0.09425219617167765
26 26 27 -0.22754493028111367 -0.09425219617167767
26 27 21 0.20710678118654754 -0.5
26 27 23 0.5493420567339051 0.22754493028111364
26 27 24 -0.22754493028111367 -0.09425219617167765
26 27 26 0.549342056733905 -0.22754493028111364
26 27 27 -0.22754493028111372 0.09425219617167764
27 20 27 1. 0
27 21 23 0. 1.
27 22 20 0.643594252905583 0
27 22 23 -0.4999999999999999 -0.2071067811865473
27 22 26 -0.5000000000000001 -0.2071067811865476
27 23 20 0.20710678118654757 -0.5
27 23 23 0.2275449302811136 0.09425219617167761
27 23 24 -0.5493420567339049 -0.22754493028111358
27 23 25 -1. 7.850462293418876e-17
27 23 26 -0.0942521961716776 -0.22754493028111372
27 23 27 -0.22754493028111375 0.09425219617167765
27 24 20 -0.20710678118654768 0.5000000000000003
27 24 23 0.09425219617167765 0.22754493028111358
27 24 24 0.5493420567339048 -0.22754493028111372
27 24 26 -0.22754493028111372 -0.09425219617167768
27 24 27 -0.22754493028111367 0.5493420567339049
27 25 21 0.643594252905583 0
27 25 24 0.5000000000000001 0.2071067811865476
27 25 27 -0.20710678118654746 0.5
27 26 21 0.20710678118654768 -0.5000000000000003
27 26 23 0.5493420567339049 0.22754493028111367
27 26 24 -0.22754493028111372 -0.09425219617167768
27 26 26 0.5493420567339049 -0.22754493028111372
27 26 27 -0.2275449302811137 0.09425219617167767
27 27 21 0.5 0.20710678118654752
27 27 22 -7.850462293418876e-17 -1.
27 27 23 0.22754493028111375 -0.09425219617167765
27 27 24 -0.22754493028111372 0.09425219617167764
27 27 26 -0.22754493028111372 0.549342056733905
27 27 27 0.22754493028111367 0.09425219617167767
28 20 28 1. 0
28 21 31 0. 1.
28 22 29 -0.5946035575013606 -0.5946035575013605
28 22 31 0.49999999999999994 -0.20710678118654766
28 23 28 0.22754493028111375 0.09425219617167765
28 23 29 5.551115123125783e-17 -0.3826834323650898
28 23 30 0.2705980500730985 0.2705980500730984
28 23 31 -0.2275449302811137 0.09425219617167768
28 24 28 0.5493420567339049 -0.22754493028111378
28 24 29 -0.27059805007309856 -0.2705980500730985
28 24 30 -0.3826834323650897 1.2340067471492553e-16
28 24 31 -0.22754493028111372 -0.09425219617167765
28 25 28 -0.20710678118654766 -0.49999999999999994
28 25 30 0.5946035575013606 0.5946035575013605
28 26 28 0.09425219617167765 -0.22754493028111372
28 26 29 -0.3826834323650897 1.2340067471492553e-16
28 26 30 -0.27059805007309856 -0.2705980500730985
28 26 31 -0.22754493028111378 -0.5493420567339049
28 27 28 -0.22754493028111375 0.0942521961716777
28 27 29 0.2705980500730984 -0.2705980500730985
28 27 30 -0.3826834323650898 0.
28 27 31 -0.22754493028111375 -0.09425219617167765
29 20 29 1. 0
29 21 30 -1. 0
29 22 29 -0.5000000000000001 0.20710678118654766
29 22 31 1.1269338408317537e-16 0.8408964152537145
29 23 28 0.3826834323650898 -5.551115123125783e-17
29 23 29 0.09425219617167768 0.22754493028111375
29 23 30 0.2275449302811135 -0.549342056733905
29 23 31 -0.2705980500730985 0.27059805007309856
29 24 28 -0.27059805007309856 0.27059805007309845
29 24 29 0.0942521961716777 -0.22754493028111372
29 24 30 -0.09425219617167771 -0.22754493028111367
29 24 31 0. 0.3826834323650897
29 25 28 0.8408964152537145 -1.1269338408317537e-16
29 25 30 0.5000000000000001 -0.20710678118654766
29 26 28 -0.3826834323650897 0.
29 26 29 -0.09425219617167772 -0.2275449302811136
29 26 30 0.0942521961716777 -0.22754493028111372
29 26 31 0.2705980500730985 0.2705980500730985
29 27 28 -0.27059805007309845 0.2705980500730985
29 27 29 -0.549342056733905 -0.2275449302811135
29 27 30 0.22754493028111367 -0.09425219617167768
29 27 31 -0.3826834323650898 5.551115123125783e-17
30 20 30 1. 0
30 21 29 -1. 0
30 22 28 -0.8408964152537142 1.6653345369377348e-16
30 22 30 -0.5000000000000001 0.20710678118654754
30 23 28 -0.2705980500730985 -0.27059805007309845
30 23 29 0.2275449302811135 -0.5493420567339049
30 23 30 0.09425219617167765 0.22754493028111372
30 23 31 -2.7755575615628914e-17 -0.3826834323650898
30 24 28 -0.3826834323650896 -2.7755575615628914e-17
30 24 29 -0.09425219617167764 -0.22754493028111364
30 24 30 0.09425219617167768 -0.22754493028111367
30 24 31 0.2705980500730985 0.27059805007309856
30 25 29 0.5000000000000001 -0.20710678118654754
30 25 31 -1.1102230246251565e-16 -0.8408964152537145
30 26 28 -0.27059805007309856 0.2705980500730985
30 26 29 0.09425219617167768 -0.22754493028111367
30 26 30 -0.09425219617167767 -0.22754493028111367
30 26 31 -4.5745267659463005e-17 0.3826834323650897
30 27 28 -2.7755575615628914e-17 -0.3826834323650898
30 27 29 0.22754493028111375 -0.0942521961716777
30 27 30 -0.5493420567339049 -0.22754493028111364
30 27 31 0.2705980500730985 0.2705980500730985
31 20 31 1. 0
31 21 28 0. -1.
31 22 28 -0.4999999999999999 0.20710678118654754
31 22 30 0.5946035575013605 -0.5946035575013606
31 23 28 0.2275449302811136 -0.0942521961716776
31 23 29 -0.27059805007309845 0.27059805007309845
31 23 30 0.38268343236508984 0.
31 23 31 0.22754493028111372 0.09425219617167767
31 24 28 0.22754493028111367 0.09425219617167763
31 24 29 -2.7755575615628914e-17 -0.3826834323650896
31 24 30 0.2705980500730985 -0.27059805007309856
31 24 31 0.549342056733905 -0.2275449302811137
31 25 29 -0.5946035575013605 0.5946035575013606
31 25 31 -0.20710678118654757 -0.5
31 26 28 0.22754493028111367 0.549342056733905
31 26 29 0.2705980500730985 -0.27059805007309856
31 26 30 0. -0.3826834323650898
31 26 31 0.09425219617167768 -0.22754493028111367
31 27 28 0.22754493028111372 0.09425219617167767
31 27 29 0. -0.3826834323650898
31 27 30 0.27059805007309845 0.27059805007309856
31 27 31 -0.22754493028111375 0.09425219617167768
32 28 16 -0.4550898605622274 -5.551115123125783e-17
32 28 17 -0.45508986056222733 2.7755575615628914e-17
32 29 16 -0.6532814824381882 0.2705980500730985
32 29 17 -0.6532814824381882 0.2705980500730985
32 30 16 -0.6532814824381882 0.2705980500730985
32 30 17 -0.6532814824381883 0.27059805007309856
32 31 16 3.9252311467094385e-17 -0.4550898605622275
32 31 17 5.551115123125783e-17 -0.4550898605622274
33 28 16 -0.4550898605622273 -5.551115123125783e-17
33 28 17 -0.4550898605622274 -5.551115123125783e-17
33 29 16 -0.6532814824381881 0.27059805007309845
33 29 17 -0.6532814824381882 0.2705980500730985
33 30 16 -0.6532814824381883 0.27059805007309856
33 30 17 -0.6532814824381883 0.2705980500730984
33 31 16 5.551115123125783e-17 -0.4550898605622274
33 31 17 3.9252311467094385e-17 -0.4550898605622275
34 28 18 0.27059805007309845 0.6532814824381883
34 28 19 0.6532814824381881 -0.2705980500730985
34 29 18 -0.3217971264527914 0.32179712645279135
34 29 19 0.32179712645279135 0.3217971264527913
34 30 18 0.32179712645279124 -0.32179712645279135
34 30 19 -0.32179712645279135 -0.3217971264527914
34 31 18 0.6532814824381881 -0.2705980500730985
34 31 19 -0.27059805007309845 -0.6532814824381883
35 28 18 -0.653281482438188 0.2705980500730984
35 28 19 0.27059805007309845 0.6532814824381883
35 29 18 -0.3217971264527912 -0.3217971264527912
35 29 19 -0.3217971264527914 0.32179712645279135
35 30 18 0.32179712645279135 0.3217971264527914
35 30 19 0.32179712645279135 -0.3217971264527913
35 31 18 0.27059805007309845 0.6532814824381883
35 31 19 0.6532814824381882 -0.27059805007309834
36 28 21 0.5 0.20710678118654752
36 28 22 -0.7071067811865472 0.7071067811865477
36 28 23 0.09425219617167768 0.22754493028111375
36 28 24 -0.22754493028111372 0.09425219617167761
36 28 26 -0.549342056733905 -0.22754493028111364
36 28 27 0.22754493028111372 0.09425219617167764
36 29 21 -0.5946035575013607 0.5946035575013607
36 29 23 0.27059805007309856 0.27059805007309845
36 29 24 0.2705980500730985 0.2705980500730985
36 29 26 0.3826834323650897 -8.326672684688674e-17
36 29 27 0.3826834323650897 -1.1102230246251565e-16
36 30 20 0.5946035575013607 -0.5946035575013607
36 30 23 -1.1102230246251565e-16 -0.3826834323650897
36 30 24 0.3826834323650897 -8.326672684688674e-17
36 30 26 0.2705980500730985 0.2705980500730985
36 30 27 -0.27059805007309845 0.27059805007309856
36 31 20 0.20710678118654754 -0.5000000000000001
36 31 23 0.2275449302811137 0.0942521961716776
36 31 24 0.22754493028111364 -0.549342056733905
36 31 25 0.7071067811865475 0.7071067811865474
36 31 26 -0.09425219617167764 -0.22754493028111375
36 31 27 -0.09425219617167768 -0.22754493028111375
37 28 21 -1.340157741654466e-16 -0.8408964152537144
37 28 23 -0.38268343236508984 8.326672684688674e-17
37 28 24 -0.38268343236508967 3.004241856098249e-17
37 28 26 -0.27059805007309845 0.27059805007309856
37 28 27 -0.2705980500730984 0.2705980500730985
37 29 21 -0.5000000000000001 -0.20710678118654754
37 29 23 0.22754493028111367 0.549342056733905
37 29 24 -0.09425219617167768 -0.22754493028111372
37 29 25 0.7071067811865477 0.7071067811865472
37 29 26 -0.22754493028111372 -0.09425219617167759
37 29 27 0.0942521961716776 -0.2275449302811137
37 30 20 0.5000000000000001 0.20710678118654754
37 30 22 -0.7071067811865477 -0.7071067811865472
37 30 23 -0.2275449302811137 -0.0942521961716776
37 30 24 -0.22754493028111372 -0.0942521961716776
37 30 26 -0.09425219617167768 -0.22754493028111372
37 30 27 -0.549342056733905 0.22754493028111372
37 31 20 -0.8408964152537141 6.601425600620384e-17
37 31 23 -0.2705980500730984 0.2705980500730985
37 31 24 -0.27059805007309856 -0.27059805007309845
37 31 26 -3.004241856098249e-17 -0.38268343236508967
37 31 27 0.3826834323650898 -5.551115123125783e-17
38 28 20 -1.126933840831754e-16 0.8408964152537148
38 28 23 0.2705980500730984 0.27059805007309845
38 28 24 -0.27059805007309845 0.27059805007309845
38 28 26 -0.38268343236508984 -5.551115123125783e-17
38 28 27 -5.551115123125783e-17 -0.3826834323650898
38 29 20 0.5000000000000002 0.20710678118654763
38 29 22 -0.7071067811865475 -0.7071067811865474
38 29 23 -0.22754493028111367 -0.09425219617167768
38 29 24 -0.22754493028111364 -0.0942521961716776
38 29 26 -0.09425219617167763 -0.22754493028111372
38 29 27 -0.549342056733905 0.22754493028111367
38 30 21 -0.5000000000000002 -0.20710678118654763
38 30 23 0.22754493028111372 0.549342056733905
38 30 24 -0.09425219617167763 -0.22754493028111372
38 30 25 0.7071067811865475 0.7071067811865475
38 30 26 -0.22754493028111372 -0.09425219617167765
38 30 27 0.09425219617167771 -0.22754493028111367
38 31 21 0.8408964152537144 5.551115123125783e-17
38 31 23 -5.551115123125783e-17 -0.3826834323650898
38 31 24 8.326672684688674e-17 -0.3826834323650898
38 31 26 -0.2705980500730985 -0.27059805007309856
38 31 27 -0.27059805007309845 -0.27059805007309856
39 28 20 -0.20710678118654757 0.5
39 28 23 -0.2275449302811136 -0.09425219617167761
39 28 24 -0.2275449302811136 0.5493420567339048
39 28 25 -0.7071067811865477 -0.7071067811865472
39 28 26 0.0942521961716776 0.22754493028111372
39 28 27 0.09425219617167765 0.22754493028111372
39 29 20 -0.5946035575013607 -0.5946035575013607
39 29 23 -0.3826834323650896 5.530498063446432e-17
39 29 24 -5.551115123125783e-17 -0.3826834323650896
39 29 26 0.27059805007309856 -0.2705980500730985
39 29 27 0.2705980500730985 0.2705980500730985
39 30 21 0.5946035575013607 0.5946035575013607
39 30 23 0.27059805007309845 -0.2705980500730985
39 30 24 0.27059805007309856 -0.2705980500730985
39 30 26 -8.326672684688674e-17 -0.3826834323650897
39 30 27 -2.7755575615628914e-17 -0.38268343236508967
39 31 21 0.5 0.20710678118654752
39 31 22 -0.7071067811865474 0.7071067811865475
39 31 23 0.09425219617167765 0.22754493028111372
39 31 24 -0.22754493028111372 0.09425219617167764
39 31 26 -0.5493420567339049 -0.22754493028111372
39 31 27 0.22754493028111367 0.09425219617167767
40 28 28 1. 0
40 29 29 1. 0
40 30 30 1. 0
40 31 31 1. 0
41 28 31 -1. 0
41 29 30 0. -1.
41 30 29 0. -1.
41 31 28 1. 0
42 28 28 -0.20710678118654763 -0.5000000000000001
42 28 30 0.5946035575013605 0.5946035575013605
42 29 28 0.8408964152537146 -6.601425600620388e-17
42 29 30 0.4999999999999999 -0.20710678118654757
42 30 29 0.4999999999999999 -0.20710678118654757
42 30 31 -1.1102230246251568e-16 -0.8408964152537147
42 31 29 -0.5946035575013605 0.5946035575013605
42 31 31 -0.20710678118654763 -0.5000000000000001
43 28 28 0.09425219617167761 -0.22754493028111372
43 28 29 -5.551115123125783e-17 0.3826834323650898
43 28 30 0.27059805007309845 -0.27059805007309856
43 28 31 0.2275449302811137 -0.09425219617167768
43 29 28 -5.551115123125783e-17 -0.3826834323650898
43 29 29 0.549342056733905 -0.22754493028111372
43 29 30 -0.09425219617167756 0.22754493028111372
43 29 31 0.2705980500730984 -0.27059805007309856
43 30 28 0.27059805007309856 0.2705980500730984
43 30 29 -0.09425219617167759 0.22754493028111372
43 30 30 0.549342056733905 -0.22754493028111372
43 30 31 -0.3826834323650898 1.1102230246251565e-16
43 31 28 -0.22754493028111375 0.0942521961716777
43 31 29 0.27059805007309856 0.27059805007309845
43 31 30 -0.3826834323650898 0.
43 31 31 0.09425219617167761 -0.22754493028111372
44 28 28 0.09425219617167768 0.22754493028111372
44 28 29 0.27059805007309856 -0.2705980500730985
44 28 30 0.3826834323650897 -1.0583010478142801e-16
44 28 31 0.549342056733905 0.22754493028111367
44 29 28 0.27059805007309856 -0.27059805007309845
44 29 29 0.22754493028111372 0.09425219617167765
44 29 30 0.09425219617167771 0.22754493028111367
44 29 31 -0.3826834323650898 2.7344000147739194e-17
44 30 28 -2.7344000147739194e-17 -0.3826834323650898
44 30 29 0.09425219617167772 0.2275449302811136
44 30 30 0.22754493028111372 0.09425219617167765
44 30 31 -0.2705980500730985 -0.2705980500730985
44 31 28 -0.549342056733905 -0.22754493028111367
44 31 29 1.0583010478142801e-16 0.3826834323650897
44 31 30 0.2705980500730985 0.27059805007309856
44 31 31 0.09425219617167768 0.22754493028111372
45 28 29 -0.5946035575013601 0.5946035575013601
45 28 31 -0.20710678118654763 -0.5000000000000001
45 29 29 0.20710678118654746 0.49999999999999967
45 29 31 0.8408964152537146 -6.601425600620388e-17
45 30 28 1.1102230246251568e-16 0.8408964152537147
45 30 30 0.2071067811865475 0.49999999999999994
45 31 28 0.20710678118654763 0.5000000000000001
45 31 30 -0.5946035575013604 -0.5946035575013606
46 28 28 -0.22754493028111358 0.5493420567339049
46 28 29 0.38268343236508967 -8.326672684688674e-17
46 28 30 0.2705980500730985 -0.27059805007309845
46 28 31 0.22754493028111372 -0.09425219617167768
46 29 28 0. -0.3826834323650897
46 29 29 0.09425219617167764 0.22754493028111364
46 29 30 0.22754493028111372 0.0942521961716777
46 29 31 -0.2705980500730985 -0.27059805007309856
46 30 28 0.27059805007309856 -0.2705980500730985
46 30 29 0.22754493028111372 0.0942521961716777
46 30 30 0.09425219617167767 0.22754493028111367
46 30 31 -0.3826834323650898 -3.1506876296253905e-17
46 31 28 -0.22754493028111372 0.09425219617167767
46 31 29 0.27059805007309845 0.2705980500730985
46 31 30 3.00424185609825e-17 0.3826834323650897
46 31 31 -0.22754493028111372 0.549342056733905
47 28 28 -0.2275449302811136 0.0942521961716776
47 28 29 0.27059805007309834 0.2705980500730984
47 28 30 -0.38268343236508984 0.
47 28 31 0.09425219617167767 -0.22754493028111375
47 29 28 -0.27059805007309845 0.2705980500730985
47 29 29 -0.2275449302811136 -0.0942521961716776
47 29 30 0.22754493028111372 0.549342056733905
47 29 31 -2.7755575615628914e-17 -0.3826834323650898
47 30 28 0.3826834323650898 -8.326672684688674e-17
47 30 29 0.22754493028111372 0.549342056733905
47 30 30 -0.2275449302811137 -0.09425219617167763
47 30 31 0.27059805007309845 0.2705980500730985
47 31 28 -0.09425219617167767 0.22754493028111375
47 31 29 0. -0.3826834323650898
47 31 30 -0.2705980500730986 0.27059805007309845
47 31 31 -0.22754493028111375 0.09425219617167768
0 32 32 1. 0
0 33 33 1. 0
1 32 33 1. 0
1 33 32 1. 0
2 32 32 -0.2071067811865476 0.5000000000000001
2 32 33 -0.20710678118654757 -0.4999999999999999
2 33 32 -0.20710678118654763 -0.5
2 33 33 -0.2071067811865476 0.5000000000000001
3 32 32 -0.20710678118654757 -0.4999999999999999
3 32 33 -0.2071067811865476 0.5000000000000001
3 33 32 -0.2071067811865476 0.5000000000000001
3 33 33 -0.20710678118654754 -0.5000000000000001
4 32 36 0.2928932188134526 0.
4 32 37 -0.17415534987450323 -0.4204482076268572
4 32 38 -0.17415534987450326 -0.4204482076268573
4 32 39 8.326672684688674e-17 0.2928932188134525
4 33 36 0.29289321881345254 -9.71445146547012e-17
4 33 37 -0.17415534987450326 -0.4204482076268573
4 33 38 -0.17415534987450332 -0.42044820762685725
4 33 39 1.3877787807814457e-17 0.29289321881345265
5 32 36 -8.099885549062794e-17 -0.2928932188134524
5 32 37 -0.42044820762685714 0.1741553498745032
5 32 38 -0.4204482076268573 0.17415534987450332
5 32 39 0.2928932188134526 0.
5 33 36 0. -0.2928932188134526
5 33 37 -0.4204482076268573 0.17415534987450332
5 33 38 -0.4204482076268573 0.17415534987450315
5 33 39 0.29289321881345254 -6.938893903907228e-17
6 32 41 -5.551115123125783e-17 -0.6435942529055827
6 32 43 -0.20710678118654766 -0.20710678118654757
6 32 44 -0.7071067811865475 5.551115123125783e-17
6 32 45 5.551115123125783e-17 0.6435942529055827
6 32 46 0.29289321881345254 -9.71445146547012e-17
6 32 47 0.20710678118654752 0.20710678118654746
6 33 40 -0.6435942529055829 -5.551115123125783e-17
6 33 42 -0.6435942529055827 5.551115123125783e-17
6 33 43 -0.20710678118654754 0.20710678118654763
6 33 44 0.29289321881345254 -9.71445146547012e-17
6 33 46 -0.7071067811865475 1.6653345369377348e-16
6 33 47 -0.20710678118654757 0.20710678118654766
7 32 40 5.551115123125783e-17 -0.6435942529055829
7 32 42 -5.052512414696368e-17 -0.6435942529055826
7 32 43 -0.20710678118654752 -0.20710678118654746
7 32 44 -4.163336342344337e-17 0.2928932188134525
7 32 46 -1.6653345369377348e-16 -0.7071067811865475
7 32 47 -0.20710678118654763 -0.20710678118654763
7 33 41 0.6435942529055829 5.551115123125783e-17
7 33 43 0.20710678118654763 -0.20710678118654763
7 33 44 -1.6653345369377348e-16 -0.7071067811865475
7 33 45 -0.6435942529055827 -5.551115123125783e-17
7 33 46 -6.938893903907228e-17 0.29289321881345254
7 33 47 -0.20710678118654754 0.20710678118654763
8 34 34 1. 0
8 35 35 1. 0
9 34 35 -1. 0
9 35 34 1. 0
10 34 34 -0.2071067811865476 -0.5000000000000001
10 34 35 0.4999999999999999 0.2071067811865475
10 35 34 -0.5 -0.20710678118654752
10 35 35 -0.2071067811865476 -0.5000000000000001
11 34 34 -0.49999999999999967 -0.20710678118654746
11 34 35 -0.2071067811865476 -0.5000000000000001
11 35 34 0.2071067811865476 0.5000000000000001
11 35 35 -0.5 -0.2071067811865476
12 34 36 -0.4204482076268572 -0.1741553498745032
12 34 37 0.2928932188134526 -5.551115123125783e-17
12 34 38 -0.2928932188134525 1.3877787807814457e-17
12 34 39 -0.1741553498745031 0.4204482076268573
12 35 36 0.1741553498745031 -0.4204482076268573
12 35 37 1.3877787807814457e-17 0.2928932188134525
12 35 38 -5.551115123125783e-17 -0.2928932188134526
12 35 39 -0.4204482076268573 -0.1741553498745033
13 34 36 0.42044820762685714 0.17415534987450323
13 34 37 -0.29289321881345237 0.
13 34 38 0.2928932188134526 -2.7755575615628914e-17
13 34 39 0.1741553498745032 -0.4204482076268572
13 35 36 -0.17415534987450326 0.4204482076268573
13 35 37 -1.3877787807814457e-17 -0.2928932188134526
13 35 38 0. 0.2928932188134525
13 35 39 0.4204482076268573 0.17415534987450332
14 34 41 0.4550898605622274 0.4550898605622273
14 34 42 -0.4550898605622275 -0.45508986056222744
14 34 43 -2.7755575615628914e-17 0.2928932188134525
14 34 44 -0.2071067811865476 0.20710678118654763
14 34 46 0.2071067811865475 0.20710678118654743
14 34 47 0.7071067811865476 -1.1102230246251565e-16
14 35 40 -0.45508986056222744 -0.45508986056222733
14 35 43 0.7071067811865476 -1.1102230246251565e-16
14 35 44 0.20710678118654746 -0.20710678118654757
14 35 45 0.45508986056222744 0.4550898605622274
14 35 46 0.20710678118654763 0.2071067811865476
14 35 47 2.7755575615628914e-17 -0.29289321881345254
15 34 40 0.4550898605622273 -0.4550898605622274
15 34 43 5.5511151231257815e-17 0.7071067811865474
15 34 44 0.2071067811865474 0.20710678118654735
15 34 45 -0.4550898605622274 0.45508986056222744
15 34 46 -0.20710678118654763 0.2071067811865476
15 34 47 0.2928932188134525 2.7755575615628914e-17
15 35 41 0.45508986056222733 -0.45508986056222744
15 35 42 -0.4550898605622274 0.45508986056222744
15 35 43 0.29289321881345254 0.
15 35 44 0.2071067811865476 0.20710678118654763
15 35 46 0.20710678118654752 -0.20710678118654754
15 35 47 5.551115123125783e-17 -0.7071067811865475
16 36 32 -0.3217971264527914 0.32179712645279135
16 36 33 -0.3217971264527913 0.32179712645279135
16 37 32 -0.27059805007309845 -0.6532814824381883
16 37 33 -0.2705980500730985 -0.6532814824381881
16 38 32 -0.2705980500730985 -0.6532814824381881
16 38 33 -0.27059805007309845 -0.6532814824381883
16 39 32 0.3217971264527914 0.3217971264527914
16 39 33 0.32179712645279135 0.3217971264527914
17 36 32 -0.3217971264527913 0.3217971264527913
17 36 33 -0.3217971264527914 0.32179712645279135
17 37 32 -0.2705980500730984 -0.653281482438188
17 37 33 -0.27059805007309845 -0.6532814824381883
17 38 32 -0.27059805007309845 -0.6532814824381883
17 38 33 -0.27059805007309834 -0.6532814824381882
17 39 32 0.32179712645279135 0.3217971264527914
17 39 33 0.3217971264527914 0.3217971264527914
18 36 34 0.6532814824381882 -0.2705980500730985
18 36 35 -0.27059805007309845 -0.6532814824381883
18 37 34 -0.4550898605622274 -5.551115123125783e-17
18 37 35 -2.7755575615628914e-17 0.4550898605622274
18 38 34 0.45508986056222733 -2.7755575615628914e-17
18 38 35 5.551115123125783e-17 -0.4550898605622274
18 39 34 0.27059805007309845 0.6532814824381883
18 39 35 0.6532814824381883 -0.27059805007309856
19 36 34 0.27059805007309834 0.6532814824381882
19 36 35 0.6532814824381882 -0.2705980500730985
19 37 34 8.326672684688674e-17 -0.4550898605622272
19 37 35 -0.4550898605622274 -5.551115123125783e-17
19 38 34 -5.551115123125783e-17 0.4550898605622274
19 38 35 0.45508986056222733 1.1102230246251565e-16
19 39 34 -0.6532814824381883 0.27059805007309856
19 39 35 0.2705980500730984 0.6532814824381883
20 36 36 1. 0
20 37 37 1. 0
20 38 38 1. 0
20 39 39 1. 0
21 36 39 0. -1.
21 37 38 -1. 0
21 38 37 -1. 0
21 39 36 0. 1.
22 36 37 6.601425600620388e-17 0.8408964152537146
22 36 39 -0.5 0.20710678118654757
22 37 37 -0.5000000000000001 0.20710678118654763
22 37 39 0.5946035575013605 0.5946035575013605
22 38 36 0.5946035575013604 -0.5946035575013605
22 38 38 -0.5000000000000001 0.20710678118654763
22 39 36 0.5 -0.20710678118654757
22 39 38 0.8408964152537147 -1.1102230246251568e-16
23 36 36 0.22754493028111372 0.09425219617167765
23 36 37 -0.27059805007309856 0.27059805007309845
23 36 38 0. -0.3826834323650897
23 36 39 0.22754493028111372 -0.0942521961716777
23 37 36 -0.27059805007309856 0.2705980500730985
23 37 37 0.09425219617167768 0.22754493028111372
23 37 38 0.22754493028111364 -0.549342056733905
23 37 39 1.0583010478142801e-16 0.3826834323650897
23 38 36 0.3826834323650897 -1.0583010478142801e-16
23 38 37 0.22754493028111364 -0.549342056733905
23 38 38 0.09425219617167768 0.22754493028111372
23 38 39 -0.2705980500730985 -0.27059805007309856
23 39 36 -0.22754493028111367 0.09425219617167771
23 39 37 -0.3826834323650897 0.
23 39 38 0.2705980500730985 0.2705980500730985
23 39 39 0.22754493028111372 0.09425219617167765
24 36 36 0.549342056733905 -0.22754493028111372
24 36 37 5.551115123125783e-17 0.3826834323650898
24 36 38 0.2705980500730985 0.2705980500730985
24 36 39 0.22754493028111372 0.09425219617167756
24 37 36 5.551115123125783e-17 -0.3826834323650898
24 37 37 0.09425219617167761 -0.22754493028111372
24 37 38 -0.09425219617167765 -0.2275449302811137
24 37 39 0.27059805007309856 0.27059805007309845
24 38 36 0.27059805007309845 -0.27059805007309856
24 38 37 -0.09425219617167768 -0.2275449302811137
24 38 38 0.09425219617167761 -0.22754493028111372
24 38 39 0.3826834323650898 0.
24 39 36 -0.22754493028111372 -0.09425219617167756
24 39 37 0.2705980500730985 -0.2705980500730985
24 39 38 0.3826834323650898 -1.1102230246251565e-16
24 39 39 0.549342056733905 -0.22754493028111372
25 36 36 -0.20710678118654746 -0.49999999999999983
25 36 38 -6.601425600620388e-17 -0.8408964152537146
25 37 36 -0.5946035575013601 0.5946035575013601
25 37 38 0.5000000000000001 -0.20710678118654763
25 38 37 0.5000000000000001 -0.20710678118654763
25 38 39 -0.5946035575013605 -0.5946035575013605
25 39 37 -0.8408964152537147 1.1102230246251568e-16
25 39 39 -0.20710678118654757 -0.5
26 36 36 0.09425219617167764 -0.22754493028111367
26 36 37 0.2705980500730984 0.27059805007309845
26 36 38 2.7755575615628914e-17 0.3826834323650898
26 36 39 0.22754493028111372 0.549342056733905
26 37 36 0.27059805007309845 -0.27059805007309834
26 37 37 -0.09425219617167759 -0.22754493028111367
26 37 38 0.09425219617167767 -0.22754493028111375
26 37 39 0.38268343236508984 0.
26 38 36 0. -0.3826834323650898
26 38 37 0.09425219617167767 -0.22754493028111375
26 38 38 -0.09425219617167764 -0.22754493028111372
26 38 39 0.27059805007309845 0.2705980500730986
26 39 36 -0.22754493028111372 -0.549342056733905
26 39 37 0.3826834323650898 -8.326672684688674e-17
26 39 38 0.27059805007309856 -0.27059805007309845
26 39 39 0.09425219617167767 -0.2275449302811137
27 36 36 -0.2275449302811136 0.09425219617167764
27 36 37 -0.3826834323650896 -2.7755575615628914e-17
27 36 38 0.2705980500730985 0.27059805007309856
27 36 39 0.22754493028111372 0.0942521961716777
27 37 36 -5.551115123125783e-17 -0.3826834323650896
27 37 37 -0.5493420567339048 -0.2275449302811136
27 37 38 0.22754493028111372 -0.09425219617167768
27 37 39 -0.2705980500730985 0.27059805007309845
27 38 36 0.27059805007309845 0.2705980500730985
27 38 37 0.22754493028111372 -0.09425219617167768
27 38 38 -0.5493420567339049 -0.22754493028111372
27 38 39 0.3826834323650897 -3.00424185609825e-17
27 39 36 -0.22754493028111372 -0.0942521961716777
27 39 37 0.27059805007309856 -0.2705980500730985
27 39 38 -4.5745267659463005e-17 0.3826834323650897
27 39 39 -0.2275449302811137 0.09425219617167767
28 36 41 0.20710678118654754 -0.5000000000000001
28 36 43 -0.09425219617167768 -0.22754493028111372
28 36 44 0.22754493028111367 0.549342056733905
28 36 45 -0.7071067811865477 -0.7071067811865472
28 36 46 0.22754493028111372 0.09425219617167764
28 36 47 0.09425219617167763 -0.22754493028111372
28 37 41 -0.8408964152537144 1.340157741654466e-16
28 37 43 0.38268343236508967 -3.004241856098249e-17
28 37 44 0.3826834323650898 -5.551115123125783e-17
28 37 46 0.27059805007309856 0.27059805007309845
28 37 47 0.27059805007309856 0.27059805007309845
28 38 40 0. 0.8408964152537146
28 38 43 -0.27059805007309845 0.27059805007309856
28 38 44 0.27059805007309856 0.27059805007309845
28 38 46 0.3826834323650898 -5.551115123125783e-17
28 38 47 -3.004241856098249e-17 -0.38268343236508967
28 39 40 -0.20710678118654763 0.5000000000000002
28 39 42 -0.7071067811865477 -0.7071067811865472
28 39 43 0.09425219617167765 -0.22754493028111372
28 39 44 0.09425219617167764 -0.22754493028111372
28 39 46 0.549342056733905 -0.22754493028111372
28 39 47 0.09425219617167768 0.22754493028111372
29 36 41 0.5946035575013607 0.5946035575013607
29 36 43 -0.2705980500730985 -0.2705980500730985
29 36 44 -0.27059805007309856 -0.27059805007309845
29 36 46 -1.1102230246251565e-16 -0.38268343236508984
29 36 47 -8.203200044321759e-17 -0.3826834323650898
29 37 41 -0.20710678118654752 0.5
29 37 42 0.7071067811865477 0.7071067811865472
29 37 43 -0.22754493028111372 0.09425219617167761
29 37 44 0.09425219617167768 0.22754493028111375
29 37 46 -0.09425219617167761 0.22754493028111372
29 37 47 0.22754493028111364 -0.549342056733905
29 38 40 0.5000000000000002 0.20710678118654754
29 38 43 0.549342056733905 0.22754493028111364
29 38 44 -0.09425219617167764 0.22754493028111372
29 38 45 0.7071067811865472 -0.7071067811865477
29 38 46 0.09425219617167768 0.22754493028111375
29 38 47 0.09425219617167764 0.22754493028111375
29 39 40 -0.5946035575013607 -0.5946035575013607
29 39 43 -8.326672684688674e-17 -0.3826834323650897
29 39 44 -0.38268343236508984 1.1102230246251565e-16
29 39 46 -0.27059805007309845 0.27059805007309856
29 39 47 0.2705980500730985 0.2705980500730985
30 36 40 0.5946035575013607 -0.5946035575013607
30 36 43 0.3826834323650897 -7.850462293418877e-17
30 36 44 -3.0042418560982486e-17 -0.3826834323650896
30 36 46 -0.2705980500730985 -0.2705980500730985
30 36 47 -0.27059805007309856 0.2705980500730985
30 37 40 0.5 0.20710678118654752
30 37 43 0.5493420567339048 0.2275449302811136
30 37 44 -0.09425219617167761 0.22754493028111364
30 37 45 0.7071067811865472 -0.7071067811865477
30 37 46 0.09425219617167765 0.22754493028111372
30 37 47 0.0942521961716776 0.22754493028111372
30 38 41 -0.20710678118654754 0.5000000000000002
30 38 42 0.7071067811865475 0.7071067811865475
30 38 43 -0.22754493028111372 0.09425219617167764
30 38 44 0.09425219617167765 0.22754493028111372
30 38 46 -0.0942521961716777 0.22754493028111378
30 38 47 0.22754493028111372 -0.5493420567339049
30 39 41 0.5946035575013607 -0.5946035575013607
30 39 43 -0.27059805007309856 0.2705980500730985
30 39 44 -0.27059805007309845 0.2705980500730985
30 39 46 -0.3826834323650898 2.7755575615628914e-17
30 39 47 -0.3826834323650897 3.00424185609825e-17
31 36 40 0.20710678118654763 -0.5000000000000002
31 36 42 0.7071067811865475 0.7071067811865474
31 36 43 -0.09425219617167763 0.2275449302811136
31 36 44 -0.09425219617167764 0.22754493028111358
31 36 46 -0.549342056733905 0.22754493028111367
31 36 47 -0.09425219617167763 -0.22754493028111372
31 37 40 -0.8408964152537146 0.
31 37 43 -0.2705980500730985 -0.27059805007309845
31 37 44 -0.27059805007309845 0.27059805007309834
31 37 46 5.551115123125783e-17 0.3826834323650898
31 37 47 0.38268343236508984 5.551115123125783e-17
31 38 41 0. -0.8408964152537146
31 38 43 -8.326672684688674e-17 0.3826834323650898
31 38 44 5.551115123125783e-17 0.3826834323650898
31 38 46 -0.2705980500730986 0.27059805007309845
31 38 47 -0.27059805007309856 0.2705980500730985
31 39 41 0.20710678118654763 -0.5000000000000002
31 39 43 -0.09425219617167763 -0.22754493028111372
31 39 44 0.22754493028111372 0.549342056733905
31 39 45 -0.7071067811865475 -0.7071067811865475
31 39 46 0.22754493028111367 0.09425219617167767
31 39 47 0.09425219617167768 -0.22754493028111367
32 40 32 1. 0
32 41 33 0. -1.
32 42 32 1.0000000000000002 0
32 43 32 0.3217971264527913 0.3217971264527914
32 43 33 0.3217971264527913 -0.32179712645279135
32 44 32 -0.4550898605622274 -5.551115123125783e-17
32 44 33 1.0986841134678098 -1.1102230246251565e-16
32 45 33 0. 1.0000000000000002
32 46 32 1.0986841134678098 -1.1102230246251565e-16
32 46 33 -0.4550898605622274 0.
32 47 32 0.3217971264527914 0.3217971264527914
32 47 33 -0.3217971264527914 0.3217971264527913
33 40 33 1. 0
33 41 32 0. -1.
33 42 33 1.0000000000000002 0
33 43 32 0.3217971264527913 -0.3217971264527913
33 43 33 0.3217971264527913 0.3217971264527914
33 44 32 1.0986841134678096 0
33 44 33 -0.4550898605622274 -5.551115123125783e-17
33 45 32 0. 1.0000000000000002
33 46 32 -0.4550898605622274 0.
33 46 33 1.0986841134678098 1.1102230246251565e-16
33 47 32 -0.3217971264527914 0.3217971264527913
33 47 33 0.3217971264527914 0.3217971264527914
34 40 34 1. 0
34 41 35 1. 0
34 42 35 -0.9999999999999997 1.1102230246251565e-16
34 43 34 -0.7768869870150187 -0.7768869870150187
34 43 35 0.3217971264527913 -0.32179712645279135
34 44 34 0. -0.45508986056222744
34 44 35 2.7755575615628914e-17 -0.4550898605622274
34 45 34 -0.9999999999999997 1.1102230246251565e-16
34 46 34 -0.45508986056222733 2.7755575615628914e-17
34 46 35 0.45508986056222744 0.
34 47 34 0.3217971264527913 -0.32179712645279135
34 47 35 0.7768869870150187 0.7768869870150187
35 40 35 1. 0
35 41 34 -1. 0
35 42 34 0.9999999999999997 -1.1102230246251565e-16
35 43 34 -0.3217971264527913 0.3217971264527913
35 43 35 -0.7768869870150187 -0.7768869870150187
35 44 34 -8.326672684688674e-17 0.4550898605622272
35 44 35 0. -0.45508986056222744
35 45 35 -0.9999999999999997 -1.1102230246251565e-16
35 46 34 -0.45508986056222744 0.
35 46 35 -0.45508986056222733 -1.1102230246251565e-16
35 47 34 -0.7768869870150187 -0.7768869870150187
35 47 35 0.32179712645279135 -0.32179712645279124
36 40 36 1. 0
36 41 39 1. 0
36 42 36 -0.20710678118654763 -0.5000000000000001
36 42 38 -2.0605164023711842e-16 -0.8408964152537142
36 43 36 0.0942521961716777 -0.22754493028111372
36 43 37 0.27059805007309856 -0.27059805007309845
36 43 38 -0.3826834323650897 -2.7755575615628914e-17
36 43 39 -0.22754493028111372 0.0942521961716777
36 44 36 0.09425219617167768 0.22754493028111375
36 44 37 -0.3826834323650898 5.551115123125783e-17
36 44 38 -0.27059805007309845 -0.27059805007309845
36 44 39 -0.549342056733905 -0.2275449302811135
36 45 37 0.8408964152537142 -2.0605164023711842e-16
36 45 39 0.20710678118654763 0.5000000000000001
36 46 36 -0.2275449302811135 0.549342056733905
36 46 37 -0.27059805007309856 -0.27059805007309845
36 46 38 -0.3826834323650898 5.551115123125783e-17
36 46 39 -0.22754493028111367 0.09425219617167768
36 47 36 -0.22754493028111367 0.09425219617167771
36 47 37 2.7755575615628914e-17 -0.3826834323650897
36 47 38 0.2705980500730985 0.2705980500730985
36 47 39 -0.0942521961716777 0.22754493028111372
37 40 37 1. 0
37 41 38 0. -1.
37 42 36 -0.5946035575013605 0.5946035575013606
37 42 38 0.4999999999999999 -0.20710678118654754
37 43 36 0.27059805007309856 0.2705980500730985
37 43 37 0.5493420567339049 -0.22754493028111378
37 43 38 -0.09425219617167763 0.22754493028111372
37 43 39 -1.0583010478142801e-16 -0.3826834323650897
37 44 36 -5.551115123125783e-17 0.3826834323650898
37 44 37 0.22754493028111375 0.09425219617167765
37 44 38 0.09425219617167765 0.2275449302811137
37 44 39 -0.2705980500730984 0.2705980500730985
37 45 37 0.20710678118654754 0.4999999999999999
37 45 39 0.5946035575013605 -0.5946035575013606
37 46 36 0.2705980500730985 0.2705980500730984
37 46 37 0.09425219617167768 0.2275449302811137
37 46 38 0.22754493028111375 0.09425219617167765
37 46 39 -0.3826834323650898 0.
37 47 36 -1.0583010478142801e-16 -0.3826834323650897
37 47 37 -0.22754493028111372 -0.09425219617167763
37 47 38 0.22754493028111378 0.5493420567339049
37 47 39 -0.27059805007309856 -0.2705980500730985
38 40 38 1. 0
38 41 37 0. -1.
38 42 37 0.4999999999999999 -0.20710678118654754
38 42 39 -0.5946035575013606 -0.5946035575013605
38 43 36 -0.3826834323650897 2.7755575615628914e-17
38 43 37 -0.09425219617167763 0.2275449302811136
38 43 38 0.549342056733905 -0.2275449302811137
38 43 39 -0.2705980500730985 0.27059805007309856
38 44 36 0.2705980500730984 0.27059805007309845
38 44 37 0.09425219617167759 0.22754493028111367
38 44 38 0.22754493028111372 0.09425219617167767
38 44 39 -0.38268343236508984 0.
38 45 36 -0.5946035575013606 -0.5946035575013605
38 45 38 0.20710678118654746 0.4999999999999999
38 46 36 0. 0.3826834323650898
38 46 37 0.22754493028111372 0.09425219617167767
38 46 38 0.09425219617167764 0.22754493028111372
38 46 39 -0.27059805007309856 0.27059805007309845
38 47 36 -0.2705980500730985 0.27059805007309856
38 47 37 0.22754493028111367 0.549342056733905
38 47 38 -0.2275449302811137 -0.09425219617167767
38 47 39 0.3826834323650898 8.326672684688674e-17
39 40 39 1. 0
39 41 36 -1. 0
39 42 37 -0.8408964152537142 1.6653345369377348e-16
39 42 39 -0.20710678118654754 -0.5000000000000001
39 43 36 0.2275449302811136 -0.09425219617167764
39 43 37 0. 0.38268343236508967
39 43 38 -0.2705980500730985 -0.27059805007309856
39 43 39 0.09425219617167768 -0.22754493028111367
39 44 36 0.5493420567339049 0.22754493028111344
39 44 37 -0.2705980500730984 0.2705980500730984
39 44 38 2.7755575615628914e-17 0.3826834323650898
39 44 39 0.09425219617167765 0.22754493028111372
39 45 36 -0.20710678118654754 -0.5000000000000001
39 45 38 -5.551115123125783e-17 -0.8408964152537142
39 46 36 0.22754493028111375 -0.0942521961716777
39 46 37 2.7755575615628914e-17 0.3826834323650898
39 46 38 -0.27059805007309845 0.2705980500730985
39 46 39 -0.22754493028111364 0.5493420567339049
39 47 36 0.09425219617167768 -0.22754493028111367
39 47 37 0.27059805007309856 -0.2705980500730985
39 47 38 -0.3826834323650897 -2.7755575615628914e-17
39 47 39 -0.2275449302811137 0.09425219617167767
40 40 40 1. 0
40 41 41 1. 0
40 42 42 1. 0
40 43 43 1. 0
40 44 44 1. 0
40 45 45 1. 0
40 46 46 1. 0
40 47 47 1. 0
41 40 41 1. 0
41 41 40 -1. 0
41 42 45 -1. 0
41 43 47 -1. 0
41 44 46 0. -1.
41 45 42 1. 0
41 46 44 0. -1.
41 47 43 1. 0
42 40 42 1. 0
42 41 45 -1. 0
42 42 41 -0.29289321881345265 0.2928932188134527
42 42 43 0.45508986056222744 -0.4550898605622275
42 42 46 0.6435942529055825 -5.551115123125783e-17
42 43 41 0.4550898605622276 0.45508986056222756
42 43 43 -0.20710678118654757 0.5000000000000001
42 43 46 0.4999999999999999 0.20710678118654752
42 44 41 1.1102230246251565e-16 0.6435942529055829
42 44 43 0.5 0.20710678118654754
42 44 46 -0.4999999999999999 -0.20710678118654752
42 45 40 -0.29289321881345265 0.2928932188134527
42 45 44 5.551115123125783e-17 0.6435942529055825
42 45 47 0.45508986056222744 -0.4550898605622275
42 46 40 0.6435942529055829 -1.1102230246251565e-16
42 46 44 -0.4999999999999999 -0.20710678118654752
42 46 47 0.20710678118654754 -0.5
42 47 40 0.4550898605622276 0.45508986056222756
42 47 44 -0.20710678118654752 0.4999999999999999
42 47 47 -0.20710678118654757 0.5000000000000001
43 40 43 1. 0
43 41 47 -1. 0
43 42 41 0.4550898605622275 0.45508986056222744
43 42 43 -0.20710678118654754 0.5000000000000001
43 42 46 0.49999999999999994 0.20710678118654732
43 43 41 -0.5 -0.2071067811865475
43 43 43 -0.22754493028111372 0.09425219617167767
43 43 44 -0.22754493028111367 -0.549342056733905
43 43 45 -2.450380766279622e-16 -0.9999999999999998
43 43 46 0.09425219617167761 -0.22754493028111372
43 43 47 -0.09425219617167763 0.22754493028111372
43 44 41 -0.20710678118654752 0.5000000000000002
43 44 43 0.09425219617167761 -0.22754493028111372
43 44 44 -0.22754493028111364 0.5493420567339051
43 44 46 0.22754493028111372 -0.0942521961716777
43 44 47 -0.5493420567339049 0.22754493028111378
43 45 40 0.4550898605622275 0.4550898605622276
43 45 44 -0.20710678118654732 0.49999999999999994
43 45 47 -0.20710678118654754 0.5000000000000001
43 46 40 0.5000000000000001 0.20710678118654754
43 46 43 -0.22754493028111378 -0.5493420567339049
43 46 44 0.22754493028111367 -0.09425219617167771
43 46 46 -0.22754493028111364 0.5493420567339051
43 46 47 -0.22754493028111378 -0.09425219617167765
43 47 40 -0.5 -0.20710678118654757
43 47 42 1.3401577416544657e-16 0.9999999999999998
43 47 43 0.09425219617167765 -0.22754493028111372
43 47 44 0.22754493028111372 0.09425219617167761
43 47 46 0.549342056733905 -0.22754493028111372
43 47 47 -0.22754493028111372 0.09425219617167767
44 40 44 1. 0
44 41 46 0. -1.
44 42 41 0. 0.643594252905583
44 42 43 0.5000000000000001 0.2071067811865476
44 42 46 -0.49999999999999994 -0.20710678118654732
44 43 41 -0.20710678118654768 0.5000000000000003
44 43 43 0.09425219617167767 -0.22754493028111372
44 43 44 -0.22754493028111367 0.549342056733905
44 43 46 0.22754493028111372 -0.0942521961716777
44 43 47 -0.549342056733905 0.22754493028111378
44 44 41 0.20710678118654752 -0.5
44 44 42 1. -7.850462293418876e-17
44 44 43 0.22754493028111372 -0.09425219617167761
44 44 44 -0.22754493028111372 0.0942521961716777
44 44 46 0.09425219617167761 -0.22754493028111372
44 44 47 0.549342056733905 0.22754493028111367
44 45 40 0. 0.643594252905583
44 45 44 0.20710678118654732 -0.49999999999999994
44 45 47 0.5000000000000001 0.2071067811865476
44 46 40 -0.5000000000000002 -0.20710678118654754
44 46 43 -0.22754493028111367 0.549342056733905
44 46 44 0.09425219617167764 -0.22754493028111372
44 46 45 -7.850462293418876e-17 -1.
44 46 46 -0.22754493028111372 0.0942521961716777
44 46 47 -0.09425219617167764 -0.22754493028111375
44 47 40 -0.20710678118654768 0.5000000000000003
44 47 43 0.549342056733905 -0.22754493028111378
44 47 44 0.0942521961716777 0.22754493028111372
44 47 46 -0.549342056733905 -0.22754493028111367
44 47 47 0.09425219617167767 -0.22754493028111372
45 40 45 1. 0
45 41 42 1. 0
45 42 40 -0.29289321881345265 0.2928932188134527
45 42 44 1.1102230246251565e-16 0.6435942529055823
45 42 47 0.45508986056222744 -0.4550898605622275
45 43 40 0.4550898605622276 0.45508986056222756
45 43 44 -0.20710678118654746 0.49999999999999967
45 43 47 -0.20710678118654757 0.5000000000000001
45 44 40 1.1102230246251565e-16 0.6435942529055829
45 44 44 0.20710678118654746 -0.49999999999999967
45 44 47 0.5 0.20710678118654754
45 45 41 0.29289321881345265 -0.2928932188134527
45 45 43 -0.4550898605622274 0.45508986056222744
45 45 46 -0.6435942529055824 -5.665484956686687e-17
45 46 41 -0.6435942529055829 1.1102230246251565e-16
45 46 43 -0.20710678118654754 0.5
45 46 46 0.2071067811865476 -0.49999999999999983
45 47 41 -0.45508986056222767 -0.4550898605622276
45 47 43 0.20710678118654757 -0.5000000000000001
45 47 46 -0.49999999999999983 -0.2071067811865476
46 40 46 1. 0
46 41 44 0. -1.
46 42 40 0.643594252905583 0
46 42 44 -0.4999999999999999 -0.2071067811865473
46 42 47 0.20710678118654757 -0.5000000000000001
46 43 40 0.5000000000000003 0.20710678118654768
46 43 43 -0.2275449302811137 -0.5493420567339049
46 43 44 0.2275449302811136 -0.09425219617167764
46 43 46 -0.22754493028111367 0.5493420567339049
46 43 47 -0.22754493028111372 -0.09425219617167768
46 44 40 -0.5 -0.20710678118654752
46 44 43 -0.22754493028111358 0.5493420567339049
46 44 44 0.09425219617167761 -0.22754493028111364
46 44 45 -7.850462293418876e-17 -1.
46 44 46 -0.22754493028111375 0.09425219617167765
46 44 47 -0.0942521961716776 -0.22754493028111372
46 45 41 -0.643594252905583 0
46 45 43 -0.20710678118654757 0.5000000000000001
46 45 46 0.2071067811865474 -0.49999999999999983
46 46 41 0.20710678118654754 -0.5000000000000002
46 46 42 1. -7.850462293418876e-17
46 46 43 0.22754493028111372 -0.09425219617167764
46 46 44 -0.22754493028111375 0.09425219617167765
46 46 46 0.0942521961716777 -0.22754493028111378
46 46 47 0.549342056733905 0.22754493028111372
46 47 41 -0.5000000000000003 -0.20710678118654768
46 47 43 0.22754493028111372 0.09425219617167767
46 47 44 -0.5493420567339049 -0.22754493028111367
46 47 46 0.09425219617167765 0.22754493028111375
46 47 47 -0.22754493028111372 -0.549342056733905
47 40 47 1. 0
47 41 43 1. 0
47 42 40 0.4550898605622275 0.4550898605622276
47 42 44 -0.20710678118654746 0.4999999999999999
47 42 47 -0.20710678118654757 0.5000000000000001
47 43 40 -0.5 -0.20710678118654757
47 43 42 1.6653345369377348e-16 0.9999999999999998
47 43 43 0.09425219617167763 -0.2275449302811136
47 43 44 0.2275449302811136 0.0942521961716777
47 43 46 0.549342056733905 -0.22754493028111367
47 43 47 -0.22754493028111372 0.09425219617167764
47 44 40 -0.2071067811865476 0.5000000000000002
47 44 43 0.5493420567339048 -0.2275449302811137
47 44 44 0.0942521961716776 0.2275449302811136
47 44 46 -0.5493420567339051 -0.22754493028111364
47 44 47 0.09425219617167767 -0.22754493028111375
47 45 41 -0.45508986056222756 -0.4550898605622276
47 45 43 0.20710678118654757 -0.5000000000000001
47 45 46 -0.4999999999999999 -0.20710678118654754
47 46 41 -0.5000000000000001 -0.20710678118654754
47 46 43 0.22754493028111367 0.09425219617167765
47 46 44 -0.5493420567339051 -0.22754493028111364
47 46 46 0.09425219617167763 0.22754493028111372
47 46 47 -0.22754493028111364 -0.549342056733905
47 47 41 0.5 0.20710678118654757
47 47 43 0.22754493028111372 -0.09425219617167764
47 47 44 0.22754493028111372 0.549342056733905
47 47 45 0. 0.9999999999999998
47 47 46 -0.09425219617167771 0.22754493028111367
47 47 47 0.09425219617167768 -0.22754493028111367