1 0 0 0 0 0 1 0 0 0 0 0 1 0 0 0 0 0 1 0 0 0 0 0 1 0 0 0 0 0 1 0 0 0 0 0
0 0 0 1. 0
0 1 1 1. 0
0 2 2 1. 0
0 3 3 1. 0
0 4 4 1. 0
0 5 5 1. 0
1 0 1 1. 0
1 1 0 1. 0
1 2 5 1. 0
1 3 4 1. 0
1 4 3 1. 0
1 5 2 1. 0
2 0 2 1. 0
2 1 5 1. 0
2 2 4 1. 0
2 3 0 1. 0
2 4 1 1. 0
2 5 3 1. 0
3 0 3 1. 0
3 1 4 1. 0
3 2 0 1. 0
3 3 5 1. 0
3 4 2 1. 0
3 5 1 1. 0
4 0 4 1. 0
4 1 3 1. 0
4 2 1 1. 0
4 3 2 1. 0
4 4 5 1. 0
4 5 0 1. 0
5 0 5 1. 0
5 1 2 1. 0
5 2 3 1. 0
5 3 1 1. 0
5 4 0 1. 0
5 5 4 1. 0
6 6 6 1. 0
6 7 7 1. 0
6 8 8 1. 0
6 9 9 1. 0
6 10 10 1. 0
6 11 11 1. 0
7 6 7 1. 0
7 7 6 -1. 0
7 8 11 -1. 0
7 9 10 -1. 0
7 10 9 1. 0
7 11 8 1. 0
8 6 8 1. 0
8 7 11 -1. 0
8 8 10 1. 0
8 9 6 1. 0
8 10 7 -1. 0
8 11 9 -1. 0
9 6 9 1. 0
9 7 10 -1. 0
9 8 6 1. 0
9 9 11 -1. 0
9 10 8 1. 0
9 11 7 -1. 0
10 6 10 1. 0
10 7 9 1. 0
10 8 7 -1. 0
10 9 8 1. 0
10 10 11 1. 0
10 11 6 -1. 0
11 6 11 1. 0
11 7 8 1. 0
11 8 9 -1. 0
11 9 7 -1. 0
11 10 6 -1. 0
11 11 10 -1. 0
12 12 12 1. 0
12 13 13 1. 0
12 14 14 1. 0
12 15 15 1. 0
12 16 16 1. 0
12 17 17 1. 0
13 12 13 1. 0
13 13 12 -1. 0
13 14 17 1. 0
13 15 16 1. 0
13 16 15 -1. 0
13 17 14 -1. 0
14 12 14 1. 0
14 13 17 1. 0
14 14 16 -0.4999999999999998 0.8660254037844387
14 15 12 1. 0
14 16 13 1. 0
14 17 15 0.4999999999999998 -0.8660254037844387
15 12 15 1. 0
15 13 16 1. 0
15 14 12 1. 0
15 15 17 0.4999999999999998 0.8660254037844387
15 16 14 -0.4999999999999998 -0.8660254037844387
15 17 13 1. 0
16 12 16 1. 0
16 13 15 -1. 0
16 14 13 1. 0
16 15 14 -0.4999999999999998 -0.8660254037844387
16 16 17 -0.4999999999999998 -0.8660254037844387
16 17 12 -1. 0
17 12 17 1. 0
17 13 14 -1. 0
17 14 15 0.4999999999999998 -0.8660254037844387
17 15 13 1. 0
17 16 12 -1. 0
17 17 16 0.4999999999999998 -0.8660254037844387
18 18 18 1. 0
18 19 19 1. 0
18 20 20 1. 0
18 21 21 1. 0
18 22 22 1. 0
18 23 23 1. 0
19 18 19 1. 0
19 19 18 -1. 0
19 20 23 1. 0
19 21 22 -1. 0
19 22 21 1. 0
19 23 20 -1. 0
20 18 20 1. 0
20 19 23 1. 0
20 20 22 1. 0
20 21 18 0.4999999999999998 0.8660254037844387
20 22 19 -0.4999999999999998 -0.8660254037844387
20 23 21 1. 0
21 18 21 1. 0
21 19 22 -1. 0
21 20 18 0.4999999999999998 0.8660254037844387
21 21 23 0.4999999999999998 0.8660254037844387
21 22 20 0.4999999999999998 0.8660254037844387
21 23 19 0.4999999999999998 0.8660254037844387
22 18 22 1. 0
22 19 21 1. 0
22 20 19 -0.4999999999999998 -0.8660254037844387
22 21 20 0.4999999999999998 0.8660254037844387
22 22 23 -0.4999999999999998 -0.8660254037844387
22 23 18 0.4999999999999998 0.8660254037844387
23 18 23 1. 0
23 19 20 -1. 0
23 20 21 1. 0
23 21 19 0.4999999999999998 0.8660254037844387
23 22 18 0.4999999999999998 0.8660254037844387
23 23 22 -1. 0
24 24 24 1. 0
24 25 25 1. 0
24 26 26 1. 0
24 27 27 1. 0
24 28 28 1. 0
24 29 29 1. 0
25 24 25 1. 0
25 25 24 1. 0
25 26 29 -1. 0
25 27 28 -1. 0
25 28 27 -1. 0
25 29 26 -1. 0
26 24 26 1. 0
26 25 29 -1. 0
26 26 28 1. 0
26 27 24 -0.4999999999999998 -0.8660254037844387
26 28 25 0.4999999999999998 0.8660254037844387
26 29 27 1. 0
27 24 27 1. 0
27 25 28 -1. 0
27 26 24 -0.4999999999999998 -0.8660254037844387
27 27 29 -0.4999999999999998 -0.8660254037844387
27 28 26 -0.4999999999999998 -0.8660254037844387
27 29 25 0.4999999999999998 0.8660254037844387
28 24 28 1. 0
28 25 27 -1. 0
28 26 25 0.4999999999999998 0.8660254037844387
28 27 26 -0.4999999999999998 -0.8660254037844387
28 28 29 -0.4999999999999998 -0.8660254037844387
28 29 24 -0.4999999999999998 -0.8660254037844387
29 24 29 1. 0
29 25 26 -1. 0
29 26 27 1. 0
29 27 25 0.4999999999999998 0.8660254037844387
29 28 24 -0.4999999999999998 -0.8660254037844387
29 29 28 1. 0
30 30 30 1. 0
30 31 31 1. 0
30 32 32 1. 0
30 33 33 1. 0
30 34 34 1. 0
30 35 35 1. 0
31 30 31 1. 0
31 31 30 1. 0
31 32 35 1. 0
31 33 34 -1. 0
31 34 33 -1. 0
31 35 32 1. 0
32 30 32 1. 0
32 31 35 1. 0
32 32 34 -0.4999999999999998 0.8660254037844387
32 33 30 -1. 0
32 34 31 1. 0
32 35 33 0.4999999999999998 -0.8660254037844387
33 30 33 1. 0
33 31 34 -1. 0
33 32 30 -1. 0
33 33 35 -0.4999999999999998 -0.8660254037844387
33 34 32 0.4999999999999998 0.8660254037844387
33 35 31 -1. 0
34 30 34 1. 0
34 31 33 -1. 0
34 32 31 1. 0
34 33 32 0.4999999999999998 0.8660254037844387
34 34 35 -0.4999999999999998 -0.8660254037844387
34 35 30 1. 0
35 30 35 1. 0
35 31 32 1. 0
35 32 33 0.4999999999999998 -0.8660254037844387
35 33 31 -1. 0
35 34 30 1. 0
35 35 34 -0.4999999999999998 0.8660254037844387