1 0 0 0 0 0 1 0 0 0 0 0 1 0 0 0 0
0 0 0 1. 0
0 1 1 1. 0
0 2 2 1. 0
1 0 1 1. 0
1 1 0 1. 0
1 2 2 1. 0
2 0 2 1. 0
2 1 2 1. 0
2 2 0 1. 0
2 2 1 1. 0
2 2 2 1. 0
3 0 3 1. 0
3 1 3 1. 0
3 2 3 -1. 0
4 0 4 1. 0
4 1 4 -1. 0
5 3 0 1. 0
5 3 1 1. 0
5 3 2 -1. 0
6 3 3 1. 0
7 3 3 1. 0
8 3 3 1. 0
10 4 0 1.4142135623730951 0
10 4 1 -1.4142135623730951 0
12 4 4 1. 0
13 4 4 1. 0
14 4 4 1. 0
15 4 4 1. 0
0 5 5 1. 0
1 5 5 1. 0
2 5 5 -1. 0
3 5 6 1. 0
3 5 7 1. 0
3 5 8 1. 0
5 6 5 1. 0
5 7 5 1. 0
5 8 5 1. 0
6 6 6 1. 0
6 7 7 1. 0
6 8 8 1. 0
7 6 7 1. 0
7 7 6 1. 0
7 8 8 1. 0
8 6 8 1. 0
8 7 8 1. 0
8 8 6 1. 0
8 8 7 1. 0
8 8 8 -1. 0
9 6 9 1. 0
9 7 9 -1. 0
11 9 6 -1.4142135623730951 0
11 9 7 1.4142135623730951 0
12 9 9 1. 0
13 9 9 1. 0
14 9 9 -1. 0
15 9 9 -1. 0
0 10 10 1. 0
1 10 10 -1. 0
4 10 12 0.7071067811865475 0
4 10 13 0.7071067811865475 0
4 10 14 0.7071067811865475 0
4 10 15 0.7071067811865475 0
6 11 11 1. 0
7 11 11 -1. 0
9 11 12 -0.7071067811865475 0
9 11 13 -0.7071067811865475 0
9 11 14 0.7071067811865475 0
9 11 15 0.7071067811865475 0
10 12 10 1. 0
10 13 10 1. 0
10 14 10 1. 0
10 15 10 1. 0
11 12 11 1. 0
11 13 11 1. 0
11 14 11 -1. 0
11 15 11 -1. 0
12 12 12 1. 0
12 13 13 1. 0
12 14 14 1. 0
12 15 15 1. 0
12 16 16 1. 0
13 12 13 1. 0
13 13 12 1. 0
13 14 15 1. 0
13 15 14 1. 0
13 16 16 -1. 0
14 12 14 1. 0
14 13 15 1. 0
14 14 12 0.5 0
14 14 13 0.5 0
14 14 16 -0.35355339059327356 -0.6123724356957945
14 15 12 0.5 0
14 15 13 0.5 0
14 15 16 0.35355339059327356 0.6123724356957945
14 16 12 -0.35355339059327356 -0.6123724356957945
14 16 13 0.35355339059327356 0.6123724356957945
15 12 15 1. 0
15 13 14 1. 0
15 14 12 0.5 0
15 14 13 0.5 0
15 14 16 0.35355339059327356 0.6123724356957945
15 15 12 0.5 0
15 15 13 0.5 0
15 15 16 -0.35355339059327356 -0.6123724356957945
15 16 12 0.35355339059327356 0.6123724356957945
15 16 13 -0.35355339059327356 -0.6123724356957945
16 12 16 1. 0
16 13 16 -1. 0
16 14 12 -0.35355339059327356 -0.6123724356957945
16 14 13 0.35355339059327356 0.6123724356957945
16 15 12 0.35355339059327356 0.6123724356957945
16 15 13 -0.35355339059327356 -0.6123724356957945
16 16 14 1. 0
16 16 15 -1. 0