1 0 0 0 0 0 0 1 0 0 0 0 0 0 0 0 0 0 0 0 1 0 0 0 0 0
0 0 0 1. 0
0 1 1 1. 0
0 2 2 1. 0
1 0 1 1. 0
1 1 0 1. 8.215030612618246e-17
1 1 2 1.0000000000000002 8.215030612618246e-17
1 2 1 1. 0.
1 2 2 0.9999999999999999 4.1075153063091217e-17
2 0 2 1. 0
2 1 1 1. 0.
2 1 2 0.9999999999999999 4.1075153063091217e-17
2 2 0 1. 0.
2 2 1 1. -4.107515306309122e-17
2 2 2 1. 0.
3 0 3 1. 0
3 1 3 0.44504186791262873 1.8280162843995253e-17
3 2 3 -0.8019377358048383 0.
4 0 4 1. 0
4 1 5 0.7449551208545192 6.119829122846598e-17
4 2 4 -0.4450418679126288 0.
4 2 5 -0.5974076228942926 -2.4538609551440548e-17
5 0 5 1. 0
5 1 4 0.7449551208545192 0.
5 1 5 -0.8019377358048382 -3.293971524525254e-17
5 2 4 -0.5974076228942927 2.4538609551440554e-17
5 2 5 0.19806226419516174 0.
6 3 0 1.3423627437488117 0.
6 3 1 0.5974076228942927 -2.4538609551440554e-17
6 3 2 -1.0764913393506925 0.
7 3 3 1. 0
8 3 3 0.9999999999999999 4.1075153063091217e-17
9 3 3 0.5349843588513417 2.197456442617858e-17
10 3 3 0.5349843588513417 0.
11 3 3 0.8632790272924121 0.
12 3 4 1.0764913393506923 0.
12 3 5 0.6431041321077906 2.6415600661833934e-17
13 3 4 -1.0764913393506923 4.421704653492177e-17
13 3 5 -0.6431041321077905 0.
14 3 4 -0.3568958678922094 1.4659552401257286e-17
14 3 5 -0.21321231205828037 0.
15 4 0 -1.4989928631309315 -1.2314272258716873e-16
15 4 2 0.6671145837954894 5.4803667280040235e-17
15 5 1 -1.1166824095137646 0.
15 5 2 0.8955097630985597 3.67832005887659e-17
16 4 1 -1.1166824095137646 0.
16 4 2 0.8955097630985597 3.67832005887659e-17
16 5 0 -1.4989928631309315 0.
16 5 1 1.202098942646831 -4.93763980661987e-17
16 5 2 -0.2968939204841004 0.
17 4 3 1.2020989426468311 9.875279613239741e-17
17 5 3 0.7181430718103861 2.9497836595810114e-17
18 4 3 -1.2020989426468307 -4.937639806619869e-17
18 5 3 -0.718143071810386 0.
19 4 3 0.3985393377033786 1.6370064297829284e-17
19 5 3 0.23809043836724123 0.
20 4 4 1. 0
20 5 5 1. 0
21 4 5 0.49697042539518094 4.0826272581873225e-17
21 5 4 0.4969704253951808 0.
21 5 5 -0.5349843588513417 -2.197456442617858e-17
22 4 5 -0.8019377358048385 -6.58794304905051e-17
22 5 4 -0.8019377358048382 0.
22 5 5 0.8632790272924121 3.545931818219233e-17
23 4 4 1. 0.
23 5 5 1. 0.
24 4 5 -0.8019377358048382 -3.293971524525254e-17
24 5 4 -0.8019377358048382 3.293971524525254e-17
24 5 5 0.8632790272924121 0.
25 4 4 -0.8318782793354421 0.
25 4 5 -0.7181430718103861 -2.9497836595810114e-17
25 5 4 -0.7181430718103858 2.9497836595810114e-17
25 5 5 -0.05880348211685924 0.
0 6 6 1. 0
1 6 6 0.44504186791262873 1.8280162843995253e-17
2 6 6 -0.8019377358048383 0.
3 6 7 0.744955120854519 0.
3 6 8 0.744955120854519 -3.059914561423299e-17
3 6 9 0.3985393377033786 -1.637006429782928e-17
3 6 10 0.3985393377033787 0.
3 6 11 0.6431041321077907 0.
4 6 12 0.8019377358048382 0.
4 6 13 -0.8019377358048382 -3.293971524525254e-17
4 6 14 -0.2658714043981193 -1.0920708630751776e-17
5 6 12 0.4790837164563997 -1.9678436983481213e-17
5 6 13 -0.47908371645639986 0.
5 6 14 -0.1588336036970477 0.
6 7 6 1. 0
6 8 6 0.9999999999999999 4.1075153063091217e-17
6 9 6 0.5349843588513417 2.197456442617858e-17
6 10 6 0.5349843588513417 0.
6 11 6 0.8632790272924121 0.
7 7 7 1. 0
7 8 8 1. 0
7 9 9 1. 0
7 10 10 1. 0
7 11 11 1. 0
8 7 8 1. 0
8 8 7 0.5549581320873712 4.558998043819194e-17
8 8 10 0.8318782793354423 6.83390553071285e-17
8 9 7 0.8318782793354422 6.833905530712849e-17
8 9 10 -0.5549581320873714 -4.558998043819195e-17
8 10 9 -0.4450418679126288 0.
8 10 11 0.8955097630985595 3.6783200588765887e-17
8 11 9 0.8955097630985596 0.
8 11 11 0.44504186791262873 1.8280162843995253e-17
9 7 9 1. 0
9 8 7 0.8318782793354422 6.833905530712849e-17
9 8 10 -0.5549581320873713 -4.558998043819194e-17
9 9 7 -0.5549581320873713 -4.558998043819195e-17
9 9 10 -0.16476369553995293 -1.3535388027088253e-17
9 9 11 1.0764913393506927 8.843409306984354e-17
9 10 8 1. 0.
9 10 9 -0.3702206633113887 0.
9 10 11 -0.5974076228942926 -2.453860955144055e-17
9 11 9 -0.5974076228942926 0.
9 11 10 1.0764913393506923 4.4217046534921764e-17
9 11 11 0.23809043836724123 9.779601198792921e-18
10 7 10 1. 0
10 8 9 -0.4450418679126288 0.
10 8 11 0.8955097630985595 3.6783200588765887e-17
10 9 8 1. 0.
10 9 9 -0.3702206633113887 0.
10 9 11 -0.5974076228942927 -2.4538609551440554e-17
10 10 7 -0.4450418679126289 0.
10 10 9 0.9640085042795897 -3.959679686740578e-17
10 10 10 -0.3702206633113887 0.
10 10 11 0.4790837164563997 0.
10 11 7 0.8955097630985597 0.
10 11 9 0.47908371645639974 -1.9678436983481216e-17
10 11 10 -0.5974076228942927 0.
10 11 11 -0.429024145428248 0.
11 7 11 1. 0
11 8 9 0.8955097630985596 0.
11 8 11 0.44504186791262873 1.8280162843995253e-17
11 9 9 -0.5974076228942926 0.
11 9 10 1.0764913393506925 4.421704653492177e-17
11 9 11 0.23809043836724123 9.779601198792921e-18
11 10 7 0.8955097630985597 0.
11 10 9 0.47908371645639974 -1.9678436983481216e-17
11 10 10 -0.5974076228942927 0.
11 10 11 -0.429024145428248 0.
11 11 7 0.44504186791262873 0.
11 11 8 1. -4.107515306309122e-17
11 11 9 -0.42902414542824796 1.7622232441227196e-17
11 11 10 0.23809043836724123 0.
11 11 11 -0.6922960285146801 0.
12 7 12 1. 0
12 8 13 -1.0000000000000002 -8.215030612618246e-17
12 9 13 -0.2968939204841005 -2.4389926454771323e-17
12 9 14 -0.7181430718103862 -5.899567319162024e-17
12 10 12 0.29689392048410046 0.
12 10 14 -0.7181430718103858 -2.949783659581011e-17
12 11 12 0.4790837164563997 0.
12 11 13 -0.47908371645639963 -1.9678436983481213e-17
12 11 14 0.2862082642155811 1.1756048260576648e-17
13 7 13 1. 0
13 8 12 -0.8019377358048383 0.
13 8 14 0.5974076228942926 2.4538609551440548e-17
13 9 12 -0.6671145837954892 0.
13 9 14 -0.3985393377033787 -1.6370064297829284e-17
13 10 12 -0.42902414542824796 1.7622232441227193e-17
13 10 13 0.29689392048410046 0.
13 10 14 -0.5759060289915522 0.
13 11 12 -0.21321231205828037 8.757728352729437e-18
13 11 13 0.47908371645639986 0.
13 11 14 0.5157294715892572 0.
14 7 14 1. 0
14 8 12 -0.5974076228942927 0.
14 8 14 -0.8019377358048382 -3.293971524525254e-17
14 9 12 0.3985393377033786 0.
14 9 13 0.7181430718103861 2.9497836595810114e-17
14 9 14 -0.4290241454282481 -1.76222324412272e-17
14 10 12 0.5759060289915522 -2.3655428290785057e-17
14 10 13 0.718143071810386 0.
14 10 14 0.10596021342309364 0.
14 11 12 -0.5157294715892572 2.1183666984675898e-17
14 11 13 -0.28620826421558115 0.
14 11 14 0.170982998777732 0.
15 12 6 -1.2020989426468311 -9.875279613239741e-17
15 13 6 1.2020989426468307 4.937639806619869e-17
15 14 6 0.3985393377033786 1.6370064297829284e-17
16 12 6 -0.7181430718103861 -2.9497836595810114e-17
16 13 6 0.718143071810386 0.
16 14 6 0.23809043836724123 0.
17 12 7 1.1166824095137646 9.173580178727881e-17
17 12 10 0.33153621849617343 2.7235801841377556e-17
17 12 11 0.5349843588513418 4.394912885235716e-17
17 13 8 -1.1166824095137646 0.
17 13 9 -0.3315362184961733 0.
17 13 11 -0.5349843588513418 -2.1974564426178584e-17
17 14 9 -0.8019377358048382 0.
17 14 10 -0.8019377358048382 -3.293971524525254e-17
17 14 11 0.3196037341070073 1.3127772297980833e-17
18 12 8 -1.1166824095137646 0.
18 12 9 -0.3315362184961733 0.
18 12 11 -0.5349843588513418 -2.1974564426178584e-17
18 13 7 0.8955097630985598 0.
18 13 9 0.4790837164563997 -1.9678436983481213e-17
18 13 10 0.7449551208545191 0.
18 13 11 0.23809043836724117 0.
18 14 7 0.6671145837954894 0.
18 14 9 -0.6431041321077906 2.641560066183394e-17
18 14 10 -0.4450418679126289 0.
18 14 11 0.5759060289915523 0.
19 12 9 0.8019377358048382 0.
19 12 10 0.8019377358048382 3.293971524525254e-17
19 12 11 -0.3196037341070073 -1.3127772297980833e-17
19 13 7 -0.6671145837954894 0.
19 13 9 0.6431041321077905 -2.6415600661833937e-17
19 13 10 0.4450418679126289 0.
19 13 11 -0.5759060289915523 0.
19 14 7 0.8955097630985595 0.
19 14 8 -1.1166824095137646 4.58679008936394e-17
19 14 9 -0.11832390643789296 4.860172567959339e-18
19 14 10 0.4790837164563998 0.
19 14 11 -0.1909337070610068 0.
20 12 12 1. 0
20 13 13 1. 0
20 14 14 1. 0
21 12 14 -0.8955097630985597 -7.356640117753179e-17
21 13 12 -0.5349843588513417 0.
21 13 14 -0.7181430718103858 -2.9497836595810114e-17
21 14 12 0.7181430718103861 0.
21 14 13 0.8955097630985595 3.6783200588765887e-17
21 14 14 -0.23809043836724123 -9.779601198792921e-18
22 12 13 0.5974076228942928 4.9077219102881114e-17
22 12 14 -0.3568958678922095 -2.931910480251458e-17
22 13 12 0.2658714043981194 0.
22 13 14 -0.6431041321077906 -2.6415600661833937e-17
22 14 12 0.6431041321077905 0.
22 14 13 0.3568958678922094 1.4659552401257286e-17
22 14 14 0.3841953108360124 1.5780881198711117e-17
23 12 13 -0.9999999999999999 -4.1075153063091217e-17
23 13 12 -0.8019377358048383 3.293971524525255e-17
23 13 14 0.5974076228942928 0.
23 14 12 -0.5974076228942927 2.4538609551440554e-17
23 14 14 -0.8019377358048383 0.
24 12 12 -0.5974076228942927 0.
24 12 14 -0.3568958678922095 -1.4659552401257292e-17
24 13 12 -0.21321231205828034 8.757728352729436e-18
24 13 13 -0.5974076228942926 0.
24 13 14 -0.2862082642155811 0.
24 14 12 0.28620826421558104 -1.1756048260576646e-17
24 14 13 0.3568958678922095 0.
24 14 14 -0.6922960285146801 0.
25 12 12 -0.5349843588513418 0.
25 12 13 0.5349843588513417 2.197456442617858e-17
25 12 14 0.5759060289915524 2.3655428290785063e-17
25 13 12 0.773074797218583 -3.17541656249715e-17
25 13 13 -0.5349843588513418 0.
25 13 14 0.1422370428188337 0.
25 14 12 -0.14223704281883365 5.842408305025053e-18
25 14 13 -0.5759060289915524 0.
25 14 14 0.047156731306234406 0.
0 15 15 1. 0
0 16 16 1. 0
1 15 16 0.7449551208545192 6.119829122846598e-17
1 16 15 0.7449551208545191 0.
1 16 16 -0.8019377358048382 -3.293971524525254e-17
2 15 15 -0.4450418679126288 0.
2 15 16 -0.5974076228942926 -2.4538609551440548e-17
2 16 15 -0.5974076228942927 2.4538609551440554e-17
2 16 16 0.19806226419516174 0.
3 15 17 -0.8019377358048382 0.
3 15 18 0.8019377358048382 3.293971524525254e-17
3 15 19 -0.2658714043981193 -1.0920708630751776e-17
3 16 17 -0.47908371645639974 1.9678436983481216e-17
3 16 18 0.47908371645639986 0.
3 16 19 -0.1588336036970477 0.
4 15 20 -0.6671145837954893 -5.480366728004025e-17
4 15 23 -0.6671145837954894 -5.4803667280040235e-17
4 15 25 0.5549581320873712 4.558998043819194e-17
4 16 21 -0.3315362184961733 0.
4 16 22 0.5349843588513418 0.
4 16 24 0.5349843588513418 2.1974564426178584e-17
4 16 25 0.4790837164563997 1.967843698348121e-17
5 15 21 -0.3315362184961733 0.
5 15 22 0.5349843588513418 0.
5 15 24 0.5349843588513418 2.1974564426178584e-17
5 15 25 0.4790837164563997 1.967843698348121e-17
5 16 20 -0.6671145837954894 0.
5 16 21 0.3568958678922094 -1.4659552401257286e-17
5 16 22 -0.5759060289915523 2.3655428290785066e-17
5 16 23 -0.6671145837954892 0.
5 16 24 -0.5759060289915523 0.
5 16 25 0.03922866049811405 0.
6 17 15 -1.0764913393506923 0.
6 17 16 -0.6431041321077906 -2.6415600661833934e-17
6 18 15 1.0764913393506925 -4.4217046534921776e-17
6 18 16 0.6431041321077905 0.
6 19 15 -0.3568958678922094 1.4659552401257286e-17
6 19 16 -0.21321231205828037 0.
7 17 17 1. 0
7 18 18 1. 0
7 19 19 1. 0
8 17 18 -1.0000000000000004 -8.215030612618247e-17
8 18 17 -0.8019377358048383 0.
8 18 19 -0.5974076228942926 -2.4538609551440548e-17
8 19 17 0.5974076228942928 0.
8 19 19 -0.8019377358048382 -3.293971524525254e-17
9 17 18 -0.2968939204841005 -2.4389926454771323e-17
9 17 19 0.7181430718103862 5.899567319162024e-17
9 18 17 -0.667114583795489 0.
9 18 19 0.3985393377033786 1.637006429782928e-17
9 19 17 -0.3985393377033786 0.
9 19 18 -0.718143071810386 -2.9497836595810114e-17
9 19 19 -0.4290241454282481 -1.76222324412272e-17
10 17 17 0.29689392048410046 0.
10 17 19 0.7181430718103858 2.949783659581011e-17
10 18 17 -0.42902414542824796 1.7622232441227193e-17
10 18 18 0.29689392048410046 0.
10 18 19 0.5759060289915522 0.
10 19 17 -0.5759060289915523 2.3655428290785066e-17
10 19 18 -0.718143071810386 0.
10 19 19 0.10596021342309364 0.
11 17 17 0.4790837164563998 0.
11 17 18 -0.47908371645639974 -1.9678436983481213e-17
11 17 19 -0.2862082642155811 -1.1756048260576648e-17
11 18 17 -0.21321231205828037 8.757728352729437e-18
11 18 18 0.47908371645639986 0.
11 18 19 -0.5157294715892572 0.
11 19 17 0.5157294715892572 -2.1183666984675898e-17
11 19 18 0.2862082642155811 0.
11 19 19 0.170982998777732 0.
12 17 20 0.8955097630985595 7.356640117753179e-17
12 17 24 -0.5349843588513418 -4.394912885235716e-17
12 17 25 -0.4790837164563999 -3.935687396696244e-17
12 18 22 0.5349843588513417 0.
12 18 23 -0.8955097630985597 -3.67832005887659e-17
12 18 25 0.4790837164563997 1.967843698348121e-17
12 19 21 0.8019377358048382 0.
12 19 22 0.31960373410700726 0.
12 19 24 0.3196037341070072 1.3127772297980832e-17
12 19 25 -0.5157294715892572 -2.1183666984675895e-17
13 17 22 0.5349843588513418 0.
13 17 23 -0.8955097630985597 -3.67832005887659e-17
13 17 25 0.4790837164563997 1.967843698348121e-17
13 18 20 0.7181430718103861 0.
13 18 21 0.47908371645639963 -1.967843698348121e-17
13 18 22 0.1909337070610068 -7.842631242434276e-18
13 18 24 -0.23809043836724117 0.
13 18 25 -0.6922960285146802 0.
13 19 20 -0.5349843588513418 0.
13 19 21 0.6431041321077904 -2.641560066183393e-17
13 19 22 0.256302294884545 -1.0527655992804228e-17
13 19 24 0.5759060289915523 0.
13 19 25 -0.1273746605185334 0.
14 17 21 -0.8019377358048382 0.
14 17 22 -0.31960373410700726 0.
14 17 24 -0.3196037341070073 -1.3127772297980833e-17
14 17 25 0.5157294715892572 2.1183666984675895e-17
14 18 20 0.5349843588513418 0.
14 18 21 -0.6431041321077906 2.641560066183394e-17
14 18 22 -0.256302294884545 1.0527655992804228e-17
14 18 24 -0.5759060289915523 0.
14 18 25 0.1273746605185334 0.
14 19 20 0.7181430718103862 0.
14 19 21 0.21321231205828037 -8.757728352729437e-18
14 19 22 0.6199578524892548 -2.5464863683661474e-17
14 19 23 -0.8955097630985595 0.
14 19 24 -0.34405065179033484 0.
14 19 25 -0.042229313280548395 0.
15 20 15 1. 0
15 21 16 0.49697042539518094 4.0826272581873225e-17
15 22 16 -0.8019377358048385 -6.58794304905051e-17
15 23 15 1. 0.
15 24 16 -0.8019377358048382 -3.293971524525254e-17
15 25 15 -0.831878279335442 0.
15 25 16 -0.7181430718103861 -2.9497836595810114e-17
16 20 16 1. 0
16 21 15 0.4969704253951808 0.
16 21 16 -0.5349843588513417 -2.197456442617858e-17
16 22 15 -0.8019377358048382 0.
16 22 16 0.8632790272924121 3.545931818219233e-17
16 23 16 1. 0.
16 24 15 -0.8019377358048383 3.293971524525255e-17
16 24 16 0.8632790272924121 0.
16 25 15 -0.7181430718103858 2.9497836595810114e-17
16 25 16 -0.05880348211685924 0.
17 20 17 1. 0
17 21 19 0.8955097630985597 7.356640117753179e-17
17 22 18 0.5974076228942928 4.9077219102881114e-17
17 22 19 0.3568958678922095 2.931910480251458e-17
17 23 18 -0.9999999999999999 -4.1075153063091217e-17
17 24 17 -0.5974076228942926 0.
17 24 19 0.3568958678922095 1.4659552401257292e-17
17 25 17 -0.5349843588513418 0.
17 25 18 0.5349843588513417 2.197456442617858e-17
17 25 19 -0.5759060289915524 -2.3655428290785063e-17
18 20 18 1. 0
18 21 17 -0.5349843588513417 0.
18 21 19 0.7181430718103858 2.9497836595810114e-17
18 22 17 0.2658714043981194 0.
18 22 19 0.6431041321077906 2.6415600661833937e-17
18 23 17 -0.8019377358048383 3.293971524525255e-17
18 23 19 -0.5974076228942928 0.
18 24 17 -0.21321231205828034 8.757728352729436e-18
18 24 18 -0.5974076228942926 0.
18 24 19 0.2862082642155811 0.
18 25 17 0.773074797218583 -3.17541656249715e-17
18 25 18 -0.5349843588513418 0.
18 25 19 -0.1422370428188337 0.
19 20 19 1. 0
19 21 17 -0.7181430718103861 0.
19 21 18 -0.8955097630985593 -3.6783200588765887e-17
19 21 19 -0.23809043836724123 -9.779601198792921e-18
19 22 17 -0.6431041321077905 0.
19 22 18 -0.3568958678922094 -1.4659552401257286e-17
19 22 19 0.3841953108360124 1.5780881198711117e-17
19 23 17 0.5974076228942926 -2.453860955144055e-17
19 23 19 -0.8019377358048383 0.
19 24 17 -0.28620826421558115 1.175604826057665e-17
19 24 18 -0.35689586789220945 0.
19 24 19 -0.6922960285146801 0.
19 25 17 0.14223704281883365 -5.842408305025053e-18
19 25 18 0.5759060289915524 0.
19 25 19 0.047156731306234406 0.
20 20 20 1. 0
20 21 21 1. 0
20 22 22 1. 0
20 23 23 1. 0
20 24 24 1. 0
20 25 25 1. 0
21 20 21 1. 0
21 21 20 -0.4450418679126289 -3.6560325687990524e-17
21 21 23 1.0000000000000004 8.215030612618247e-17
21 21 25 0.3702206633113888 3.041374082526891e-17
21 22 20 -0.8955097630985597 -7.356640117753181e-17
21 22 25 -0.5974076228942928 -4.9077219102881114e-17
21 23 21 -0.4450418679126288 0.
21 23 24 -0.8955097630985595 -3.6783200588765887e-17
21 24 22 -0.9640085042795896 0.
21 24 25 0.4790837164563997 1.9678436983481213e-17
21 25 21 0.3702206633113887 0.
21 25 22 0.47908371645639986 0.
21 25 24 -0.5974076228942926 -2.453860955144055e-17
21 25 25 0.4290241454282481 1.76222324412272e-17
22 20 22 1. 0
22 21 20 -0.8955097630985597 -7.356640117753181e-17
22 21 25 -0.5974076228942928 -4.9077219102881114e-17
22 22 20 0.44504186791262873 3.656032568799051e-17
22 22 24 1.0764913393506927 8.843409306984354e-17
22 22 25 -0.23809043836724125 -1.9559202397585843e-17
22 23 21 -0.8955097630985596 0.
22 23 24 0.44504186791262873 1.8280162843995253e-17
22 24 22 0.4790837164563998 0.
22 24 23 0.9999999999999999 4.1075153063091217e-17
22 24 25 0.4290241454282481 1.76222324412272e-17
22 25 21 -0.5974076228942926 0.
22 25 22 0.429024145428248 0.
22 25 24 -0.23809043836724123 -9.779601198792921e-18
22 25 25 -0.6922960285146802 -2.8436165336210656e-17
23 20 23 1. 0
23 21 21 -0.4450418679126288 0.
23 21 24 -0.8955097630985595 -3.6783200588765887e-17
23 22 21 -0.8955097630985596 0.
23 22 24 0.44504186791262873 1.8280162843995253e-17
23 23 20 0.4450418679126288 0.
23 23 22 0.5974076228942926 -2.453860955144055e-17
23 23 25 -0.6671145837954893 0.
23 24 20 0.5974076228942927 0.
23 24 22 0.3568958678922094 -1.4659552401257286e-17
23 24 25 0.7181430718103861 0.
23 25 20 -0.6671145837954893 0.
23 25 22 0.7181430718103858 -2.9497836595810114e-17
23 25 25 0.19806226419516174 0.
24 20 24 1. 0
24 21 22 -0.9640085042795897 0.
24 21 25 0.4790837164563997 1.9678436983481216e-17
24 22 22 0.47908371645639986 0.
24 22 23 0.9999999999999999 4.1075153063091217e-17
24 22 25 0.4290241454282481 1.76222324412272e-17
24 23 20 0.5974076228942927 0.
24 23 22 0.3568958678922094 -1.4659552401257286e-17
24 23 25 0.7181430718103861 0.
24 24 20 0.35689586789220945 0.
24 24 21 -0.9640085042795894 3.959679686740577e-17
24 24 22 0.0948884056203874 -3.897555784770099e-18
24 24 24 0.4790837164563997 0.
24 24 25 -0.34405065179033484 0.
24 25 20 0.7181430718103861 0.
24 25 21 0.4790837164563997 -1.9678436983481213e-17
24 25 22 -0.3440506517903348 1.41319331837443e-17
24 25 24 0.429024145428248 0.
24 25 25 0.170982998777732 0.
25 20 25 1. 0
25 21 21 0.3702206633113887 0.
25 21 22 0.47908371645639986 0.
25 21 24 -0.5974076228942927 -2.4538609551440554e-17
25 21 25 0.4290241454282481 1.76222324412272e-17
25 22 21 -0.5974076228942926 0.
25 22 22 0.429024145428248 0.
25 22 24 -0.23809043836724123 -9.779601198792921e-18
25 22 25 -0.6922960285146802 -2.8436165336210656e-17
25 23 20 -0.6671145837954893 0.
25 23 22 0.7181430718103858 -2.9497836595810114e-17
25 23 25 0.19806226419516174 0.
25 24 20 0.7181430718103861 0.
25 24 21 0.47908371645639974 -1.9678436983481216e-17
25 24 22 -0.3440506517903348 1.41319331837443e-17
25 24 24 0.429024145428248 0.
25 24 25 0.170982998777732 0.
25 25 20 0.19806226419516176 0.
25 25 21 0.42902414542824796 -1.7622232441227196e-17
25 25 22 0.170982998777732 -7.023152845981681e-18
25 25 23 1. 0.
25 25 24 -0.6922960285146801 0.
25 25 25 -0.011646750810624844 0.