1 0 0 0 0 0 0 0 0 1 0 0 0 0 0 0 0 0 1 0 0 0 0 0 0 0 0 0 0 0 1 0 0 0 0 0 0 0 0 0 0 0 1 0 0 0 0 0 0 0 0 0 0 0 1 0 0 0 0 0 0 0 0
0 0 0 1. 0
0 1 1 1. 0
0 2 2 1. 0
0 3 3 1. 0
0 4 4 1. 0
0 5 5 1. 0
1 0 1 1. 0
1 1 2 1. 0
1 2 0 1. 0
1 3 4 1. 0
1 4 5 1. 0
1 5 3 1. 0
2 0 2 1. 0
2 1 0 1. 0
2 2 1 1. 0
2 3 5 1. 0
2 4 3 1. 0
2 5 4 1. 0
3 0 3 1. 0
3 1 4 1. 0
3 2 5 1. 0
3 3 0 1.0000000000000002 0
3 3 3 0.9999999999999999 0
3 4 1 1.0000000000000002 0
3 4 4 0.9999999999999999 0
3 5 2 1.0000000000000002 0
3 5 5 0.9999999999999999 0
4 0 4 1. 0
4 1 5 1. 0
4 2 3 1. 0
4 3 1 1.0000000000000002 0
4 3 4 0.9999999999999999 0
4 4 2 1.0000000000000002 0
4 4 5 0.9999999999999999 0
4 5 0 1.0000000000000002 0
4 5 3 0.9999999999999999 0
5 0 5 1. 0
5 1 3 1. 0
5 2 4 1. 0
5 3 2 1.0000000000000002 0
5 3 5 0.9999999999999999 0
5 4 0 1.0000000000000002 0
5 4 3 0.9999999999999999 0
5 5 1 1.0000000000000002 0
5 5 4 0.9999999999999999 0
6 0 6 1. 0
6 1 7 -0.4999999999999998 -0.8660254037844387
6 2 8 -0.4999999999999998 -0.8660254037844387
6 3 6 -0.6180339887498948 0
6 4 7 0.30901699437494734 0.535233134659635
6 5 8 0.30901699437494734 0.535233134659635
7 0 7 1. 0
7 1 8 1. 0
7 2 6 -0.4999999999999998 0.8660254037844387
7 3 7 -0.6180339887498948 0
7 4 8 -0.6180339887498948 0
7 5 6 0.30901699437494734 -0.535233134659635
8 0 8 1. 0
8 1 6 -0.4999999999999998 0.8660254037844387
8 2 7 1. 0
8 3 8 -0.6180339887498948 0
8 4 6 0.30901699437494734 -0.535233134659635
8 5 7 -0.6180339887498948 0
27 6 0 1.2720196495140692 0
27 6 3 -0.7861513777574234 0
27 7 1 -0.6360098247570343 1.101601330592162
27 7 4 0.3930756888787116 -0.6808270643580654
27 8 2 -0.6360098247570343 1.101601330592162
27 8 5 0.3930756888787116 -0.6808270643580654
28 6 1 1.2720196495140692 0
28 6 4 -0.7861513777574234 0
28 7 2 -0.6360098247570343 1.101601330592162
28 7 5 0.3930756888787116 -0.6808270643580654
28 8 0 -0.6360098247570343 1.101601330592162
28 8 3 0.3930756888787116 -0.6808270643580654
29 6 2 1.2720196495140692 0
29 6 5 -0.7861513777574234 0
29 7 0 -0.6360098247570343 1.101601330592162
29 7 3 0.3930756888787116 -0.6808270643580654
29 8 1 -0.6360098247570343 1.101601330592162
29 8 4 0.3930756888787116 -0.6808270643580654
30 6 6 1. 0
30 7 7 1. 0
30 8 8 1. 0
31 6 7 -0.4999999999999998 -0.8660254037844387
31 7 8 1. 0
31 8 6 -0.4999999999999998 0.8660254037844387
32 6 8 1. 0
32 7 6 -0.4999999999999998 -0.8660254037844387
32 8 7 -0.4999999999999998 0.8660254037844387
33 6 6 0.9999999999999999 0
33 7 7 0.9999999999999999 0
33 8 8 0.9999999999999999 0
34 6 6 0.48586827175664576 0
34 7 7 0.48586827175664576 0
34 8 8 0.48586827175664576 0
35 6 7 0.9999999999999999 0
35 7 8 -0.4999999999999998 0.8660254037844386
35 8 6 -0.4999999999999998 -0.8660254037844386
36 6 7 0.48586827175664576 0
36 7 8 -0.2429341358783228 0.4207742662340966
36 8 6 -0.2429341358783228 -0.42077426623409653
37 6 8 -0.4999999999999998 0.8660254037844386
37 7 6 0.9999999999999999 0
37 8 7 -0.4999999999999998 -0.8660254037844386
38 6 8 0.48586827175664576 0
38 7 6 -0.2429341358783228 -0.42077426623409653
38 8 7 -0.2429341358783228 0.4207742662340966
9 9 9 1. 0
9 10 10 1. 0
9 11 11 1. 0
9 12 12 1. 0
9 13 13 1. 0
9 14 14 1. 0
10 9 10 1. 0
10 10 11 1. 0
10 11 9 -0.4999999999999998 0.8660254037844387
10 12 13 -0.4999999999999998 0.8660254037844387
10 13 14 -0.4999999999999998 0.8660254037844387
10 14 12 -0.4999999999999998 -0.8660254037844387
11 9 11 1. 0
11 10 9 -0.4999999999999998 0.8660254037844387
11 11 10 -0.4999999999999998 0.8660254037844387
11 12 14 -0.4999999999999998 -0.8660254037844387
11 13 12 1. 0
11 14 13 1. 0
12 9 12 1. 0
12 10 13 -0.4999999999999998 0.8660254037844387
12 11 14 -0.4999999999999998 -0.8660254037844387
12 12 9 1.0000000000000002 0
12 12 12 0.9999999999999999 0
12 13 10 -0.49999999999999983 -0.8660254037844389
12 13 13 0.9999999999999999 0
12 14 11 -0.49999999999999983 0.8660254037844389
12 14 14 0.9999999999999999 0
13 9 13 1. 0
13 10 14 -0.4999999999999998 0.8660254037844387
13 11 12 1. 0
13 12 10 -0.49999999999999983 -0.8660254037844389
13 12 13 0.9999999999999999 0
13 13 11 -0.49999999999999983 0.8660254037844389
13 13 14 0.9999999999999999 0
13 14 9 -0.49999999999999983 0.8660254037844389
13 14 12 -0.4999999999999998 0.8660254037844386
14 9 14 1. 0
14 10 12 -0.4999999999999998 -0.8660254037844387
14 11 13 1. 0
14 12 11 -0.49999999999999983 0.8660254037844389
14 12 14 0.9999999999999999 0
14 13 9 -0.49999999999999983 0.8660254037844389
14 13 12 -0.4999999999999998 0.8660254037844386
14 14 10 1.0000000000000002 0
14 14 13 -0.4999999999999998 0.8660254037844386
15 9 15 1. 0
15 10 16 -0.4999999999999998 -0.8660254037844387
15 11 17 -0.4999999999999998 -0.8660254037844387
15 12 15 -0.6180339887498948 0
15 13 16 0.30901699437494734 -0.535233134659635
15 14 17 -0.6180339887498948 0
16 9 16 1. 0
16 10 17 1. 0
16 11 15 -0.4999999999999998 -0.8660254037844387
16 12 16 -0.6180339887498948 0
16 13 17 0.30901699437494734 0.535233134659635
16 14 15 -0.6180339887498948 0
17 9 17 1. 0
17 10 15 -0.4999999999999998 -0.8660254037844387
17 11 16 -0.4999999999999998 0.8660254037844387
17 12 17 -0.6180339887498948 0
17 13 15 0.30901699437494734 -0.535233134659635
17 14 16 0.30901699437494734 0.535233134659635
39 15 9 1.2720196495140692 0
39 15 12 -0.7861513777574234 0
39 16 10 -0.6360098247570343 1.101601330592162
39 16 13 0.3930756888787116 0.6808270643580654
39 17 11 -0.6360098247570343 1.101601330592162
39 17 14 -0.7861513777574234 0
40 15 10 -0.6360098247570343 -1.101601330592162
40 15 13 -0.7861513777574234 0
40 16 11 1.2720196495140692 0
40 16 14 0.3930756888787116 0.6808270643580654
40 17 9 -0.6360098247570343 1.101601330592162
40 17 12 0.3930756888787116 -0.6808270643580654
41 15 11 -0.6360098247570343 1.101601330592162
41 15 14 -0.7861513777574234 0
41 16 9 1.2720196495140692 0
41 16 12 -0.7861513777574234 0
41 17 10 1.2720196495140692 0
41 17 13 0.3930756888787116 -0.6808270643580654
42 15 15 1. 0
42 16 16 1. 0
42 17 17 1. 0
43 15 16 -0.4999999999999998 0.8660254037844387
43 16 17 -0.4999999999999998 -0.8660254037844387
43 17 15 -0.4999999999999998 0.8660254037844387
44 15 17 -0.4999999999999998 -0.8660254037844387
44 16 15 -0.4999999999999998 -0.8660254037844387
44 17 16 -0.4999999999999998 0.8660254037844387
45 15 15 0.9999999999999999 0
45 16 16 0.9999999999999999 0
45 17 17 0.9999999999999999 0
46 15 15 0.48586827175664576 0
46 16 16 0.48586827175664576 0
46 17 17 0.48586827175664576 0
47 15 16 -0.4999999999999998 -0.8660254037844386
47 16 17 0.9999999999999999 0
47 17 15 -0.4999999999999998 -0.8660254037844386
48 15 16 0.48586827175664576 0
48 16 17 -0.2429341358783228 0.4207742662340966
48 17 15 0.48586827175664576 0
49 15 17 -0.4999999999999998 -0.8660254037844386
49 16 15 -0.4999999999999998 -0.8660254037844386
49 17 16 -0.4999999999999998 0.8660254037844386
50 15 17 0.48586827175664576 0
50 16 15 0.48586827175664576 0
50 17 16 -0.2429341358783228 -0.42077426623409653
18 18 18 1. 0
18 19 19 1. 0
18 20 20 1. 0
18 21 21 1. 0
18 22 22 1. 0
18 23 23 1. 0
19 18 19 1. 0
19 19 20 -0.4999999999999998 0.8660254037844387
19 20 18 -0.4999999999999998 0.8660254037844387
19 21 22 -0.4999999999999998 -0.8660254037844387
19 22 23 1. 0
19 23 21 1. 0
20 18 20 1. 0
20 19 18 -0.4999999999999998 0.8660254037844387
20 20 19 1. 0
20 21 23 -0.4999999999999998 0.8660254037844387
20 22 21 -0.4999999999999998 -0.8660254037844387
20 23 22 -0.4999999999999998 0.8660254037844387
21 18 21 1. 0
21 19 22 -0.4999999999999998 -0.8660254037844387
21 20 23 -0.4999999999999998 0.8660254037844387
21 21 18 -0.49999999999999983 0.8660254037844389
21 21 21 -0.4999999999999998 -0.8660254037844386
21 22 19 -0.49999999999999983 -0.8660254037844389
21 22 22 -0.4999999999999998 -0.8660254037844386
21 23 20 1.0000000000000002 0
21 23 23 -0.4999999999999998 -0.8660254037844386
22 18 22 1. 0
22 19 23 1. 0
22 20 21 -0.4999999999999998 -0.8660254037844387
22 21 19 -0.49999999999999983 -0.8660254037844389
22 21 22 -0.4999999999999998 -0.8660254037844386
22 22 20 -0.49999999999999983 0.8660254037844389
22 22 23 0.9999999999999999 0
22 23 18 -0.49999999999999983 -0.8660254037844389
22 23 21 0.9999999999999999 0
23 18 23 1. 0
23 19 21 1. 0
23 20 22 -0.4999999999999998 0.8660254037844387
23 21 20 1.0000000000000002 0
23 21 23 -0.4999999999999998 -0.8660254037844386
23 22 18 -0.49999999999999983 -0.8660254037844389
23 22 21 0.9999999999999999 0
23 23 19 -0.49999999999999983 -0.8660254037844389
23 23 22 -0.4999999999999998 -0.8660254037844386
24 18 24 1. 0
24 19 25 -0.4999999999999998 -0.8660254037844387
24 20 26 -0.4999999999999998 0.8660254037844387
24 21 24 0.30901699437494734 0.535233134659635
24 22 25 0.30901699437494734 0.535233134659635
24 23 26 0.30901699437494734 0.535233134659635
25 18 25 1. 0
25 19 26 1. 0
25 20 24 -0.4999999999999998 -0.8660254037844387
25 21 25 0.30901699437494734 0.535233134659635
25 22 26 -0.6180339887498948 0
25 23 24 -0.6180339887498948 0
26 18 26 1. 0
26 19 24 1. 0
26 20 25 -0.4999999999999998 0.8660254037844387
26 21 26 0.30901699437494734 0.535233134659635
26 22 24 -0.6180339887498948 0
26 23 25 0.30901699437494734 0.535233134659635
51 24 18 -0.6360098247570343 -1.101601330592162
51 24 21 -0.7861513777574234 0
51 25 19 1.2720196495140692 0
51 25 22 -0.7861513777574234 0
51 26 20 -0.6360098247570343 1.101601330592162
51 26 23 -0.7861513777574234 0
52 24 19 1.2720196495140692 0
52 24 22 -0.7861513777574234 0
52 25 20 -0.6360098247570343 -1.101601330592162
52 25 23 0.3930756888787116 -0.6808270643580654
52 26 18 1.2720196495140692 0
52 26 21 0.3930756888787116 -0.6808270643580654
53 24 20 -0.6360098247570343 -1.101601330592162
53 24 23 0.3930756888787116 -0.6808270643580654
53 25 18 -0.6360098247570343 1.101601330592162
53 25 21 0.3930756888787116 0.6808270643580654
53 26 19 -0.6360098247570343 1.101601330592162
53 26 22 0.3930756888787116 -0.6808270643580654
54 24 24 1. 0
54 25 25 1. 0
54 26 26 1. 0
55 24 25 -0.4999999999999998 -0.8660254037844387
55 25 26 1. 0
55 26 24 1. 0
56 24 26 -0.4999999999999998 0.8660254037844387
56 25 24 -0.4999999999999998 -0.8660254037844387
56 26 25 -0.4999999999999998 0.8660254037844387
57 24 24 -0.4999999999999998 -0.8660254037844386
57 25 25 -0.4999999999999998 -0.8660254037844386
57 26 26 -0.4999999999999998 -0.8660254037844386
58 24 24 0.48586827175664576 0
58 25 25 0.48586827175664576 0
58 26 26 0.48586827175664576 0
59 24 25 -0.4999999999999998 -0.8660254037844386
59 25 26 0.9999999999999999 0
59 26 24 0.9999999999999999 0
60 24 25 0.48586827175664576 0
60 25 26 -0.2429341358783228 0.4207742662340966
60 26 24 -0.2429341358783228 0.42077426623409653
61 24 26 -0.4999999999999998 -0.8660254037844386
61 25 24 0.9999999999999999 0
61 26 25 -0.4999999999999998 -0.8660254037844386
62 24 26 -0.2429341358783228 0.4207742662340966
62 25 24 -0.2429341358783228 -0.4207742662340966
62 26 25 -0.2429341358783228 0.42077426623409653
0 27 27 1. 0
0 28 28 1. 0
0 29 29 1. 0
1 27 28 1. 0
1 28 29 1. 0
1 29 27 1. 0
2 27 29 1. 0
2 28 27 1. 0
2 29 28 1. 0
3 27 27 -0.6180339887498948 0
3 28 28 -0.6180339887498948 0
3 29 29 -0.6180339887498948 0
4 27 28 -0.6180339887498948 0
4 28 29 -0.6180339887498948 0
4 29 27 -0.6180339887498948 0
5 27 29 -0.6180339887498948 0
5 28 27 -0.6180339887498948 0
5 29 28 -0.6180339887498948 0
6 27 30 0.7861513777574234 0
6 27 33 0.7861513777574234 0
6 27 34 0.38196601125010515 0
6 28 31 0.7861513777574234 0
6 28 35 -0.3930756888787116 -0.6808270643580654
6 28 36 -0.19098300562505255 -0.3307922691248038
6 29 32 -0.3930756888787115 -0.6808270643580654
6 29 37 -0.3930756888787116 0.6808270643580654
6 29 38 -0.19098300562505255 -0.3307922691248038
7 27 31 -0.3930756888787115 0.6808270643580654
7 27 35 0.7861513777574234 0
7 27 36 0.38196601125010515 0
7 28 32 0.7861513777574234 0
7 28 37 -0.3930756888787116 -0.6808270643580654
7 28 38 0.38196601125010515 0
7 29 30 -0.3930756888787115 0.6808270643580654
7 29 33 -0.3930756888787116 0.6808270643580654
7 29 34 -0.19098300562505255 0.3307922691248038
8 27 32 0.7861513777574234 0
8 27 37 -0.3930756888787116 -0.6808270643580654
8 27 38 0.38196601125010515 0
8 28 30 -0.3930756888787115 0.6808270643580654
8 28 33 -0.3930756888787116 0.6808270643580654
8 28 34 -0.19098300562505255 0.3307922691248038
8 29 31 -0.3930756888787115 0.6808270643580654
8 29 35 0.7861513777574234 0
8 29 36 0.38196601125010515 0
27 30 27 1. 0
27 31 28 1. 0
27 32 29 -0.4999999999999998 0.8660254037844387
27 33 27 0.9999999999999999 0
27 34 27 0.48586827175664576 0
27 35 28 -0.4999999999999998 0.8660254037844386
27 36 28 -0.2429341358783228 0.4207742662340966
27 37 29 -0.4999999999999998 -0.8660254037844386
27 38 29 -0.2429341358783228 0.4207742662340966
28 30 28 1. 0
28 31 29 1. 0
28 32 27 -0.4999999999999998 0.8660254037844387
28 33 28 0.9999999999999999 0
28 34 28 0.48586827175664576 0
28 35 29 -0.4999999999999998 0.8660254037844386
28 36 29 -0.2429341358783228 0.42077426623409653
28 37 27 -0.4999999999999998 -0.8660254037844386
28 38 27 -0.2429341358783228 0.42077426623409653
29 30 29 1. 0
29 31 27 1. 0
29 32 28 -0.4999999999999998 0.8660254037844387
29 33 29 0.9999999999999999 0
29 34 29 0.48586827175664576 0
29 35 27 -0.4999999999999998 0.8660254037844386
29 36 27 -0.2429341358783228 0.42077426623409653
29 37 28 -0.4999999999999998 -0.8660254037844386
29 38 28 -0.2429341358783228 0.4207742662340966
30 30 30 1. 0
30 31 31 1. 0
30 32 32 1. 0
30 33 33 1. 0
30 34 34 1. 0
30 35 35 1. 0
30 36 36 1. 0
30 37 37 1. 0
30 38 38 1. 0
31 30 31 1. 0
31 31 32 -0.4999999999999998 -0.8660254037844387
31 32 30 -0.4999999999999998 0.8660254037844387
31 33 35 -0.4999999999999998 -0.8660254037844387
31 34 36 -0.4999999999999998 -0.8660254037844387
31 35 37 -0.4999999999999998 -0.8660254037844387
31 36 38 1. 0
31 37 33 -0.4999999999999998 -0.8660254037844387
31 38 34 -0.4999999999999998 0.8660254037844387
32 30 32 1. 0
32 31 30 -0.4999999999999998 0.8660254037844387
32 32 31 -0.4999999999999998 -0.8660254037844387
32 33 37 -0.4999999999999998 -0.8660254037844387
32 34 38 1. 0
32 35 33 -0.4999999999999998 -0.8660254037844387
32 36 34 -0.4999999999999998 -0.8660254037844387
32 37 35 -0.4999999999999998 -0.8660254037844387
32 38 36 -0.4999999999999998 0.8660254037844387
33 30 33 1. 0
33 31 35 -0.4999999999999998 -0.8660254037844387
33 32 37 -0.4999999999999998 -0.8660254037844387
33 33 30 0.618033988749895 0
33 33 34 0.7861513777574233 0
33 34 30 0.7861513777574235 0
33 34 34 -0.6180339887498948 0
33 35 31 -0.30901699437494734 0.5352331346596351
33 35 36 0.7861513777574233 0
33 36 31 -0.3930756888787116 0.6808270643580654
33 36 36 -0.6180339887498948 0
33 37 32 -0.30901699437494734 0.5352331346596351
33 37 38 -0.39307568887871147 0.6808270643580653
33 38 32 0.7861513777574235 0
33 38 38 -0.6180339887498948 0
34 30 34 1. 0
34 31 36 -0.4999999999999998 -0.8660254037844387
34 32 38 1. 0
34 33 30 0.7861513777574235 0
34 33 34 -0.6180339887498948 0
34 34 30 -0.6180339887498949 0
34 34 33 0.9999999999999999 0
34 34 34 -0.3002831060007777 0
34 35 31 -0.3930756888787116 0.6808270643580654
34 35 36 -0.6180339887498948 0
34 36 31 0.3090169943749473 -0.5352331346596351
34 36 35 0.9999999999999999 0
34 36 36 -0.3002831060007777 0
34 37 32 -0.3930756888787116 0.6808270643580654
34 37 38 0.30901699437494734 -0.535233134659635
34 38 32 -0.6180339887498949 0
34 38 37 -0.4999999999999998 -0.8660254037844386
34 38 38 -0.3002831060007777 0
35 30 35 1. 0
35 31 37 -0.4999999999999998 -0.8660254037844387
35 32 33 -0.4999999999999998 -0.8660254037844387
35 33 31 -0.30901699437494734 0.5352331346596351
35 33 36 0.7861513777574233 0
35 34 31 -0.3930756888787116 0.6808270643580654
35 34 36 -0.6180339887498948 0
35 35 32 -0.30901699437494734 0.5352331346596351
35 35 38 -0.39307568887871147 0.6808270643580653
35 36 32 -0.3930756888787116 0.6808270643580654
35 36 38 0.30901699437494734 -0.535233134659635
35 37 30 0.618033988749895 0
35 37 34 0.7861513777574233 0
35 38 30 -0.3930756888787116 -0.6808270643580654
35 38 34 0.30901699437494734 0.535233134659635
36 30 36 1. 0
36 31 38 1. 0
36 32 34 -0.4999999999999998 -0.8660254037844387
36 33 31 -0.3930756888787116 0.6808270643580654
36 33 36 -0.6180339887498948 0
36 34 31 0.3090169943749473 -0.5352331346596351
36 34 35 0.9999999999999999 0
36 34 36 -0.3002831060007777 0
36 35 32 -0.3930756888787116 0.6808270643580654
36 35 38 0.30901699437494734 -0.535233134659635
36 36 32 0.30901699437494734 -0.535233134659635
36 36 37 0.9999999999999999 0
36 36 38 0.15014155300038878 -0.26005279812396886
36 37 30 0.7861513777574235 0
36 37 34 -0.6180339887498948 0
36 38 30 0.30901699437494734 0.535233134659635
36 38 33 -0.4999999999999998 -0.8660254037844386
36 38 34 0.15014155300038878 0.26005279812396886
37 30 37 1. 0
37 31 33 -0.4999999999999998 -0.8660254037844387
37 32 35 -0.4999999999999998 -0.8660254037844387
37 33 32 -0.30901699437494734 0.5352331346596351
37 33 38 -0.39307568887871147 0.6808270643580653
37 34 32 -0.3930756888787116 0.6808270643580654
37 34 38 0.30901699437494734 -0.535233134659635
37 35 30 0.618033988749895 0
37 35 34 0.7861513777574233 0
37 36 30 0.7861513777574235 0
37 36 34 -0.6180339887498948 0
37 37 31 -0.30901699437494734 0.5352331346596351
37 37 36 0.7861513777574233 0
37 38 31 0.7861513777574235 0
37 38 36 0.30901699437494734 0.535233134659635
38 30 38 1. 0
38 31 34 -0.4999999999999998 0.8660254037844387
38 32 36 -0.4999999999999998 0.8660254037844387
38 33 32 0.7861513777574235 0
38 33 38 -0.6180339887498948 0
38 34 32 -0.6180339887498949 0
38 34 37 -0.4999999999999998 -0.8660254037844386
38 34 38 -0.3002831060007777 0
38 35 30 -0.3930756888787116 -0.6808270643580654
38 35 34 0.30901699437494734 0.535233134659635
38 36 30 0.30901699437494734 0.535233134659635
38 36 33 -0.4999999999999998 -0.8660254037844386
38 36 34 0.15014155300038878 0.26005279812396886
38 37 31 0.7861513777574235 0
38 37 36 0.30901699437494734 0.535233134659635
38 38 31 0.3090169943749473 0.5352331346596351
38 38 35 -0.4999999999999998 0.8660254037844386
38 38 36 0.15014155300038878 -0.2600527981239689
9 39 39 1. 0
9 40 40 1. 0
9 41 41 1. 0
10 39 40 -0.4999999999999998 0.8660254037844387
10 40 41 -0.4999999999999998 0.8660254037844387
10 41 39 -0.4999999999999998 -0.8660254037844387
11 39 41 -0.4999999999999998 -0.8660254037844387
11 40 39 1. 0
11 41 40 1. 0
12 39 39 -0.6180339887498948 0
12 40 40 -0.6180339887498948 0
12 41 41 -0.6180339887498948 0
13 39 40 -0.6180339887498948 0
13 40 41 -0.6180339887498948 0
13 41 39 0.30901699437494734 -0.535233134659635
14 39 41 -0.6180339887498948 0
14 40 39 0.30901699437494734 -0.535233134659635
14 41 40 0.30901699437494734 -0.535233134659635
15 39 42 0.7861513777574234 0
15 39 45 0.7861513777574234 0
15 39 46 0.38196601125010515 0
15 40 43 0.7861513777574234 0
15 40 47 -0.3930756888787116 -0.6808270643580654
15 40 48 -0.19098300562505255 0.3307922691248038
15 41 44 -0.3930756888787115 0.6808270643580654
15 41 49 -0.3930756888787116 0.6808270643580654
15 41 50 0.38196601125010515 0
16 39 43 -0.3930756888787115 -0.6808270643580654
16 39 47 -0.3930756888787116 0.6808270643580654
16 39 48 0.38196601125010515 0
16 40 44 0.7861513777574234 0
16 40 49 0.7861513777574234 0
16 40 50 -0.19098300562505255 -0.3307922691248038
16 41 42 0.7861513777574234 0
16 41 45 0.7861513777574234 0
16 41 46 0.38196601125010515 0
17 39 44 -0.3930756888787115 0.6808270643580654
17 39 49 -0.3930756888787116 0.6808270643580654
17 39 50 0.38196601125010515 0
17 40 42 -0.3930756888787115 0.6808270643580654
17 40 45 -0.3930756888787116 0.6808270643580654
17 40 46 -0.19098300562505255 0.3307922691248038
17 41 43 -0.3930756888787115 0.6808270643580654
17 41 47 0.7861513777574234 0
17 41 48 -0.19098300562505252 -0.3307922691248038
39 42 39 1. 0
39 43 40 1. 0
39 44 41 -0.4999999999999998 -0.8660254037844387
39 45 39 0.9999999999999999 0
39 46 39 0.48586827175664576 0
39 47 40 -0.4999999999999998 0.8660254037844386
39 48 40 -0.2429341358783228 -0.4207742662340966
39 49 41 -0.4999999999999998 -0.8660254037844386
39 50 41 0.48586827175664576 0
40 42 40 1. 0
40 43 41 1. 0
40 44 39 1. 0
40 45 40 0.9999999999999999 0
40 46 40 0.48586827175664576 0
40 47 41 -0.4999999999999998 0.8660254037844386
40 48 41 -0.2429341358783228 -0.4207742662340966
40 49 39 0.9999999999999999 0
40 50 39 -0.2429341358783228 0.42077426623409653
41 42 41 1. 0
41 43 39 -0.4999999999999998 0.8660254037844387
41 44 40 1. 0
41 45 41 0.9999999999999999 0
41 46 41 0.48586827175664576 0
41 47 39 -0.4999999999999998 -0.8660254037844386
41 48 39 0.48586827175664576 0
41 49 40 0.9999999999999999 0
41 50 40 -0.2429341358783228 0.4207742662340966
42 42 42 1. 0
42 43 43 1. 0
42 44 44 1. 0
42 45 45 1. 0
42 46 46 1. 0
42 47 47 1. 0
42 48 48 1. 0
42 49 49 1. 0
42 50 50 1. 0
43 42 43 1. 0
43 43 44 -0.4999999999999998 0.8660254037844387
43 44 42 1. 0
43 45 47 -0.4999999999999998 -0.8660254037844387
43 46 48 -0.4999999999999998 0.8660254037844387
43 47 49 -0.4999999999999998 -0.8660254037844387
43 48 50 -0.4999999999999998 -0.8660254037844387
43 49 45 1. 0
43 50 46 -0.4999999999999998 0.8660254037844387
44 42 44 1. 0
44 43 42 1. 0
44 44 43 -0.4999999999999998 -0.8660254037844387
44 45 49 1. 0
44 46 50 -0.4999999999999998 -0.8660254037844387
44 47 45 -0.4999999999999998 0.8660254037844387
44 48 46 -0.4999999999999998 -0.8660254037844387
44 49 47 -0.4999999999999998 0.8660254037844387
44 50 48 -0.4999999999999998 0.8660254037844387
45 42 45 1. 0
45 43 47 -0.4999999999999998 -0.8660254037844387
45 44 49 1. 0
45 45 42 0.618033988749895 0
45 45 46 0.7861513777574233 0
45 46 42 0.7861513777574235 0
45 46 46 -0.6180339887498948 0
45 47 43 -0.30901699437494734 0.5352331346596351
45 47 48 -0.39307568887871147 -0.6808270643580653
45 48 43 -0.3930756888787116 -0.6808270643580654
45 48 48 -0.6180339887498948 0
45 49 44 0.618033988749895 0
45 49 50 -0.39307568887871147 -0.6808270643580653
45 50 44 -0.3930756888787116 0.6808270643580654
45 50 50 -0.6180339887498948 0
46 42 46 1. 0
46 43 48 -0.4999999999999998 0.8660254037844387
46 44 50 -0.4999999999999998 -0.8660254037844387
46 45 42 0.7861513777574235 0
46 45 46 -0.6180339887498948 0
46 46 42 -0.6180339887498949 0
46 46 45 0.9999999999999999 0
46 46 46 -0.3002831060007777 0
46 47 43 -0.3930756888787116 0.6808270643580654
46 47 48 0.30901699437494734 0.535233134659635
46 48 43 0.3090169943749473 0.5352331346596351
46 48 47 -0.4999999999999998 0.8660254037844386
46 48 48 -0.3002831060007777 0
46 49 44 0.7861513777574235 0
46 49 50 0.30901699437494734 0.535233134659635
46 50 44 0.3090169943749473 -0.5352331346596351
46 50 49 -0.4999999999999998 0.8660254037844386
46 50 50 -0.3002831060007777 0
47 42 47 1. 0
47 43 49 -0.4999999999999998 -0.8660254037844387
47 44 45 -0.4999999999999998 0.8660254037844387
47 45 43 -0.30901699437494734 0.5352331346596351
47 45 48 -0.39307568887871147 -0.6808270643580653
47 46 43 -0.3930756888787116 0.6808270643580654
47 46 48 0.30901699437494734 0.535233134659635
47 47 44 0.618033988749895 0
47 47 50 -0.39307568887871147 -0.6808270643580653
47 48 44 -0.3930756888787116 0.6808270643580654
47 48 50 -0.6180339887498948 0
47 49 42 -0.30901699437494734 0.5352331346596351
47 49 46 -0.39307568887871147 0.6808270643580653
47 50 42 -0.3930756888787116 -0.6808270643580654
47 50 46 0.30901699437494734 0.535233134659635
48 42 48 1. 0
48 43 50 -0.4999999999999998 -0.8660254037844387
48 44 46 -0.4999999999999998 -0.8660254037844387
48 45 43 -0.3930756888787116 -0.6808270643580654
48 45 48 -0.6180339887498948 0
48 46 43 0.3090169943749473 0.5352331346596351
48 46 47 -0.4999999999999998 0.8660254037844386
48 46 48 -0.3002831060007777 0
48 47 44 -0.3930756888787116 0.6808270643580654
48 47 50 -0.6180339887498948 0
48 48 44 0.3090169943749473 0.5352331346596351
48 48 49 -0.4999999999999998 -0.8660254037844386
48 48 50 0.15014155300038878 -0.2600527981239689
48 49 42 -0.3930756888787116 -0.6808270643580654
48 49 46 0.30901699437494734 0.535233134659635
48 50 42 -0.6180339887498949 0
48 50 45 0.9999999999999999 0
48 50 46 -0.3002831060007777 0
49 42 49 1. 0
49 43 45 1. 0
49 44 47 -0.4999999999999998 0.8660254037844387
49 45 44 0.618033988749895 0
49 45 50 -0.39307568887871147 -0.6808270643580653
49 46 44 0.7861513777574235 0
49 46 50 0.30901699437494734 0.535233134659635
49 47 42 -0.30901699437494734 0.5352331346596351
49 47 46 -0.39307568887871147 0.6808270643580653
49 48 42 -0.3930756888787116 -0.6808270643580654
49 48 46 0.30901699437494734 0.535233134659635
49 49 43 -0.30901699437494734 -0.5352331346596351
49 49 48 0.7861513777574233 0
49 50 43 0.7861513777574235 0
49 50 48 0.30901699437494734 -0.535233134659635
50 42 50 1. 0
50 43 46 -0.4999999999999998 0.8660254037844387
50 44 48 -0.4999999999999998 0.8660254037844387
50 45 44 -0.3930756888787116 0.6808270643580654
50 45 50 -0.6180339887498948 0
50 46 44 0.3090169943749473 -0.5352331346596351
50 46 49 -0.4999999999999998 0.8660254037844386
50 46 50 -0.3002831060007777 0
50 47 42 -0.3930756888787116 -0.6808270643580654
50 47 46 0.30901699437494734 0.535233134659635
50 48 42 -0.6180339887498949 0
50 48 45 0.9999999999999999 0
50 48 46 -0.3002831060007777 0
50 49 43 0.7861513777574235 0
50 49 48 0.30901699437494734 -0.535233134659635
50 50 43 0.3090169943749473 -0.5352331346596351
50 50 47 0.9999999999999999 0
50 50 48 0.15014155300038878 0.26005279812396886
18 51 51 1. 0
18 52 52 1. 0
18 53 53 1. 0
19 51 52 -0.4999999999999998 -0.8660254037844387
19 52 53 -0.4999999999999998 -0.8660254037844387
19 53 51 -0.4999999999999998 0.8660254037844387
20 51 53 1. 0
20 52 51 -0.4999999999999998 -0.8660254037844387
20 53 52 -0.4999999999999998 -0.8660254037844387
21 51 51 0.30901699437494734 0.535233134659635
21 52 52 0.30901699437494734 0.535233134659635
21 53 53 0.30901699437494734 0.535233134659635
22 51 52 0.30901699437494734 0.535233134659635
22 52 53 0.30901699437494734 0.535233134659635
22 53 51 0.30901699437494734 -0.535233134659635
23 51 53 0.30901699437494734 -0.535233134659635
23 52 51 -0.6180339887498948 0
23 53 52 -0.6180339887498948 0
24 51 54 -0.3930756888787115 -0.6808270643580654
24 51 57 0.7861513777574234 0
24 51 58 -0.19098300562505255 -0.3307922691248038
24 52 55 0.7861513777574234 0
24 52 59 0.7861513777574234 0
24 52 60 -0.19098300562505255 -0.3307922691248038
24 53 56 -0.3930756888787115 -0.6808270643580654
24 53 61 -0.3930756888787116 0.6808270643580654
24 53 62 -0.19098300562505255 -0.3307922691248038
25 51 55 0.7861513777574234 0
25 51 59 0.7861513777574234 0
25 51 60 -0.19098300562505255 -0.3307922691248038
25 52 56 -0.3930756888787115 -0.6808270643580654
25 52 61 -0.3930756888787116 0.6808270643580654
25 52 62 -0.19098300562505252 -0.3307922691248038
25 53 54 -0.3930756888787115 0.6808270643580654
25 53 57 -0.3930756888787116 -0.6808270643580654
25 53 58 -0.19098300562505252 0.3307922691248038
26 51 56 -0.3930756888787115 0.6808270643580654
26 51 61 0.7861513777574234 0
26 51 62 -0.19098300562505255 0.3307922691248038
26 52 54 0.7861513777574234 0
26 52 57 -0.3930756888787116 0.6808270643580654
26 52 58 0.38196601125010515 0
26 53 55 -0.3930756888787115 0.6808270643580654
26 53 59 -0.3930756888787116 0.6808270643580654
26 53 60 0.38196601125010515 0
51 54 51 1. 0
51 55 52 -0.4999999999999998 -0.8660254037844387
51 56 53 1. 0
51 57 51 -0.4999999999999998 -0.8660254037844386
51 58 51 0.48586827175664576 0
51 59 52 -0.4999999999999998 -0.8660254037844386
51 60 52 0.48586827175664576 0
51 61 53 -0.4999999999999998 0.8660254037844386
51 62 53 0.48586827175664576 0
52 54 52 1. 0
52 55 53 -0.4999999999999998 -0.8660254037844387
52 56 51 -0.4999999999999998 -0.8660254037844387
52 57 52 -0.4999999999999998 -0.8660254037844386
52 58 52 0.48586827175664576 0
52 59 53 -0.4999999999999998 -0.8660254037844386
52 60 53 0.48586827175664576 0
52 61 51 0.9999999999999999 0
52 62 51 -0.2429341358783228 -0.4207742662340966
53 54 53 1. 0
53 55 51 -0.4999999999999998 0.8660254037844387
53 56 52 -0.4999999999999998 -0.8660254037844387
53 57 53 -0.4999999999999998 -0.8660254037844386
53 58 53 0.48586827175664576 0
53 59 51 -0.4999999999999998 0.8660254037844386
53 60 51 -0.2429341358783228 -0.42077426623409653
53 61 52 0.9999999999999999 0
53 62 52 -0.2429341358783228 -0.4207742662340966
54 54 54 1. 0
54 55 55 1. 0
54 56 56 1. 0
54 57 57 1. 0
54 58 58 1. 0
54 59 59 1. 0
54 60 60 1. 0
54 61 61 1. 0
54 62 62 1. 0
55 54 55 1. 0
55 55 56 -0.4999999999999998 0.8660254037844387
55 56 54 -0.4999999999999998 0.8660254037844387
55 57 59 -0.4999999999999998 -0.8660254037844387
55 58 60 -0.4999999999999998 -0.8660254037844387
55 59 61 1. 0
55 60 62 -0.4999999999999998 -0.8660254037844387
55 61 57 1. 0
55 62 58 -0.4999999999999998 0.8660254037844387
56 54 56 1. 0
56 55 54 -0.4999999999999998 0.8660254037844387
56 56 55 1. 0
56 57 61 -0.4999999999999998 0.8660254037844387
56 58 62 1. 0
56 59 57 -0.4999999999999998 -0.8660254037844387
56 60 58 -0.4999999999999998 -0.8660254037844387
56 61 59 -0.4999999999999998 0.8660254037844387
56 62 60 -0.4999999999999998 -0.8660254037844387
57 54 57 1. 0
57 55 59 -0.4999999999999998 -0.8660254037844387
57 56 61 -0.4999999999999998 0.8660254037844387
57 57 54 -0.30901699437494734 0.5352331346596351
57 57 58 -0.39307568887871147 0.6808270643580653
57 58 54 -0.3930756888787116 -0.6808270643580654
57 58 58 0.30901699437494734 0.535233134659635
57 59 55 -0.30901699437494734 -0.5352331346596351
57 59 60 -0.39307568887871147 0.6808270643580653
57 60 55 0.7861513777574235 0
57 60 60 0.30901699437494734 0.535233134659635
57 61 56 0.618033988749895 0
57 61 62 0.7861513777574233 0
57 62 56 -0.3930756888787116 -0.6808270643580654
57 62 62 0.30901699437494734 0.535233134659635
58 54 58 1. 0
58 55 60 -0.4999999999999998 -0.8660254037844387
58 56 62 1. 0
58 57 54 -0.3930756888787116 -0.6808270643580654
58 57 58 0.30901699437494734 0.535233134659635
58 58 54 -0.6180339887498949 0
58 58 57 -0.4999999999999998 0.8660254037844386
58 58 58 -0.3002831060007777 0
58 59 55 0.7861513777574235 0
58 59 60 0.30901699437494734 0.535233134659635
58 60 55 0.3090169943749473 -0.5352331346596351
58 60 59 -0.4999999999999998 0.8660254037844386
58 60 60 -0.3002831060007777 0
58 61 56 -0.3930756888787116 0.6808270643580654
58 61 62 0.30901699437494734 -0.535233134659635
58 62 56 -0.6180339887498949 0
58 62 61 -0.4999999999999998 -0.8660254037844386
58 62 62 -0.3002831060007777 0
59 54 59 1. 0
59 55 61 1. 0
59 56 57 -0.4999999999999998 -0.8660254037844387
59 57 55 -0.30901699437494734 -0.5352331346596351
59 57 60 -0.39307568887871147 0.6808270643580653
59 58 55 0.7861513777574235 0
59 58 60 0.30901699437494734 0.535233134659635
59 59 56 -0.30901699437494734 0.5352331346596351
59 59 62 -0.39307568887871147 0.6808270643580653
59 60 56 -0.3930756888787116 -0.6808270643580654
59 60 62 0.30901699437494734 0.535233134659635
59 61 54 -0.30901699437494734 -0.5352331346596351
59 61 58 -0.39307568887871147 -0.6808270643580653
59 62 54 -0.3930756888787116 0.6808270643580654
59 62 58 0.30901699437494734 -0.535233134659635
60 54 60 1. 0
60 55 62 -0.4999999999999998 -0.8660254037844387
60 56 58 -0.4999999999999998 -0.8660254037844387
60 57 55 0.7861513777574235 0
60 57 60 0.30901699437494734 0.535233134659635
60 58 55 0.3090169943749473 -0.5352331346596351
60 58 59 -0.4999999999999998 0.8660254037844386
60 58 60 -0.3002831060007777 0
60 59 56 -0.3930756888787116 -0.6808270643580654
60 59 62 0.30901699437494734 0.535233134659635
60 60 56 -0.6180339887498949 0
60 60 61 -0.4999999999999998 -0.8660254037844386
60 60 62 -0.3002831060007777 0
60 61 54 0.7861513777574235 0
60 61 58 -0.6180339887498948 0
60 62 54 0.3090169943749473 0.5352331346596351
60 62 57 0.9999999999999999 0
60 62 58 0.15014155300038878 0.26005279812396886
61 54 61 1. 0
61 55 57 1. 0
61 56 59 -0.4999999999999998 0.8660254037844387
61 57 56 0.618033988749895 0
61 57 62 0.7861513777574233 0
61 58 56 -0.3930756888787116 0.6808270643580654
61 58 62 0.30901699437494734 -0.535233134659635
61 59 54 -0.30901699437494734 -0.5352331346596351
61 59 58 -0.39307568887871147 -0.6808270643580653
61 60 54 0.7861513777574235 0
61 60 58 -0.6180339887498948 0
61 61 55 -0.30901699437494734 -0.5352331346596351
61 61 60 -0.39307568887871147 0.6808270643580653
61 62 55 -0.3930756888787116 0.6808270643580654
61 62 60 -0.6180339887498948 0
62 54 62 1. 0
62 55 58 -0.4999999999999998 0.8660254037844387
62 56 60 -0.4999999999999998 -0.8660254037844387
62 57 56 -0.3930756888787116 -0.6808270643580654
62 57 62 0.30901699437494734 0.535233134659635
62 58 56 -0.6180339887498949 0
62 58 61 -0.4999999999999998 -0.8660254037844386
62 58 62 -0.3002831060007777 0
62 59 54 -0.3930756888787116 0.6808270643580654
62 59 58 0.30901699437494734 -0.535233134659635
62 60 54 0.3090169943749473 0.5352331346596351
62 60 57 0.9999999999999999 0
62 60 58 0.15014155300038878 0.26005279812396886
62 61 55 -0.3930756888787116 0.6808270643580654
62 61 60 -0.6180339887498948 0
62 62 55 -0.6180339887498949 0
62 62 59 0.9999999999999999 0
62 62 60 0.15014155300038878 0.26005279812396886