1 0 0 0 0 0 0 0 0 0 0 1 0 0 0 0 0 0 0 0 0 0 1 0 0 0 0 0 0 0 0 0 0 1 0 0 0 0 0 0 0 0 0 0 1 0 0 0 0 0 1 0 0 0 0 0 0 0 0 0
0 0 0 1. 0
0 1 1 1. 0
0 2 2 1. 0
0 3 3 1. 0
0 4 4 1. 0
0 5 5 1. 0
1 0 1 1. 0
1 1 4 1. 0
1 2 0 1. 0
1 3 2 1. 0
1 4 3 1. 0
1 5 5 1. 0
2 0 2 1. 0
2 1 0 1. 0
2 2 3 1. 0
2 3 4 1. 0
2 4 1 1. 0
2 5 5 1. 0
3 0 3 1. 0
3 1 2 1. 0
3 2 4 1. 0
3 3 1 1. 0
3 4 0 1. 0
3 5 5 1. 0
4 0 4 1. 0
4 1 3 1. 0
4 2 1 1. 0
4 3 0 1. 0
4 4 2 1. 0
4 5 5 1. 0
5 0 5 1. 0
5 1 5 1. 0
5 2 5 1. 0
5 3 5 1. 0
5 4 5 1. 0
5 5 0 1. 0
5 5 1 1. 0
5 5 2 1. 0
5 5 3 1. 0
5 5 4 1. 0
6 0 6 1. 0
6 1 6 0.30901699437494745 -0.9510565162951535
6 2 6 0.30901699437494745 0.9510565162951535
6 3 6 -0.8090169943749473 0.5877852522924732
6 4 6 -0.8090169943749473 -0.5877852522924732
7 0 7 1. 0
7 1 7 0.30901699437494745 0.9510565162951535
7 2 7 0.30901699437494745 -0.9510565162951535
7 3 7 -0.8090169943749473 -0.5877852522924732
7 4 7 -0.8090169943749473 0.5877852522924732
8 0 8 1. 0
8 1 8 -0.8090169943749473 0.5877852522924732
8 2 8 -0.8090169943749473 -0.5877852522924732
8 3 8 0.30901699437494745 0.9510565162951535
8 4 8 0.30901699437494745 -0.9510565162951535
9 0 9 1. 0
9 1 9 -0.8090169943749473 -0.5877852522924732
9 2 9 -0.8090169943749473 0.5877852522924732
9 3 9 0.30901699437494745 -0.9510565162951535
9 4 9 0.30901699437494745 0.9510565162951535
10 6 0 1. 0
10 6 1 0.30901699437494745 0.9510565162951535
10 6 2 0.30901699437494745 -0.9510565162951535
10 6 3 -0.8090169943749473 -0.5877852522924732
10 6 4 -0.8090169943749473 0.5877852522924732
11 6 6 1. 0
12 6 6 1. 0
13 6 6 1. 0
14 6 6 1. 0
15 6 6 1. 0
20 7 0 1. 0
20 7 1 0.30901699437494745 -0.9510565162951535
20 7 2 0.30901699437494745 0.9510565162951535
20 7 3 -0.8090169943749473 0.5877852522924732
20 7 4 -0.8090169943749473 -0.5877852522924732
22 7 7 1. 0
23 7 7 1. 0
24 7 7 1. 0
25 7 7 1. 0
26 7 7 1. 0
30 8 0 1. 0
30 8 1 -0.8090169943749473 -0.5877852522924732
30 8 2 -0.8090169943749473 0.5877852522924732
30 8 3 0.30901699437494745 -0.9510565162951535
30 8 4 0.30901699437494745 0.9510565162951535
33 8 8 1. 0
34 8 8 1. 0
35 8 8 1. 0
36 8 8 1. 0
37 8 8 1. 0
40 9 0 1. 0
40 9 1 -0.8090169943749473 0.5877852522924732
40 9 2 -0.8090169943749473 -0.5877852522924732
40 9 3 0.30901699437494745 0.9510565162951535
40 9 4 0.30901699437494745 -0.9510565162951535
44 9 9 1. 0
45 9 9 1. 0
46 9 9 1. 0
47 9 9 1. 0
48 9 9 1. 0
0 10 10 1. 0
1 10 10 0.30901699437494745 -0.9510565162951535
2 10 10 0.30901699437494745 0.9510565162951535
3 10 10 -0.8090169943749473 0.5877852522924732
4 10 10 -0.8090169943749473 -0.5877852522924732
6 10 11 1. 0
6 10 12 1. 0
6 10 13 1. 0
6 10 14 1. 0
6 10 15 1. 0
10 11 10 1. 0
10 12 10 1. 0
10 13 10 1. 0
10 14 10 1. 0
10 15 10 1. 0
11 11 11 1. 0
11 12 12 1. 0
11 13 13 1. 0
11 14 14 1. 0
11 15 15 1. 0
11 16 16 1. 0
12 11 12 1. 0
12 12 15 1. 0
12 13 11 1. 0
12 14 13 1. 0
12 15 14 1. 0
12 16 16 0.30901699437494745 -0.9510565162951535
13 11 13 1. 0
13 12 11 1. 0
13 13 14 1. 0
13 14 15 1. 0
13 15 12 1. 0
13 16 16 0.30901699437494745 0.9510565162951535
14 11 14 1. 0
14 12 13 1. 0
14 13 15 1. 0
14 14 12 1. 0
14 15 11 1. 0
14 16 16 -0.8090169943749473 0.5877852522924732
15 11 15 1. 0
15 12 14 1. 0
15 13 12 1. 0
15 14 11 1. 0
15 15 13 1. 0
15 16 16 -0.8090169943749473 -0.5877852522924732
16 11 16 1. 0
16 12 16 0.30901699437494745 -0.9510565162951535
16 13 16 0.30901699437494745 0.9510565162951535
16 14 16 -0.8090169943749473 0.5877852522924732
16 15 16 -0.8090169943749473 -0.5877852522924732
16 16 11 0.30901699437494745 0.9510565162951535
16 16 12 -0.8090169943749473 0.5877852522924732
16 16 13 1. 0
16 16 14 0.30901699437494745 -0.9510565162951535
16 16 15 -0.8090169943749473 -0.5877852522924732
17 11 17 1. 0
17 12 17 0.30901699437494745 0.9510565162951535
17 13 17 0.30901699437494745 -0.9510565162951535
17 14 17 -0.8090169943749473 -0.5877852522924732
17 15 17 -0.8090169943749473 0.5877852522924732
18 11 18 1. 0
18 12 18 -0.8090169943749473 0.5877852522924732
18 13 18 -0.8090169943749473 -0.5877852522924732
18 14 18 0.30901699437494745 0.9510565162951535
18 15 18 0.30901699437494745 -0.9510565162951535
19 11 19 1. 0
19 12 19 -0.8090169943749473 -0.5877852522924732
19 13 19 -0.8090169943749473 0.5877852522924732
19 14 19 0.30901699437494745 -0.9510565162951535
19 15 19 0.30901699437494745 0.9510565162951535
21 17 11 0.30901699437494745 -0.9510565162951535
21 17 12 -0.8090169943749473 -0.5877852522924732
21 17 13 1. 0
21 17 14 0.30901699437494745 0.9510565162951535
21 17 15 -0.8090169943749473 0.5877852522924732
22 17 17 1. 0
23 17 17 0.30901699437494745 -0.9510565162951535
24 17 17 0.30901699437494745 0.9510565162951535
25 17 17 -0.8090169943749473 0.5877852522924732
26 17 17 -0.8090169943749473 -0.5877852522924732
31 18 11 -0.8090169943749473 -0.5877852522924732
31 18 12 0.30901699437494745 0.9510565162951535
31 18 13 1. 0
31 18 14 -0.8090169943749473 0.5877852522924732
31 18 15 0.30901699437494745 -0.9510565162951535
33 18 18 1. 0
34 18 18 0.30901699437494745 -0.9510565162951535
35 18 18 0.30901699437494745 0.9510565162951535
36 18 18 -0.8090169943749473 0.5877852522924732
37 18 18 -0.8090169943749473 -0.5877852522924732
41 19 11 -0.8090169943749473 0.5877852522924732
41 19 12 0.30901699437494745 -0.9510565162951535
41 19 13 1. 0
41 19 14 -0.8090169943749473 -0.5877852522924732
41 19 15 0.30901699437494745 0.9510565162951535
44 19 19 1. 0
45 19 19 0.30901699437494745 -0.9510565162951535
46 19 19 0.30901699437494745 0.9510565162951535
47 19 19 -0.8090169943749473 0.5877852522924732
48 19 19 -0.8090169943749473 -0.5877852522924732
0 20 20 1. 0
1 20 20 0.30901699437494745 0.9510565162951535
2 20 20 0.30901699437494745 -0.9510565162951535
3 20 20 -0.8090169943749473 -0.5877852522924732
4 20 20 -0.8090169943749473 0.5877852522924732
7 20 22 1. 0
7 20 23 1. 0
7 20 24 1. 0
7 20 25 1. 0
7 20 26 1. 0
11 21 21 1. 0
12 21 21 0.30901699437494745 0.9510565162951535
13 21 21 0.30901699437494745 -0.9510565162951535
14 21 21 -0.8090169943749473 -0.5877852522924732
15 21 21 -0.8090169943749473 0.5877852522924732
17 21 22 0.30901699437494745 -0.9510565162951535
17 21 23 1. 0
17 21 24 -0.8090169943749473 -0.5877852522924732
17 21 25 -0.8090169943749473 0.5877852522924732
17 21 26 0.30901699437494745 0.9510565162951535
20 22 20 1. 0
20 23 20 1. 0
20 24 20 1. 0
20 25 20 1. 0
20 26 20 1. 0
21 22 21 1. 0
21 23 21 0.30901699437494745 -0.9510565162951535
21 24 21 0.30901699437494745 0.9510565162951535
21 25 21 -0.8090169943749473 0.5877852522924732
21 26 21 -0.8090169943749473 -0.5877852522924732
22 22 22 1. 0
22 23 23 1. 0
22 24 24 1. 0
22 25 25 1. 0
22 26 26 1. 0
22 27 27 1. 0
23 22 23 1. 0
23 23 26 1. 0
23 24 22 1. 0
23 25 24 1. 0
23 26 25 1. 0
23 27 27 0.30901699437494745 0.9510565162951535
24 22 24 1. 0
24 23 22 1. 0
24 24 25 1. 0
24 25 26 1. 0
24 26 23 1. 0
24 27 27 0.30901699437494745 -0.9510565162951535
25 22 25 1. 0
25 23 24 1. 0
25 24 26 1. 0
25 25 23 1. 0
25 26 22 1. 0
25 27 27 -0.8090169943749473 -0.5877852522924732
26 22 26 1. 0
26 23 25 1. 0
26 24 23 1. 0
26 25 22 1. 0
26 26 24 1. 0
26 27 27 -0.8090169943749473 0.5877852522924732
27 22 27 1. 0
27 23 27 0.30901699437494745 0.9510565162951535
27 24 27 0.30901699437494745 -0.9510565162951535
27 25 27 -0.8090169943749473 -0.5877852522924732
27 26 27 -0.8090169943749473 0.5877852522924732
27 27 22 0.30901699437494745 0.9510565162951535
27 27 23 1. 0
27 27 24 -0.8090169943749473 0.5877852522924732
27 27 25 -0.8090169943749473 -0.5877852522924732
27 27 26 0.30901699437494745 -0.9510565162951535
28 22 28 1. 0
28 23 28 -0.8090169943749473 0.5877852522924732
28 24 28 -0.8090169943749473 -0.5877852522924732
28 25 28 0.30901699437494745 0.9510565162951535
28 26 28 0.30901699437494745 -0.9510565162951535
29 22 29 1. 0
29 23 29 -0.8090169943749473 -0.5877852522924732
29 24 29 -0.8090169943749473 0.5877852522924732
29 25 29 0.30901699437494745 -0.9510565162951535
29 26 29 0.30901699437494745 0.9510565162951535
32 28 22 -0.8090169943749473 0.5877852522924732
32 28 23 1. 0
32 28 24 0.30901699437494745 -0.9510565162951535
32 28 25 0.30901699437494745 0.9510565162951535
32 28 26 -0.8090169943749473 -0.5877852522924732
33 28 28 1. 0
34 28 28 0.30901699437494745 0.9510565162951535
35 28 28 0.30901699437494745 -0.9510565162951535
36 28 28 -0.8090169943749473 -0.5877852522924732
37 28 28 -0.8090169943749473 0.5877852522924732
42 29 22 -0.8090169943749473 -0.5877852522924732
42 29 23 1. 0
42 29 24 0.30901699437494745 0.9510565162951535
42 29 25 0.30901699437494745 -0.9510565162951535
42 29 26 -0.8090169943749473 0.5877852522924732
44 29 29 1. 0
45 29 29 0.30901699437494745 0.9510565162951535
46 29 29 0.30901699437494745 -0.9510565162951535
47 29 29 -0.8090169943749473 -0.5877852522924732
48 29 29 -0.8090169943749473 0.5877852522924732
0 30 30 1. 0
1 30 30 -0.8090169943749473 0.5877852522924732
2 30 30 -0.8090169943749473 -0.5877852522924732
3 30 30 0.30901699437494745 0.9510565162951535
4 30 30 0.30901699437494745 -0.9510565162951535
8 30 33 1. 0
8 30 34 1. 0
8 30 35 1. 0
8 30 36 1. 0
8 30 37 1. 0
11 31 31 1. 0
12 31 31 -0.8090169943749473 0.5877852522924732
13 31 31 -0.8090169943749473 -0.5877852522924732
14 31 31 0.30901699437494745 0.9510565162951535
15 31 31 0.30901699437494745 -0.9510565162951535
18 31 33 -0.8090169943749473 -0.5877852522924732
18 31 34 0.30901699437494745 -0.9510565162951535
18 31 35 -0.8090169943749473 0.5877852522924732
18 31 36 0.30901699437494745 0.9510565162951535
18 31 37 1. 0
22 32 32 1. 0
23 32 32 -0.8090169943749473 0.5877852522924732
24 32 32 -0.8090169943749473 -0.5877852522924732
25 32 32 0.30901699437494745 0.9510565162951535
26 32 32 0.30901699437494745 -0.9510565162951535
28 32 33 -0.8090169943749473 0.5877852522924732
28 32 34 0.30901699437494745 0.9510565162951535
28 32 35 -0.8090169943749473 -0.5877852522924732
28 32 36 0.30901699437494745 -0.9510565162951535
28 32 37 1. 0
30 33 30 1. 0
30 34 30 1. 0
30 35 30 1. 0
30 36 30 1. 0
30 37 30 1. 0
31 33 31 1. 0
31 34 31 0.30901699437494745 -0.9510565162951535
31 35 31 0.30901699437494745 0.9510565162951535
31 36 31 -0.8090169943749473 0.5877852522924732
31 37 31 -0.8090169943749473 -0.5877852522924732
32 33 32 1. 0
32 34 32 0.30901699437494745 0.9510565162951535
32 35 32 0.30901699437494745 -0.9510565162951535
32 36 32 -0.8090169943749473 -0.5877852522924732
32 37 32 -0.8090169943749473 0.5877852522924732
33 33 33 1. 0
33 34 34 1. 0
33 35 35 1. 0
33 36 36 1. 0
33 37 37 1. 0
33 38 38 1. 0
34 33 34 1. 0
34 34 37 1. 0
34 35 33 1. 0
34 36 35 1. 0
34 37 36 1. 0
34 38 38 -0.8090169943749473 0.5877852522924732
35 33 35 1. 0
35 34 33 1. 0
35 35 36 1. 0
35 36 37 1. 0
35 37 34 1. 0
35 38 38 -0.8090169943749473 -0.5877852522924732
36 33 36 1. 0
36 34 35 1. 0
36 35 37 1. 0
36 36 34 1. 0
36 37 33 1. 0
36 38 38 0.30901699437494745 0.9510565162951535
37 33 37 1. 0
37 34 36 1. 0
37 35 34 1. 0
37 36 33 1. 0
37 37 35 1. 0
37 38 38 0.30901699437494745 -0.9510565162951535
38 33 38 1. 0
38 34 38 -0.8090169943749473 0.5877852522924732
38 35 38 -0.8090169943749473 -0.5877852522924732
38 36 38 0.30901699437494745 0.9510565162951535
38 37 38 0.30901699437494745 -0.9510565162951535
38 38 33 0.30901699437494745 -0.9510565162951535
38 38 34 -0.8090169943749473 0.5877852522924732
38 38 35 0.30901699437494745 0.9510565162951535
38 38 36 -0.8090169943749473 -0.5877852522924732
38 38 37 1. 0
39 33 39 1. 0
39 34 39 -0.8090169943749473 -0.5877852522924732
39 35 39 -0.8090169943749473 0.5877852522924732
39 36 39 0.30901699437494745 -0.9510565162951535
39 37 39 0.30901699437494745 0.9510565162951535
43 39 33 0.30901699437494745 0.9510565162951535
43 39 34 -0.8090169943749473 -0.5877852522924732
43 39 35 0.30901699437494745 -0.9510565162951535
43 39 36 -0.8090169943749473 0.5877852522924732
43 39 37 1. 0
44 39 39 1. 0
45 39 39 -0.8090169943749473 0.5877852522924732
46 39 39 -0.8090169943749473 -0.5877852522924732
47 39 39 0.30901699437494745 0.9510565162951535
48 39 39 0.30901699437494745 -0.9510565162951535
0 40 40 1. 0
1 40 40 -0.8090169943749473 -0.5877852522924732
2 40 40 -0.8090169943749473 0.5877852522924732
3 40 40 0.30901699437494745 -0.9510565162951535
4 40 40 0.30901699437494745 0.9510565162951535
9 40 44 1. 0
9 40 45 1. 0
9 40 46 1. 0
9 40 47 1. 0
9 40 48 1. 0
11 41 41 1. 0
12 41 41 -0.8090169943749473 -0.5877852522924732
13 41 41 -0.8090169943749473 0.5877852522924732
14 41 41 0.30901699437494745 -0.9510565162951535
15 41 41 0.30901699437494745 0.9510565162951535
19 41 44 -0.8090169943749473 0.5877852522924732
19 41 45 -0.8090169943749473 -0.5877852522924732
19 41 46 0.30901699437494745 0.9510565162951535
19 41 47 1. 0
19 41 48 0.30901699437494745 -0.9510565162951535
22 42 42 1. 0
23 42 42 -0.8090169943749473 -0.5877852522924732
24 42 42 -0.8090169943749473 0.5877852522924732
25 42 42 0.30901699437494745 -0.9510565162951535
26 42 42 0.30901699437494745 0.9510565162951535
29 42 44 -0.8090169943749473 -0.5877852522924732
29 42 45 -0.8090169943749473 0.5877852522924732
29 42 46 0.30901699437494745 -0.9510565162951535
29 42 47 1. 0
29 42 48 0.30901699437494745 0.9510565162951535
33 43 43 1. 0
34 43 43 -0.8090169943749473 -0.5877852522924732
35 43 43 -0.8090169943749473 0.5877852522924732
36 43 43 0.30901699437494745 -0.9510565162951535
37 43 43 0.30901699437494745 0.9510565162951535
39 43 44 0.30901699437494745 0.9510565162951535
39 43 45 0.30901699437494745 -0.9510565162951535
39 43 46 -0.8090169943749473 -0.5877852522924732
39 43 47 1. 0
39 43 48 -0.8090169943749473 0.5877852522924732
40 44 40 1. 0
40 45 40 1. 0
40 46 40 1. 0
40 47 40 1. 0
40 48 40 1. 0
41 44 41 1. 0
41 45 41 0.30901699437494745 -0.9510565162951535
41 46 41 0.30901699437494745 0.9510565162951535
41 47 41 -0.8090169943749473 0.5877852522924732
41 48 41 -0.8090169943749473 -0.5877852522924732
42 44 42 1. 0
42 45 42 0.30901699437494745 0.9510565162951535
42 46 42 0.30901699437494745 -0.9510565162951535
42 47 42 -0.8090169943749473 -0.5877852522924732
42 48 42 -0.8090169943749473 0.5877852522924732
43 44 43 1. 0
43 45 43 -0.8090169943749473 0.5877852522924732
43 46 43 -0.8090169943749473 -0.5877852522924732
43 47 43 0.30901699437494745 0.9510565162951535
43 48 43 0.30901699437494745 -0.9510565162951535
44 44 44 1. 0
44 45 45 1. 0
44 46 46 1. 0
44 47 47 1. 0
44 48 48 1. 0
44 49 49 1. 0
45 44 45 1. 0
45 45 48 1. 0
45 46 44 1. 0
45 47 46 1. 0
45 48 47 1. 0
45 49 49 -0.8090169943749473 -0.5877852522924732
46 44 46 1. 0
46 45 44 1. 0
46 46 47 1. 0
46 47 48 1. 0
46 48 45 1. 0
46 49 49 -0.8090169943749473 0.5877852522924732
47 44 47 1. 0
47 45 46 1. 0
47 46 48 1. 0
47 47 45 1. 0
47 48 44 1. 0
47 49 49 0.30901699437494745 -0.9510565162951535
48 44 48 1. 0
48 45 47 1. 0
48 46 45 1. 0
48 47 44 1. 0
48 48 46 1. 0
48 49 49 0.30901699437494745 0.9510565162951535
49 44 49 1. 0
49 45 49 -0.8090169943749473 -0.5877852522924732
49 46 49 -0.8090169943749473 0.5877852522924732
49 47 49 0.30901699437494745 -0.9510565162951535
49 48 49 0.30901699437494745 0.9510565162951535
49 49 44 0.30901699437494745 -0.9510565162951535
49 49 45 0.30901699437494745 0.9510565162951535
49 49 46 -0.8090169943749473 0.5877852522924732
49 49 47 1. 0
49 49 48 -0.8090169943749473 -0.5877852522924732
50 50 50 1. 0
50 51 51 1. 0
50 52 52 1. 0
50 53 53 1. 0
50 54 54 1. 0
50 55 55 1. 0
50 56 56 1. 0
50 57 57 1. 0
50 58 58 1. 0
50 59 59 1. 0
51 50 51 1. 0
51 51 54 0.30901699437494745 0.9510565162951535
51 52 50 0.30901699437494745 -0.9510565162951535
51 53 52 -0.8090169943749473 -0.5877852522924732
51 54 53 -0.8090169943749473 0.5877852522924732
51 55 56 0.30901699437494745 -0.9510565162951535
51 56 59 -0.8090169943749473 -0.5877852522924732
51 57 55 1. 0
51 58 57 0.30901699437494745 0.9510565162951535
51 59 58 -0.8090169943749473 0.5877852522924732
52 50 52 1. 0
52 51 50 0.30901699437494745 -0.9510565162951535
52 52 53 0.30901699437494745 0.9510565162951535
52 53 54 -0.8090169943749473 0.5877852522924732
52 54 51 -0.8090169943749473 -0.5877852522924732
52 55 57 0.30901699437494745 -0.9510565162951535
52 56 55 1. 0
52 57 58 -0.8090169943749473 -0.5877852522924732
52 58 59 -0.8090169943749473 0.5877852522924732
52 59 56 0.30901699437494745 0.9510565162951535
53 50 53 1. 0
53 51 52 -0.8090169943749473 -0.5877852522924732
53 52 54 -0.8090169943749473 0.5877852522924732
53 53 51 0.30901699437494745 -0.9510565162951535
53 54 50 0.30901699437494745 0.9510565162951535
53 55 58 0.30901699437494745 0.9510565162951535
53 56 57 -0.8090169943749473 -0.5877852522924732
53 57 59 0.30901699437494745 -0.9510565162951535
53 58 56 -0.8090169943749473 0.5877852522924732
53 59 55 1. 0
54 50 54 1. 0
54 51 53 -0.8090169943749473 0.5877852522924732
54 52 51 -0.8090169943749473 -0.5877852522924732
54 53 50 0.30901699437494745 0.9510565162951535
54 54 52 0.30901699437494745 -0.9510565162951535
54 55 59 0.30901699437494745 0.9510565162951535
54 56 58 0.30901699437494745 -0.9510565162951535
54 57 56 -0.8090169943749473 -0.5877852522924732
54 58 55 1. 0
54 59 57 -0.8090169943749473 0.5877852522924732
55 50 55 1. 0
55 51 56 0.30901699437494745 -0.9510565162951535
55 52 57 0.30901699437494745 -0.9510565162951535
55 53 58 0.30901699437494745 0.9510565162951535
55 54 59 0.30901699437494745 0.9510565162951535
55 55 50 0.4472135954999579 0
55 55 51 0.4472135954999579 0
55 55 52 0.4472135954999579 0
55 55 53 0.4472135954999579 0
55 55 54 0.4472135954999579 0
55 56 50 0.4472135954999579 0
55 56 51 0.13819660112501053 0.42532540417601994
55 56 52 0.13819660112501053 -0.42532540417601994
55 56 53 -0.3618033988749894 -0.26286555605956685
55 56 54 -0.3618033988749894 0.26286555605956685
55 57 50 0.4472135954999579 0
55 57 51 0.13819660112501053 -0.42532540417601994
55 57 52 0.13819660112501053 0.42532540417601994
55 57 53 -0.3618033988749894 0.26286555605956685
55 57 54 -0.3618033988749894 -0.26286555605956685
55 58 50 0.4472135954999579 0
55 58 51 -0.3618033988749894 -0.26286555605956685
55 58 52 -0.3618033988749894 0.26286555605956685
55 58 53 0.13819660112501053 -0.42532540417601994
55 58 54 0.13819660112501053 0.42532540417601994
55 59 50 0.4472135954999579 0
55 59 51 -0.3618033988749894 0.26286555605956685
55 59 52 -0.3618033988749894 -0.26286555605956685
55 59 53 0.13819660112501053 0.42532540417601994
55 59 54 0.13819660112501053 -0.42532540417601994
56 50 56 1. 0
56 51 59 -0.8090169943749473 -0.5877852522924732
56 52 55 1. 0
56 53 57 -0.8090169943749473 -0.5877852522924732
56 54 58 0.30901699437494745 -0.9510565162951535
56 55 50 0.4472135954999579 0
56 55 51 0.13819660112501053 0.42532540417601994
56 55 52 0.13819660112501053 -0.42532540417601994
56 55 53 -0.3618033988749894 -0.26286555605956685
56 55 54 -0.3618033988749894 0.26286555605956685
56 56 50 0.13819660112501053 -0.42532540417601994
56 56 51 0.13819660112501053 0.42532540417601994
56 56 52 -0.3618033988749894 0.26286555605956685
56 56 53 0.4472135954999579 0
56 56 54 -0.3618033988749894 -0.26286555605956685
56 57 50 0.13819660112501053 0.42532540417601994
56 57 51 0.13819660112501053 0.42532540417601994
56 57 52 0.13819660112501053 0.42532540417601994
56 57 53 0.13819660112501053 0.42532540417601994
56 57 54 0.13819660112501053 0.42532540417601994
56 58 50 -0.3618033988749894 0.26286555605956685
56 58 51 0.13819660112501053 0.42532540417601994
56 58 52 -0.3618033988749894 -0.26286555605956685
56 58 53 0.13819660112501053 -0.42532540417601994
56 58 54 0.4472135954999579 0
56 59 50 -0.3618033988749894 -0.26286555605956685
56 59 51 0.13819660112501053 0.42532540417601994
56 59 52 0.4472135954999579 0
56 59 53 -0.3618033988749894 0.26286555605956685
56 59 54 0.13819660112501053 -0.42532540417601994
57 50 57 1. 0
57 51 55 1. 0
57 52 58 -0.8090169943749473 -0.5877852522924732
57 53 59 0.30901699437494745 -0.9510565162951535
57 54 56 -0.8090169943749473 -0.5877852522924732
57 55 50 0.4472135954999579 0
57 55 51 0.13819660112501053 -0.42532540417601994
57 55 52 0.13819660112501053 0.42532540417601994
57 55 53 -0.3618033988749894 0.26286555605956685
57 55 54 -0.3618033988749894 -0.26286555605956685
57 56 50 0.13819660112501053 0.42532540417601994
57 56 51 0.13819660112501053 0.42532540417601994
57 56 52 0.13819660112501053 0.42532540417601994
57 56 53 0.13819660112501053 0.42532540417601994
57 56 54 0.13819660112501053 0.42532540417601994
57 57 50 0.13819660112501053 -0.42532540417601994
57 57 51 -0.3618033988749894 0.26286555605956685
57 57 52 0.13819660112501053 0.42532540417601994
57 57 53 -0.3618033988749894 -0.26286555605956685
57 57 54 0.4472135954999579 0
57 58 50 -0.3618033988749894 -0.26286555605956685
57 58 51 0.4472135954999579 0
57 58 52 0.13819660112501053 0.42532540417601994
57 58 53 0.13819660112501053 -0.42532540417601994
57 58 54 -0.3618033988749894 0.26286555605956685
57 59 50 -0.3618033988749894 0.26286555605956685
57 59 51 -0.3618033988749894 -0.26286555605956685
57 59 52 0.13819660112501053 0.42532540417601994
57 59 53 0.4472135954999579 0
57 59 54 0.13819660112501053 -0.42532540417601994
58 50 58 1. 0
58 51 57 0.30901699437494745 0.9510565162951535
58 52 59 -0.8090169943749473 0.5877852522924732
58 53 56 -0.8090169943749473 0.5877852522924732
58 54 55 1. 0
58 55 50 0.4472135954999579 0
58 55 51 -0.3618033988749894 -0.26286555605956685
58 55 52 -0.3618033988749894 0.26286555605956685
58 55 53 0.13819660112501053 -0.42532540417601994
58 55 54 0.13819660112501053 0.42532540417601994
58 56 50 -0.3618033988749894 0.26286555605956685
58 56 51 0.13819660112501053 0.42532540417601994
58 56 52 -0.3618033988749894 -0.26286555605956685
58 56 53 0.13819660112501053 -0.42532540417601994
58 56 54 0.4472135954999579 0
58 57 50 -0.3618033988749894 -0.26286555605956685
58 57 51 0.4472135954999579 0
58 57 52 0.13819660112501053 0.42532540417601994
58 57 53 0.13819660112501053 -0.42532540417601994
58 57 54 -0.3618033988749894 0.26286555605956685
58 58 50 0.13819660112501053 0.42532540417601994
58 58 51 -0.3618033988749894 0.26286555605956685
58 58 52 0.4472135954999579 0
58 58 53 0.13819660112501053 -0.42532540417601994
58 58 54 -0.3618033988749894 -0.26286555605956685
58 59 50 0.13819660112501053 -0.42532540417601994
58 59 51 0.13819660112501053 -0.42532540417601994
58 59 52 0.13819660112501053 -0.42532540417601994
58 59 53 0.13819660112501053 -0.42532540417601994
58 59 54 0.13819660112501053 -0.42532540417601994
59 50 59 1. 0
59 51 58 -0.8090169943749473 0.5877852522924732
59 52 56 0.30901699437494745 0.9510565162951535
59 53 55 1. 0
59 54 57 -0.8090169943749473 0.5877852522924732
59 55 50 0.4472135954999579 0
59 55 51 -0.3618033988749894 0.26286555605956685
59 55 52 -0.3618033988749894 -0.26286555605956685
59 55 53 0.13819660112501053 0.42532540417601994
59 55 54 0.13819660112501053 -0.42532540417601994
59 56 50 -0.3618033988749894 -0.26286555605956685
59 56 51 0.13819660112501053 0.42532540417601994
59 56 52 0.4472135954999579 0
59 56 53 -0.3618033988749894 0.26286555605956685
59 56 54 0.13819660112501053 -0.42532540417601994
59 57 50 -0.3618033988749894 0.26286555605956685
59 57 51 -0.3618033988749894 -0.26286555605956685
59 57 52 0.13819660112501053 0.42532540417601994
59 57 53 0.4472135954999579 0
59 57 54 0.13819660112501053 -0.42532540417601994
59 58 50 0.13819660112501053 -0.42532540417601994
59 58 51 0.13819660112501053 -0.42532540417601994
59 58 52 0.13819660112501053 -0.42532540417601994
59 58 53 0.13819660112501053 -0.42532540417601994
59 58 54 0.13819660112501053 -0.42532540417601994
59 59 50 0.13819660112501053 0.42532540417601994
59 59 51 0.4472135954999579 0
59 59 52 -0.3618033988749894 0.26286555605956685
59 59 53 -0.3618033988749894 -0.26286555605956685
59 59 54 0.13819660112501053 -0.42532540417601994