1 0 0 0 0 1 0 0 1 0 0 0
0 0 0 1. 0
0 1 1 1. 0
0 2 2 1. 0
1 0 1 1. 0
1 1 0 1. 0
1 2 2 1. 0
2 0 2 1. 0
2 1 2 1. 0
2 2 0 1. 0
2 2 1 1. 0
3 0 3 1. 0
3 1 3 -1. 0
4 3 0 1. 0
4 3 1 -1. 0
5 3 3 1. 0
6 3 3 1. 0
0 4 4 1. 0
1 4 4 -1. 0
3 4 5 1. 0
3 4 6 1. 0
4 5 4 1. 0
4 6 4 1. 0
5 5 5 1. 0
5 6 6 1. 0
5 7 7 1. 0
6 5 6 1. 0
6 6 5 1. 0
6 7 7 -1. 0
7 5 7 1. 0
7 6 7 -1. 0
7 7 5 -1. 0
7 7 6 1. 0
8 8 8 1. 0
8 9 9 1. 0
8 10 10 1. 0
8 11 11 1. 0
9 8 9 1. 0
9 9 8 -1. 0
9 10 11 -1. 0
9 11 10 1. 0
10 8 10 1. 0
10 9 11 -1. 0
10 10 8 0.7071067811865475 0
10 10 9 0.7071067811865475 0
10 11 8 0.7071067811865475 0
10 11 9 -0.7071067811865475 0
11 8 11 1. 0
11 9 10 1. 0
11 10 8 0.7071067811865475 0
11 10 9 -0.7071067811865475 0
11 11 8 -0.7071067811865475 0
11 11 9 -0.7071067811865475 0