1 1 1 1 1 1 0 0 0 0 0 0 0 0 0 0 0 0 0 0 0 0 0 0 0 0 0 0 0 0 0 0 0 0 0 0 0 0 0 0 0 0 0 0 0 0 0 0 0 0 0 0 0 0 0 0 0 0 0 0 0 0 0 0 0 0 0 0 0 0 0 0 0 0 0 0 0 0 0 0 0 0 0 0 0 0 0 0 0 0 0 0 0 0 0 0 0 0 0 0 0 0 1 0 1 0 0 0 1 0 0 0 1 0 0 0 1 0 0 0 0 1 0 0 0 0 0 0 0 0 0 0 0 0 0 0 0 0 0 0 0 0 0 0 0 0 0 0 0 0 0 0 0 0 0 0 0 0 0 0 0 0 0 0 0 0 0 0 0 0 0 0 0 0 0 0 0 0 0 0 0 0 0 0 0 0 0 0 0 0 0 0 0 0 0 0 0 0 0 0 0 0 0 0 0 0 0 0 0 0 0 0 0 0 0 0 0 0 0 0 0 0 0 0 0 0 0 0 0 0 0 0 0 0 0 0 0 0 0 0 0 0 0 0 0 0 0 0 0 0 0 0 0 0 0 0 0 0 0 0 0 0 0 0 0 0 0 0 0 0 0 0 0 0 0 0 0 0 0 0 0 0 0 0 0 0 0 0 0 0 0 0 0 0 0 0 0 0 0 0 0 0 0 0 0 0 0 0 0 0 0 1 0 0 1 0 0 0 0 0 1 0 0 0 0 0 0 0 1 0 0 0 0 0 0 0 0 0 1 0 0 0 0 0 0 0 0 0 0 1 0 0 0 0 0 0 0 0 0 0 0 0 0 0 0 0 0 0 0 0 0 0 0 0 0 0 0 0 0 0 0 0 0 0 0 0 0 0 0 0 0 0 0 0 0 0 0 0 0 0 0 0 0 0 0 0 0 0 0 0 0 0 0 0 0 0 0 0 0 0 0 0 0 0 0 0 0 0 0 0 0 0 0 0 0 0 0 0 0 0 0 0 0 0 0 0 0 0 0 0 0 0 0 0 0 0 0 0 0 0 0 0 0 0 0 0 0 0 0 0 0 0 0 0 0 0 0 0 0 0 0 0 0 0 0 0 0 0 0 0 0 0 0 0 0 0 0 0 0 0 0 0 0 0 0 0 0 0 0 0 0 0 0 0 0 0 0 0 0 0 0 0 0 0 0 0 0 0 0 0 0 0 0 0 0 0 0 0 0 0 0 0 0 0 0 0 0 0 0 0 0 0 0 0 0 0 0 0 0 0 0 0 0 0 0 0 0 0 0 0 0 0 0 0 0 0 0 0 0 0 0 0 0 0 0 0 0 0 0 0 0 0 0 0 0 0 0 0 0 0 0 0 0 0 0 0 0 0 0 0 0 0 0 0 0 0 0 0 0 0 1 0 0 0 1 0 0 0 0 0 0 0 1 0 0 0 0 0 0 0 0 0 0 0 1 0 0 0 0 0 0 0 0 0 0 0 0 0 0 0 1 0 0 0 0 0 0 0 0 0 0 0 0 0 0 0 0 0 1 0 0 0 0 0 0 0 0 0 0 0 0 0 0 0 0 0 0 0 0 0 0 0 0 0 0 0 0 0 0 0 0 0 0 0 0 0 0 0 0 0 0 0 0 0 0 0 0 0 0 0 0 0 0 0 0 0 0 0 0 0 0 0 0 0 0 0 0 0 0 0 0 0 0 0 0 0 0 0 0 0 0 0 0 0 0 0 0 0 0 0 0 0 0 0 0 0 0 0 0 0 0 0 0 0 0 0 0 0 0 0 0 0 0 0 0 0 0 0 0 0 0 0 0 0 0 0 0 0 0 0 0 0 0 0 0 0 0 0 0 0 0 0 0 0 0 0 0 0 0 0 0 0 0 0 0 0 0 0 0 0 0 0 0 0 0 0 0 0 0 0 0 0 0 0 0 0 0 0 0 0 0 0 0 0 0 0 0 0 0 0 0 0 0 0 0 0 0 0 0 0 0 0 0 0 0 0 0 0 0 0 0 0 0 0 0 0 0 0 0 0 0 0 0 0 0 0 0 0 0 0 0 0 0 0 0 0 0 0 0 0 0 0 0 0 0 0 0 0 0 0 0 0 0 0 0 0 0 0 0 0 0 0 0 0 0 0 0 0 0 0 0 0 0 0 0 0 0 0 0 0 0 0 0 0 0 0 0 0 0 0 0 0 0 0 0 0 0 0 0 0 0 0 0 0 0 0 0 0 0 0 0 0 0 0 0 0 0 0 0 0 0 0 0 0 0 0 0 0 0 0 0 1 0 0 0 0 1 0 0 0 0 0 0 0 0 0 0 1 0 0 0 0 0 0 0 0 0 0 0 0 0 0 0 1 0 0 0 0 0 0 0 0 0 0 0 0 0 0 0 0 0 0 0 1 0 0 0 0 0 0 0 0 0 0 0 0 0 0 0 0 0 0 0 0 0 0 1 0 0 0 0 0 0 0 0 0 0 0 0 0 0 0 0 0 0 0 0 0 0 0 0 0 0 0 0 0 0 0 0 0 0 0 0 0 0 0 0 0 0 0 0 0 0 0 0 0 0 0 0 0 0 0 0 0 0 0 0 0 0 0 0 0 0 0 0 0 0 0 0 0 0 0 0 0 0 0 0 0 0 0 0 0 0 0 0 0 0 0 0 0 0 0 0 0 0 0 0 0 0 0 0 0 0 0 0 0 0 0 0 0 0 0 0 0 0 0 0 0 0 0 0 0 0 0 0 0 0 0 0 0 0 0 0 0 0 0 0 0 0 0 0 0 0 0 0 0 0 0 0 0 0 0 0 0 0 0 0 0 0 0 0 0 0 0 0 0 0 0 0 0 0 0 0 0 0 0 0 0 0 0 0 0 0 0 0 0 0 0 0 0 0 0 0 0 0 0 0 0 0 0 0 0 0 0 0 0 0 0 0 0 0 0 0 0 0 0 0 0 0 0 0 0 0 0 0 0 0 0 0 0 0 0 0 0 0 0 0 0 0 0 0 0 0 0 0 0 0 0 0 0 0 0 0 0 0 0 0 0 0 0 0 0 0 0 0 0 0 0 0 0 0 0 0 0 0 0 0 0 0 0 0 0 0 0 0 0 0 0 0 0 0 0 0 0 0 0 0 0 0 0 0 0 0 0 0 0 0 0 0 0 0 0 0 0 0 0 0 0 0 0 0 0 0 0 0 0 0 0 0 0 0 0 0 0 0 0 0 0 0 0 0 0 0 0 0 0 0 0 0 0 0 0 0 0 0 0 0 0 0 0 0 0 0 0 0 0 1 0 0 0 0 0 0 1 0 0 0 0 0 0 0 0 0 0 0 0 1 0 0 0 0 0 0 0 0 0 0 0 0 0 0 0 0 0 1 0 0 0 0 0 0 0 0 0 0 0 0 0 0 0 0 0 0 0 0 0 1 0 0 0 0 0 0 0 0 0 0 0 0 0 0 0 0 0 0 0 0 0 0 0 0 1 0 0 0 0 0
1 1 1 1.
92 1 92 1.
268 1 268 1.
518 1 518 1.
827 1 827 1.
1177 1 1177 1.
2 2 2 1.
93 2 93 1.
94 2 94 1.
269 2 269 1.
270 2 270 1.
519 2 519 1.
520 2 520 1.
828 2 828 1.
829 2 829 1.
1178 2 1178 1.
1179 2 1179 1.
3 3 3 1.
95 3 95 1.
96 3 96 1.
271 3 271 1.
272 3 272 1.
273 3 273 1.
521 3 521 1.
522 3 522 1.
523 3 523 1.
830 3 830 1.
831 3 831 1.
832 3 832 1.
1180 3 1180 1.
1181 3 1181 1.
1182 3 1182 1.
4 4 4 1.
97 4 97 1.
98 4 98 1.
274 4 274 1.
275 4 275 1.
276 4 276 1.
524 4 524 1.
525 4 525 1.
526 4 526 1.
527 4 527 1.
833 4 833 1.
834 4 834 1.
835 4 835 1.
836 4 836 1.
1183 4 1183 1.
1184 4 1184 1.
1185 4 1185 1.
1186 4 1186 1.
5 5 5 1.
99 5 99 1.
100 5 100 1.
277 5 277 1.
278 5 278 1.
279 5 279 1.
528 5 528 1.
529 5 529 1.
530 5 530 1.
531 5 531 1.
837 5 837 1.
838 5 838 1.
839 5 839 1.
840 5 840 1.
841 5 841 1.
1187 5 1187 1.
1188 5 1188 1.
1189 5 1189 1.
1190 5 1190 1.
1191 5 1191 1.
6 6 6 1.
101 6 101 1.
102 6 102 1.
280 6 280 1.
281 6 281 1.
282 6 282 1.
532 6 532 1.
533 6 533 1.
534 6 534 1.
535 6 535 1.
842 6 842 1.
843 6 843 1.
844 6 844 1.
845 6 845 1.
846 6 846 1.
1192 6 1192 1.
1193 6 1193 1.
1194 6 1194 1.
1195 6 1195 1.
1196 6 1196 1.
1197 6 1197 1.
2 7 7 1.
93 7 103 1.0000000000000002
94 7 104 0.9999999999999999
269 7 283 0.9999999999999999
270 7 284 0.9999999999999999
519 7 536 1.
520 7 537 1.
828 7 847 1.
829 7 848 0.9999999999999999
1178 7 1198 1.
1179 7 1199 -1.
1 8 8 1.
92 8 105 0.514963915474864
92 8 106 0.8572118558202501
268 8 286 0.6007428758461398
268 8 287 0.7994423038094176
518 8 539 0.644153947096635
518 8 540 0.7648958703247296
827 8 850 0.6732470855885788
827 8 851 0.7394175827950569
1177 8 1202 0.6964453205565648
1177 8 1203 0.7176098629999895
3 9 9 1.
95 9 105 -0.8572118558202504
95 9 106 0.5149639154748639
96 9 107 0.9999999999999999
271 9 285 -0.9999999999999999
272 9 286 -0.7994423038094177
272 9 287 0.6007428758461397
273 9 288 0.9999999999999999
521 9 538 -1.
522 9 539 -0.7648958703247296
522 9 540 0.644153947096635
523 9 541 1.
830 9 849 -1.
831 9 850 -0.7394175827950569
831 9 851 0.6732470855885787
832 9 852 0.9999999999999999
1180 9 1200 -1.
1181 9 1201 -1.
1182 9 1202 -0.7176098629999895
1182 9 1203 0.6964453205565648
2 10 10 1.
93 10 108 0.9999999999999999
94 10 109 -0.60074287584614
94 10 110 0.7994423038094176
269 10 289 -0.36089200287989087
269 10 290 0.9326076143037547
270 10 291 -0.7008102743414579
270 10 292 0.7133477128143402
519 10 543 -0.4514297043829258
519 10 544 0.8923066860674889
520 10 545 -0.7514524475169047
520 10 546 0.6597872529238904
828 10 854 -0.5059131702491605
828 10 855 0.8625844098802411
829 10 857 -0.7853917103658827
829 10 858 0.6189990802000865
1178 10 1206 -0.546982381488236
1178 10 1207 -0.8371441180235683
1179 10 1208 -0.8124541393447587
1179 10 1209 0.5830251036289666
4 11 11 1.
97 11 109 0.7994423038094179
97 11 110 0.6007428758461397
98 11 111 0.9999999999999999
274 11 289 0.9326076143037547
274 11 290 0.36089200287989054
275 11 291 0.7133477128143402
275 11 292 0.7008102743414579
276 11 293 0.9999999999999999
524 11 542 1.
525 11 543 0.892306686067489
525 11 544 0.4514297043829258
526 11 545 0.6597872529238904
526 11 546 0.7514524475169047
527 11 547 1.
833 11 853 1.
834 11 854 0.8625844098802412
834 11 855 0.5059131702491604
835 11 856 0.9999999999999999
836 11 857 0.6189990802000866
836 11 858 0.7853917103658826
1183 11 1204 1.
1184 11 1205 -1.
1185 11 1206 0.8371441180235683
1185 11 1207 -0.546982381488236
1186 11 1208 0.5830251036289666
1186 11 1209 0.8124541393447587
3 12 12 1.
95 12 112 0.9999999999999999
96 12 113 0.6441539470966351
96 12 114 0.7648958703247295
271 12 294 0.9999999999999999
272 12 295 0.45142970438292573
272 12 296 0.8923066860674889
273 12 297 0.7514524475169045
273 12 298 0.6597872529238903
521 12 548 0.29079022591492876
521 12 549 0.9567868333711249
522 12 550 0.5646807808791463
522 12 551 0.8253094060446164
523 12 553 0.8057541413897924
523 12 554 0.5922501698042799
830 12 860 0.38016969001476814
830 12 861 0.9249167566835812
831 12 863 0.6328326232405225
831 12 864 0.7742886225190958
832 12 865 0.8421459339598282
832 12 866 0.5392496879136127
1180 12 1212 0.44073331915139746
1180 12 1213 0.8976380904294293
1181 12 1214 0.8711639567207506
1181 12 1215 0.49099222041764173
1182 12 1216 0.6842049499780202
1182 12 1217 -0.7292897822029146
5 13 13 1.
99 13 113 -0.7648958703247298
99 13 114 0.644153947096635
100 13 115 0.9999999999999999
277 13 295 -0.8923066860674889
277 13 296 0.45142970438292573
278 13 297 0.6597872529238904
278 13 298 -0.7514524475169045
279 13 299 0.9999999999999999
528 13 548 -0.9567868333711249
528 13 549 0.29079022591492876
529 13 550 0.8253094060446164
529 13 551 -0.5646807808791464
530 13 552 1.
531 13 553 0.5922501698042799
531 13 554 -0.8057541413897934
837 13 859 -1.
838 13 860 -0.9249167566835813
838 13 861 0.3801696900147681
839 13 862 0.9999999999999999
840 13 863 0.774288622519096
840 13 864 -0.6328326232405224
841 13 865 -0.5392496879136127
841 13 866 0.8421459339598281
1187 13 1210 -1.
1188 13 1211 -1.
1189 13 1212 -0.8976380904294294
1189 13 1213 0.4407333191513974
1190 13 1214 -0.49099222041764173
1190 13 1215 0.8711639567207506
1191 13 1216 0.7292897822029147
1191 13 1217 0.6842049499780202
4 14 14 1.
97 14 116 0.9999999999999999
98 14 117 -0.6732470855885789
98 14 118 -0.7394175827950568
274 14 300 0.9999999999999999
275 14 301 -0.5059131702491604
275 14 302 -0.8625844098802411
276 14 304 -0.7853917103658826
276 14 305 -0.6189990802000865
524 14 555 1.
525 14 556 -0.38016969001476814
525 14 557 0.9249167566835813
526 14 559 0.6328326232405225
526 14 560 -0.7742886225190959
527 14 561 -0.8421459339598282
527 14 562 0.5392496879136127
833 14 867 -0.25594813583155607
833 14 868 0.9666905149862344
834 14 870 0.4970214963422022
834 14 871 0.8677382279084851
835 14 872 -0.8801813576307556
835 14 873 0.4746375224097648
836 14 874 0.7092097740850712
836 14 875 -0.7049975151319344
1183 14 1220 -0.3461482953435485
1183 14 1221 -0.9381798109268583
1184 14 1222 -0.9105099760322869
1184 14 1223 0.4134871020306247
1185 14 1224 0.5762004166191773
1185 14 1225 0.8173084362025674
1186 14 1226 -0.7667822741454511
1186 14 1227 0.6419072706055995
6 15 15 1.
101 15 117 0.739417582795057
101 15 118 -0.6732470855885787
102 15 119 0.9999999999999999
280 15 301 0.8625844098802412
280 15 302 -0.5059131702491604
281 15 303 0.9999999999999999
282 15 304 0.6189990802000866
282 15 305 -0.7853917103658826
532 15 556 0.9249167566835813
532 15 557 0.38016969001476814
533 15 558 1.
534 15 559 -0.774288622519096
534 15 560 -0.6328326232405225
535 15 561 0.5392496879136127
535 15 562 0.8421459339598282
842 15 867 0.9666905149862345
842 15 868 0.255948135831556
843 15 869 0.9999999999999999
844 15 870 -0.8677382279084852
844 15 871 0.49702149634220216
845 15 872 0.47463752240976487
845 15 873 0.8801813576307554
846 15 874 -0.7049975151319345
846 15 875 -0.7092097740850714
1192 15 1218 1.
1193 15 1219 -1.
1194 15 1220 0.9381798109268583
1194 15 1221 -0.3461482953435485
1195 15 1222 0.4134871020306247
1195 15 1223 0.9105099760322868
1196 15 1224 -0.8173084362025675
1196 15 1225 0.5762004166191773
1197 15 1226 0.6419072706055995
1197 15 1227 0.7667822741454511
5 16 16 1.
99 16 120 0.9999999999999999
100 16 122 0.6964453205565649
100 16 123 0.7176098629999894
277 16 306 0.9999999999999999
278 16 308 -0.546982381488236
278 16 309 -0.8371441180235681
279 16 310 0.8124541393447587
279 16 311 0.5830251036289665
528 16 563 1.
529 16 565 -0.44073331915139746
529 16 566 -0.8976380904294294
530 16 567 0.8711639567207506
530 16 568 0.49099222041764173
531 16 569 -0.6842049499780202
531 16 570 -0.7292897822029147
837 16 876 0.9999999999999999
838 16 878 0.3461482953435485
838 16 879 0.9381798109268582
839 16 880 0.9105099760322869
839 16 881 0.4134871020306247
840 16 882 -0.5762004166191773
840 16 883 -0.8173084362025674
841 16 884 0.7667822741454511
841 16 885 0.6419072706055994
1187 16 1229 0.24107336051064615
1187 16 1230 0.9705068958292383
1188 16 1231 0.941883634852104
1188 16 1232 0.33593930761044966
1189 16 1233 0.4681364135744252
1189 16 1234 -0.883656210460649
1190 16 1235 0.8290284164543157
1190 16 1236 -0.5592064777085917
1191 16 1237 -0.6679930798878865
1191 16 1238 -0.7441674846577857
6 17 17 1.
101 17 121 0.9999999999999999
102 17 122 -0.7176098629999896
102 17 123 0.6964453205565648
280 17 307 0.9999999999999999
281 17 308 -0.8371441180235681
281 17 309 0.546982381488236
282 17 310 -0.5830251036289665
282 17 311 0.8124541393447585
532 17 564 1.
533 17 565 -0.8976380904294294
533 17 566 0.4407333191513974
534 17 567 -0.49099222041764173
534 17 568 0.8711639567207506
535 17 569 -0.7292897822029147
535 17 570 0.6842049499780202
842 17 877 0.9999999999999999
843 17 878 -0.9381798109268583
843 17 879 0.3461482953435485
844 17 880 -0.4134871020306247
844 17 881 0.9105099760322868
845 17 882 -0.8173084362025675
845 17 883 0.5762004166191773
846 17 884 -0.6419072706055995
846 17 885 0.7667822741454511
1192 17 1228 -1.
1193 17 1229 -0.9705068958292383
1193 17 1230 0.24107336051064607
1194 17 1231 -0.33593930761044966
1194 17 1232 0.9418836348521039
1195 17 1233 -0.883656210460649
1195 17 1234 -0.46813641357442515
1196 17 1235 -0.5592064777085917
1196 17 1236 -0.8290284164543157
1197 17 1237 -0.7441674846577857
1197 17 1238 0.6679930798878864
3 18 18 1.
95 18 124 -0.9999999999999999
96 18 125 0.9999999999999999
271 18 312 0.9999999999999999
272 18 313 -0.9999999999999999
273 18 314 0.9999999999999999
521 18 571 1.
522 18 572 -0.9999999999999999
523 18 573 1.
830 18 886 0.9999999999999999
831 18 887 -0.9999999999999999
832 18 888 1.
1180 18 1239 1.0000000000000002
1181 18 1240 0.9999999999999999
1182 18 1241 -0.9999999999999999
2 19 19 1.
93 19 126 0.9999999999999999
94 19 127 -0.3608920028798906
94 19 128 0.9326076143037547
269 19 315 -0.6007428758461397
269 19 316 0.7994423038094177
270 19 317 -0.45142970438292573
270 19 318 0.8923066860674889
519 19 575 -0.700810274341458
519 19 576 0.7133477128143402
520 19 577 -0.5059131702491604
520 19 578 0.8625844098802412
828 19 890 -0.7514524475169045
828 19 891 0.6597872529238904
829 19 893 -0.546982381488236
829 19 894 -0.8371441180235683
1178 19 1244 -0.785391710365883
1178 19 1245 0.6189990802000866
1179 19 1246 0.8124541393447586
1179 19 1247 -0.5830251036289665
4 20 20 1.
97 20 127 0.9326076143037547
97 20 128 0.36089200287989054
98 20 129 0.9999999999999999
274 20 315 0.7994423038094176
274 20 316 0.6007428758461398
275 20 317 0.8923066860674889
275 20 318 0.45142970438292573
276 20 319 0.9999999999999999
524 20 574 1.
525 20 575 0.7133477128143403
525 20 576 0.7008102743414579
526 20 577 0.8625844098802412
526 20 578 0.5059131702491605
527 20 579 1.
833 20 889 0.9999999999999999
834 20 890 0.6597872529238903
834 20 891 0.7514524475169045
835 20 892 1.
836 20 893 0.8371441180235681
836 20 894 -0.546982381488236
1183 20 1242 1.0000000000000002
1184 20 1243 -0.9999999999999999
1185 20 1244 0.6189990802000868
1185 20 1245 0.7853917103658826
1186 20 1246 0.5830251036289665
1186 20 1247 0.8124541393447587
1 21 21 1.
92 21 130 0.6007428758461398
92 21 131 0.7994423038094176
268 21 321 0.3608920028798906
268 21 322 0.6007428758461398
268 21 323 0.7133477128143402
518 21 582 0.4514297043829258
518 21 583 0.6007428758461398
518 21 584 0.6597872529238904
827 21 899 0.5059131702491605
827 21 900 0.6007428758461398
827 21 901 0.6189990802000866
1177 21 1254 0.5469823814882361
1177 21 1255 0.5830251036289665
1177 21 1256 0.6007428758461398
3 22 22 1.
95 22 130 -0.7994423038094177
95 22 131 0.6007428758461397
96 22 132 0.45142970438292573
96 22 133 0.8923066860674889
271 22 320 -0.9999999999999999
272 22 321 -0.6007428758461397
272 22 322 -0.43531921912085364
272 22 323 0.6705260431811129
273 22 324 0.5646807808791464
273 22 325 0.8253094060446164
521 22 580 -0.4514297043829258
521 22 581 -0.8923066860674889
522 22 582 -0.6705260431811129
522 22 583 -0.25947406282696645
522 22 584 0.6950309605592745
523 22 586 0.6328326232405224
523 22 587 0.7742886225190959
830 22 896 -0.5646807808791464
830 22 897 -0.8253094060446163
831 22 899 -0.6950309605592745
831 22 900 -0.14110445606659616
831 22 901 0.7049975151319345
832 22 902 0.6842049499780201
832 22 903 -0.7292897822029147
1180 22 1250 -0.6328326232405226
1180 22 1251 -0.7742886225190959
1181 22 1252 -0.6842049499780201
1181 22 1253 0.7292897822029146
1182 22 1254 -0.7049975151319346
1182 22 1255 0.7077807626857321
1182 22 1256 -0.044998840316181135
5 23 23 1.
99 23 132 -0.8923066860674889
99 23 133 0.45142970438292573
100 23 134 0.9999999999999999
277 23 321 0.7133477128143402
277 23 322 -0.6705260431811128
277 23 323 0.20378877799925565
278 23 324 0.8253094060446163
278 23 325 -0.5646807808791464
279 23 326 0.9999999999999999
528 23 580 0.892306686067489
528 23 581 -0.45142970438292573
529 23 582 -0.5887325771660888
529 23 583 0.7561621571066466
529 23 584 -0.2856794440333405
530 23 585 1.
531 23 586 0.7742886225190959
531 23 587 -0.6328326232405225
837 23 895 0.9999999999999999
838 23 896 0.8253094060446163
838 23 897 -0.5646807808791462
839 23 898 1.
840 23 899 -0.5108657632220973
840 23 900 0.7868910531949511
840 23 901 -0.3461482953435485
841 23 902 -0.7292897822029146
841 23 903 -0.6842049499780202
1187 23 1248 1.0000000000000002
1188 23 1249 0.9999999999999999
1189 23 1250 0.774288622519096
1189 23 1251 -0.6328326232405224
1190 23 1252 -0.7292897822029146
1190 23 1253 -0.6842049499780201
1191 23 1254 -0.4514297043829259
1191 23 1255 -0.39890866186438717
1191 23 1256 0.7981748564633617
2 24 24 1.
93 24 135 0.9999999999999999
94 24 136 -0.700810274341458
94 24 137 0.7133477128143402
269 24 327 -0.45142970438292573
269 24 328 0.8923066860674889
270 24 329 0.45142970438292573
270 24 330 -0.6705260431811128
270 24 331 0.5887325771660887
519 24 589 0.20378877799925565
519 24 590 -0.5266255958988819
519 24 591 0.8253094060446164
520 24 593 0.5646807808791463
520 24 594 -0.648191165994432
520 24 595 0.5108657632220974
828 24 907 0.28567944403334045
828 24 908 -0.5646807808791462
828 24 909 -0.7742886225190958
829 24 912 0.6328326232405224
829 24 913 -0.6290739964131907
829 24 914 0.4514297043829258
1178 24 1263 0.3461482953435486
1178 24 1264 0.7292897822029146
1178 24 1265 -0.5901845230139304
1179 24 1266 0.6842049499780203
1179 24 1267 -0.39890866186438717
1179 24 1268 -0.6105206515058591
4 25 25 1.
97 25 136 0.7133477128143402
97 25 137 0.7008102743414579
98 25 138 -0.5059131702491604
98 25 139 0.8625844098802411
274 25 327 0.8923066860674889
274 25 328 0.45142970438292573
275 25 329 -0.6007428758461397
275 25 330 0.25947406282696645
275 25 331 0.7561621571066465
276 25 333 -0.6328326232405224
276 25 334 0.7742886225190958
524 25 588 0.9999999999999999
525 25 589 -0.526625595898882
525 25 590 0.651682228794819
525 25 591 0.545871554870891
526 25 593 -0.6481911659944322
526 25 594 0.034842090083372655
526 25 595 0.7606801174510878
527 25 596 -0.7092097740850711
527 25 597 0.7049975151319345
833 25 904 -0.38016969001476814
833 25 905 0.9249167566835813
834 25 907 -0.636798886021655
834 25 908 0.49192954335484024
834 25 909 -0.5937107908201411
835 25 910 -0.766782274145451
835 25 911 -0.6419072706055995
836 25 912 -0.6520640151658127
836 25 913 -0.11859110815101892
836 25 914 0.748831535923369
1183 25 1259 -0.4970214963422023
1183 25 1260 0.8677382279084851
1184 25 1261 0.5762004166191772
1184 25 1262 -0.8173084362025674
1185 25 1263 -0.6926068355086272
1185 25 1264 0.6229754326056591
1185 25 1265 0.36358957875125786
1186 25 1266 -0.6419072706055996
1186 25 1267 -0.7267461694280295
1186 25 1268 -0.24453028680585817
6 26 26 1.
101 26 138 0.8625844098802412
101 26 139 0.5059131702491604
102 26 140 0.9999999999999999
280 26 329 0.6597872529238903
280 26 330 0.6950309605592744
280 26 331 0.28567944403334045
281 26 332 0.9999999999999999
282 26 333 0.7742886225190959
282 26 334 0.6328326232405225
532 26 589 0.8253094060446164
532 26 590 0.5458715548708909
532 26 591 0.14452899320592494
533 26 592 1.
534 26 593 0.5108657632220974
534 26 594 0.7606801174510877
534 26 595 0.4004771290374814
535 26 596 0.7049975151319344
535 26 597 0.7092097740850712
842 26 904 0.9249167566835812
842 26 905 0.3801696900147681
843 26 906 1.
844 26 907 0.7161525214773599
844 26 908 0.6626771009174949
844 26 909 -0.2190539337724929
845 26 910 0.6419072706055994
845 26 911 -0.7667822741454511
846 26 912 0.41753489804848354
846 26 913 0.7682460908486616
846 26 914 0.4852448380017992
1192 26 1257 1.0000000000000002
1193 26 1258 -0.9999999999999999
1194 26 1259 0.8677382279084854
1194 26 1260 0.49702149634220216
1195 26 1261 0.8173084362025674
1195 26 1262 0.5762004166191773
1196 26 1263 0.6328326232405226
1196 26 1264 0.28290992196142006
1196 26 1265 0.7207529722576952
1197 26 1266 0.3461482953435486
1197 26 1267 -0.5592064777085916
1197 26 1268 0.7533056968585236
3 27 27 1.
95 27 141 0.9999999999999999
96 27 142 0.7514524475169045
96 27 143 -0.6597872529238903
271 27 335 0.9999999999999999
272 27 336 0.5646807808791464
272 27 337 0.8253094060446164
273 27 339 0.5059131702491604
273 27 340 -0.6950309605592744
273 27 341 -0.5108657632220974
521 27 598 0.3801696900147681
521 27 599 0.9249167566835814
522 27 601 0.2856794440333405
522 27 602 -0.636798886021655
522 27 603 0.7161525214773601
523 27 606 0.6328326232405225
523 27 607 -0.6520640151658127
523 27 608 -0.4175348980484836
830 27 917 0.14452899320592494
830 27 918 0.4755436236026337
830 27 919 0.8677382279084852
831 27 922 -0.4004771290374799
831 27 923 -0.6626771009174949
831 27 924 -0.6328326232405225
832 27 925 0.7092097740850712
832 27 926 0.6141684247606334
832 27 927 -0.3461482953435485
1180 27 1274 -0.21905393377249296
1180 27 1275 0.8173084362025674
1180 27 1276 0.5329374205391378
1181 27 1277 0.7667822741454513
1181 27 1278 -0.28290992196142006
1181 27 1279 0.5762004166191773
1182 27 1280 -0.4852448380017993
1182 27 1281 -0.5592064777085916
1182 27 1282 -0.6721797099595895
5 28 28 1.
99 28 142 0.6597872529238904
99 28 143 0.7514524475169045
100 28 145 -0.546982381488236
100 28 146 0.8371441180235681
277 28 336 0.8253094060446163
277 28 337 -0.5646807808791464
278 28 339 -0.6007428758461397
278 28 340 0.14110445606659616
278 28 341 -0.786891053194951
279 28 342 -0.6842049499780201
279 28 343 -0.7292897822029146
528 28 598 0.9249167566835813
528 28 599 -0.38016969001476814
529 28 601 -0.5646807808791464
529 28 602 0.49192954335484024
529 28 603 0.662677100917495
530 28 604 -0.766782274145451
530 28 605 -0.6419072706055995
531 28 606 -0.6290739964131908
531 28 607 -0.11859110815101892
531 28 608 -0.7682460908486617
837 28 915 0.9999999999999999
838 28 917 0.4755436236026337
838 28 918 0.7356523644248304
838 28 919 -0.4823627895754738
839 28 920 -0.8290284164543157
839 28 921 0.5592064777085917
840 28 922 0.6626771009174949
840 28 923 0.26751595085040575
840 28 924 -0.699495729765513
841 28 925 0.6141684247606333
841 28 926 -0.29716483002874083
841 28 927 0.731088373468647
1187 28 1270 0.3461482953435486
1187 28 1271 0.9381798109268583
1188 28 1272 0.4681364135744251
1188 28 1273 -0.8836562104606489
1189 28 1274 -0.6033741112735338
1189 28 1275 -0.5427137428085673
1189 28 1276 0.5842957087054373
1190 28 1277 0.5844629735740553
1190 28 1278 0.6788654293405357
1190 28 1279 -0.44446007848541724
1191 28 1280 0.6994957297655131
1191 28 1281 -0.7095263079119033
1191 28 1282 0.0853120297538109
6 29 29 1.
101 29 144 0.9999999999999999
102 29 145 -0.8371441180235681
102 29 146 -0.546982381488236
280 29 338 0.9999999999999999
281 29 339 0.6189990802000865
281 29 340 0.7049975151319344
281 29 341 -0.34614829534354846
282 29 342 -0.7292897822029146
282 29 343 0.6842049499780201
532 29 600 1.
533 29 601 0.774288622519096
533 29 602 0.593710790820141
533 29 603 0.2190539337724929
534 29 604 -0.6419072706055994
534 29 605 0.7667822741454511
535 29 606 0.4514297043829258
535 29 607 0.7488315359233689
535 29 608 -0.4852448380017992
842 29 916 1.
843 29 917 0.8677382279084851
843 29 918 -0.48236278957547374
843 29 919 0.11981864236924449
844 29 920 -0.5592064777085916
844 29 921 -0.8290284164543157
845 29 922 -0.6328326232405224
845 29 923 0.6994957297655129
845 29 924 -0.3320069201121136
846 29 925 0.3461482953435485
846 29 926 -0.7310883734686469
846 29 927 -0.5879550559436694
1192 29 1269 0.9999999999999999
1193 29 1270 0.9381798109268585
1193 29 1271 -0.34614829534354846
1194 29 1272 -0.8836562104606489
1194 29 1273 -0.4681364135744251
1195 29 1274 -0.7667822741454513
1195 29 1275 0.19356836900389904
1195 29 1276 -0.6120263316046954
1196 29 1277 0.26542037709509736
1196 29 1278 -0.6775719186197676
1196 29 1279 -0.6858923519916396
1197 29 1280 -0.5246362275257209
1197 29 1281 -0.42878961469426136
1197 29 1282 0.7354565215550996
4 30 30 1.
97 30 147 0.9999999999999999
98 30 149 -0.7853917103658826
98 30 150 0.6189990802000865
274 30 344 0.9999999999999999
275 30 346 -0.6328326232405224
275 30 347 0.7742886225190958
276 30 350 0.5469823814882359
276 30 351 -0.7049975151319344
276 30 352 0.45142970438292573
524 30 609 1.
525 30 611 -0.49702149634220216
525 30 612 0.8677382279084852
526 30 615 0.3461482953435485
526 30 616 -0.692606835508627
526 30 617 0.6328326232405225
527 30 618 0.6842049499780202
527 30 619 -0.6419072706055994
527 30 620 0.3461482953435485
833 30 929 -0.34614829534354846
833 30 930 -0.9381798109268583
834 30 933 0.2190539337724929
834 30 934 -0.6033741112735336
834 30 935 0.7667822741454511
835 30 936 0.7667822741454511
835 30 937 -0.5844629735740551
835 30 938 0.26542037709509736
836 30 939 0.48524483800179913
836 30 940 -0.6994957297655129
836 30 941 -0.5246362275257209
1183 30 1286 0.1198186423692445
1183 30 1287 0.8836562104606489
1183 30 1288 -0.45254303072206986
1184 30 1289 0.8290284164543158
1184 30 1290 -0.19356836900389904
1184 30 1291 -0.5246362275257209
1185 30 1292 0.33200692011211363
1185 30 1293 -0.6775719186197676
1185 30 1294 -0.6562527714955537
1186 30 1295 0.5879550559436704
1186 30 1296 0.42878961469426136
1186 30 1297 -0.6858923519916396
5 31 31 1.
99 31 148 0.9999999999999999
100 31 151 0.8124541393447587
100 31 152 0.5830251036289665
277 31 345 0.9999999999999999
278 31 348 -0.6842049499780201
278 31 349 -0.7292897822029146
279 31 350 0.5830251036289665
279 31 351 0.707780762685732
279 31 352 0.3989086618643872
528 31 610 1.
529 31 613 -0.5762004166191773
529 31 614 -0.8173084362025675
530 31 615 0.7292897822029147
530 31 616 0.6229754326056591
530 31 617 0.2829099219614201
531 31 618 -0.3989086618643872
531 31 619 -0.7267461694280296
531 31 620 -0.5592064777085917
837 31 928 1.
838 31 931 0.46813641357442537
838 31 932 -0.883656210460649
839 31 933 0.8173084362025675
839 31 934 0.5427137428085673
839 31 935 0.19356836900389907
840 31 936 -0.28290992196142006
840 31 937 -0.6788654293405358
840 31 938 -0.6775719186197677
841 31 939 0.5592064777085916
841 31 940 0.7095263079119034
841 31 941 -0.4287896146942614
1187 31 1284 0.9418836348521038
1187 31 1285 0.3359393076104496
1188 31 1286 0.8836562104606492
1188 31 1287 0.1128552183977883
1188 31 1288 0.4543296175627478
1189 31 1289 0.19356836900389912
1189 31 1290 -0.7808482982856734
1189 31 1291 0.593975775251429
1190 31 1292 0.6775719186197678
1190 31 1293 -0.3127118847112496
1190 31 1294 0.6656632574044213
1191 31 1295 -0.4287896146942615
1191 31 1296 -0.5537852452218959
1191 31 1297 -0.713765625751809
6 32 32 1.
101 32 149 0.6189990802000866
101 32 150 0.7853917103658826
102 32 151 -0.5830251036289665
102 32 152 0.8124541393447585
280 32 346 0.7742886225190959
280 32 347 0.6328326232405225
281 32 348 -0.7292897822029146
281 32 349 0.6842049499780201
282 32 350 -0.6007428758461397
282 32 351 0.044998840316181135
282 32 352 0.7981748564633618
532 32 611 0.8677382279084851
532 32 612 0.49702149634220216
533 32 613 -0.8173084362025674
533 32 614 0.5762004166191773
534 32 615 -0.5901845230139305
534 32 616 0.36358957875125786
534 32 617 0.7207529722576954
535 32 618 -0.6105206515058592
535 32 619 -0.24453028680585817
535 32 620 0.7533056968585237
842 32 929 0.9381798109268583
842 32 930 -0.3461482953435485
843 32 931 -0.8836562104606489
843 32 932 -0.4681364135744254
844 32 933 -0.5329374205391378
844 32 934 0.5842957087054373
844 32 935 0.6120263316046956
845 32 936 -0.5762004166191773
845 32 937 -0.44446007848541724
845 32 938 0.6858923519916396
846 32 939 -0.6721797099595895
846 32 940 0.0853120297538109
846 32 941 -0.7354565215550996
1192 32 1283 0.9999999999999999
1193 32 1284 0.3359393076104496
1193 32 1285 -0.9418836348521039
1194 32 1286 -0.45254303072207
1194 32 1287 0.4543296175627478
1194 32 1288 0.7673261392329673
1195 32 1289 -0.5246362275257209
1195 32 1290 -0.593975775251429
1195 32 1291 -0.6098767147399905
1196 32 1292 -0.6562527714955538
1196 32 1293 -0.6656632574044213
1196 32 1294 0.3552811951766367
1197 32 1295 -0.6858923519916397
1197 32 1296 0.713765625751809
1197 32 1297 -0.14174030116556538
4 33 33 1.
97 33 153 1.
98 33 154 1.
274 33 353 1.
275 33 354 0.9999999999999999
276 33 355 1.
524 33 621 1.
525 33 622 1.
526 33 623 0.9999999999999999
527 33 624 -1.0000000000000002
833 33 942 1.
834 33 943 0.9999999999999999
835 33 944 1.
836 33 945 1.
1183 33 1298 1.
1184 33 1299 -0.9999999999999998
1185 33 1300 0.9999999999999999
1186 33 1301 1.
3 34 34 1.
95 34 155 -1.
96 34 156 0.29079022591492876
96 34 157 0.9567868333711249
271 34 356 1.
272 34 357 -0.4514297043829258
272 34 358 -0.8923066860674889
273 34 359 0.3801696900147681
273 34 360 0.9249167566835814
521 34 625 0.644153947096635
521 34 626 0.7648958703247296
522 34 627 -0.5646807808791464
522 34 628 -0.8253094060446163
523 34 630 0.44073331915139746
523 34 631 0.8976380904294295
830 34 947 0.7514524475169047
830 34 948 0.6597872529238903
831 34 950 -0.6328326232405224
831 34 951 -0.7742886225190959
832 34 952 0.8711639567207505
832 34 953 0.49099222041764173
1180 34 1304 0.8057541413897924
1180 34 1305 0.5922501698042798
1181 34 1306 0.8421459339598281
1181 34 1307 0.5392496879136127
1182 34 1308 -0.6842049499780201
1182 34 1309 0.7292897822029147
5 35 35 1.
99 35 156 -0.9567868333711249
99 35 157 0.29079022591492876
100 35 158 1.
277 35 357 0.892306686067489
277 35 358 -0.45142970438292573
278 35 359 0.9249167566835813
278 35 360 -0.38016969001476814
279 35 361 1.
528 35 625 -0.7648958703247296
528 35 626 0.644153947096635
529 35 627 -0.8253094060446164
529 35 628 0.5646807808791462
530 35 629 -1.0000000000000002
531 35 630 0.8976380904294292
531 35 631 -0.4407333191513976
837 35 946 -1.
838 35 947 -0.6597872529238904
838 35 948 0.7514524475169045
839 35 949 -1.
840 35 950 -0.7742886225190958
840 35 951 0.6328326232405225
841 35 952 0.49099222041764173
841 35 953 -0.8711639567207506
1187 35 1302 -1.
1188 35 1303 -0.9999999999999998
1189 35 1304 -0.5922501698042799
1189 35 1305 0.8057541413897923
1190 35 1306 0.5392496879136126
1190 35 1307 -0.8421459339598282
1191 35 1308 -0.7292897822029146
1191 35 1309 -0.6842049499780202
2 36 36 1.
93 36 159 1.
94 36 160 -0.4514297043829258
94 36 161 0.8923066860674889
269 36 362 -0.700810274341458
269 36 363 0.7133477128143402
270 36 364 0.20378877799925565
270 36 365 -0.5266255958988819
270 36 366 0.8253094060446164
519 36 633 0.4514297043829258
519 36 634 -0.6705260431811129
519 36 635 0.5887325771660886
520 36 637 0.28567944403334056
520 36 638 -0.5646807808791463
520 36 639 -0.7742886225190961
828 36 957 0.5646807808791463
828 36 958 -0.648191165994432
828 36 959 0.5108657632220974
829 36 962 0.3461482953435485
829 36 963 0.7292897822029147
829 36 964 -0.5901845230139305
1178 36 1316 0.6328326232405225
1178 36 1317 -0.6290739964131907
1178 36 1318 0.4514297043829258
1179 36 1319 -0.6842049499780201
1179 36 1320 0.39890866186438717
1179 36 1321 0.6105206515058592
4 37 37 1.
97 37 160 0.892306686067489
97 37 161 0.4514297043829258
98 37 162 -0.38016969001476814
98 37 163 0.9249167566835813
274 37 362 0.7133477128143403
274 37 363 0.700810274341458
275 37 364 -0.526625595898882
275 37 365 0.6516822287948194
275 37 366 0.545871554870891
276 37 368 -0.49702149634220216
276 37 369 0.8677382279084852
524 37 632 1.
525 37 633 -0.6007428758461398
525 37 634 0.2594740628269665
525 37 635 0.7561621571066465
526 37 637 -0.6367988860216551
526 37 638 0.4919295433548403
526 37 639 -0.5937107908201412
527 37 640 -0.5762004166191772
527 37 641 0.8173084362025678
833 37 954 -0.5059131702491605
833 37 955 0.8625844098802412
834 37 957 -0.648191165994432
834 37 958 0.03484209008337265
834 37 959 0.7606801174510878
835 37 960 -0.7667822741454511
835 37 961 -0.6419072706055995
836 37 962 -0.6926068355086271
836 37 963 0.6229754326056592
836 37 964 0.3635895787512579
1183 37 1312 -0.6328326232405225
1183 37 1313 0.7742886225190958
1184 37 1314 0.7092097740850712
1184 37 1315 -0.7049975151319345
1185 37 1316 -0.6520640151658128
1185 37 1317 -0.11859110815101892
1185 37 1318 0.748831535923369
1186 37 1319 -0.6419072706055994
1186 37 1320 -0.7267461694280295
1186 37 1321 -0.2445302868058582
6 38 38 1.
101 38 162 0.9249167566835813
101 38 163 0.38016969001476814
102 38 164 1.
280 38 364 0.8253094060446164
280 38 365 0.5458715548708909
280 38 366 0.14452899320592494
281 38 367 1.
282 38 368 0.8677382279084851
282 38 369 0.49702149634220216
532 38 633 0.6597872529238904
532 38 634 0.6950309605592745
532 38 635 0.28567944403334045
533 38 636 -1.0000000000000002
534 38 637 0.71615252147736
534 38 638 0.6626771009174949
534 38 639 -0.21905393377249296
535 38 640 0.8173084362025674
535 38 641 0.5762004166191774
842 38 954 0.8625844098802413
842 38 955 0.5059131702491605
843 38 956 1.
844 38 957 0.5108657632220974
844 38 958 0.7606801174510877
844 38 959 0.4004771290374814
845 38 960 -0.6419072706055995
845 38 961 0.7667822741454511
846 38 962 0.6328326232405224
846 38 963 0.2829099219614201
846 38 964 0.7207529722576954
1192 38 1310 1.
1193 38 1311 -0.9999999999999998
1194 38 1312 0.7742886225190959
1194 38 1313 0.6328326232405224
1195 38 1314 0.7049975151319344
1195 38 1315 0.7092097740850712
1196 38 1316 0.4175348980484836
1196 38 1317 0.7682460908486616
1196 38 1318 0.48524483800179913
1197 38 1319 -0.34614829534354846
1197 38 1320 0.5592064777085916
1197 38 1321 -0.7533056968585237
1 39 39 1.
92 39 165 0.644153947096635
92 39 166 0.7648958703247296
268 39 371 0.4514297043829258
268 39 372 0.6007428758461398
268 39 373 0.6597872529238904
518 39 645 0.29079022591492876
518 39 646 0.4840510601234411
518 39 647 0.5747828738510908
518 39 648 0.59225016980428
827 39 972 0.3801696900147681
827 39 973 0.5059131702491605
827 39 974 0.5392496879136127
827 39 975 0.5556371523283788
1177 39 1333 0.44073331915139746
1177 39 1334 0.4909922204176417
1177 39 1335 0.5233455406939257
1177 39 1336 0.5392496879136127
3 40 40 1.
95 40 165 -0.7648958703247296
95 40 166 0.644153947096635
96 40 167 0.5646807808791463
96 40 168 0.8253094060446164
271 40 370 -0.9999999999999999
272 40 371 -0.6705260431811129
272 40 372 -0.25947406282696645
272 40 373 0.6950309605592745
273 40 375 0.2856794440333405
273 40 376 0.636798886021655
273 40 377 0.7161525214773601
521 40 642 -0.5646807808791464
521 40 643 -0.8253094060446163
522 40 645 -0.4840510601234411
522 40 646 -0.525095654721556
522 40 647 -0.03333645303890159
522 40 648 0.6991836707795017
523 40 651 0.4004771290374814
523 40 652 0.6626771009174949
523 40 653 -0.6328326232405226
830 40 967 -0.2856794440333405
830 40 968 -0.636798886021655
830 40 969 -0.71615252147736
831 40 972 -0.5853174974111868
831 40 973 -0.4142764647309937
831 40 974 0.6882929763390578
831 40 975 0.10968690312255225
832 40 976 0.48524483800179913
832 40 977 -0.5592064777085917
832 40 978 0.6721797099595896
1180 40 1327 -0.40047712903748
1180 40 1328 -0.6626771009174949
1180 40 1329 0.6328326232405225
1181 40 1330 -0.4852448380017991
1181 40 1331 0.5592064777085916
1181 40 1332 -0.6721797099595896
1182 40 1333 -0.6366137073236103
1182 40 1334 0.6679930798878864
1182 40 1335 -0.3167461360473767
1182 40 1336 0.21949969970057123
5 41 41 1.
99 41 167 -0.8253094060446164
99 41 168 0.5646807808791463
100 41 170 0.44073331915139746
100 41 171 0.8976380904294294
277 41 371 0.5887325771660888
277 41 372 -0.7561621571066466
277 41 373 0.2856794440333405
278 41 375 0.5646807808791463
278 41 376 0.49192954335484024
278 41 377 -0.662677100917495
279 41 378 0.5762004166191773
279 41 379 0.8173084362025675
528 41 642 0.8253094060446164
528 41 643 -0.5646807808791463
529 41 645 -0.574782873851091
529 41 646 -0.0333364530389016
529 41 647 0.7193415133317634
529 41 648 -0.38866581535277106
530 41 649 0.6679930798878861
530 41 650 0.7441674846577859
531 41 651 0.662677100917495
531 41 652 0.2675159508504056
531 41 653 0.6994957297655131
837 41 965 0.9999999999999999
838 41 967 0.5646807808791463
838 41 968 0.49192954335484024
838 41 969 -0.662677100917495
839 41 970 0.6679930798878863
839 41 971 0.7441674846577857
840 41 972 -0.5818410804764673
840 41 973 0.23009134690407504
840 41 974 -0.457044171810355
840 41 975 0.6321626010482053
841 41 976 -0.6994957297655129
841 41 977 -0.7095263079119034
841 41 978 -0.08531202975381091
1187 41 1323 0.44073331915139746
1187 41 1324 0.8976380904294293
1188 41 1325 0.5762004166191772
1188 41 1326 0.8173084362025675
1189 41 1327 0.662677100917495
1189 41 1328 0.2675159508504056
1189 41 1329 0.699495729765513
1190 41 1330 -0.6994957297655129
1190 41 1331 -0.7095263079119033
1190 41 1332 -0.08531202975381091
1191 41 1333 -0.5513009720041856
1191 41 1334 -0.5091630766155493
1191 41 1335 0.399248648102972
1191 41 1336 0.5267074298570105
6 42 42 1.
101 42 169 1.
102 42 170 -0.8976380904294294
102 42 171 0.4407333191513974
280 42 374 1.
281 42 375 0.774288622519096
281 42 376 -0.593710790820141
281 42 377 0.2190539337724929
282 42 378 -0.8173084362025674
282 42 379 0.5762004166191773
532 42 644 -1.0000000000000002
533 42 645 -0.5922501698042799
533 42 646 0.6991836707795016
533 42 647 -0.38866581535277095
533 42 648 0.09654436730472121
534 42 649 -0.7441674846577856
534 42 650 0.6679930798878867
535 42 651 0.6328326232405225
535 42 652 -0.6994957297655129
535 42 653 -0.3320069201121137
842 42 966 -1.
843 42 967 -0.7742886225190959
843 42 968 0.593710790820141
843 42 969 -0.2190539337724929
844 42 970 0.7441674846577857
844 42 971 -0.6679930798878864
845 42 972 -0.4175348980484836
845 42 973 0.7207529722576954
845 42 974 0.16301281489986924
845 42 975 -0.5287783884310716
846 42 976 0.5246362275257209
846 42 977 -0.4287896146942614
846 42 978 -0.7354565215550997
1192 42 1322 -0.9999999999999998
1193 42 1323 -0.8976380904294294
1193 42 1324 0.4407333191513974
1194 42 1325 0.8173084362025673
1194 42 1326 -0.5762004166191773
1195 42 1327 -0.6328326232405225
1195 42 1328 0.6994957297655129
1195 42 1329 0.33200692011211363
1196 42 1330 -0.5246362275257208
1196 42 1331 0.42878961469426136
1196 42 1332 0.7354565215550997
1197 42 1333 -0.31071589483758505
1197 42 1334 0.23122466590447865
1197 42 1335 0.6829215528322328
1197 42 1336 -0.6193617192318658
2 43 43 1.
93 43 172 1.
94 43 173 -0.7514524475169047
94 43 174 0.6597872529238904
269 43 380 -0.5059131702491604
269 43 381 0.8625844098802412
270 43 383 0.5646807808791463
270 43 384 0.648191165994432
270 43 385 0.5108657632220974
519 43 656 0.28567944403334056
519 43 657 -0.5646807808791463
519 43 658 -0.7742886225190961
520 43 661 -0.38016969001476814
520 43 662 -0.5853174974111868
520 43 663 0.5818410804764673
520 43 664 0.4175348980484837
828 43 984 -0.1445289932059249
828 43 985 -0.3734880198948621
828 43 986 0.7049975151319345
828 43 987 -0.5853174974111868
829 43 991 -0.4970214963422022
829 43 992 -0.593710790820141
829 43 993 -0.3461482953435485
829 43 994 0.5297721082392282
1178 43 1346 0.2190539337724929
1178 43 1347 -0.6419072706055994
1178 43 1348 -0.4329872133287409
1178 43 1349 0.5937107908201411
1179 43 1350 -0.5762004166191773
1179 43 1351 -0.28290992196142006
1179 43 1352 0.5960546914307753
1179 43 1353 0.4823627895754738
4 44 44 1.
97 44 173 -0.6597872529238904
97 44 174 -0.7514524475169047
98 44 176 -0.6328326232405225
98 44 177 0.7742886225190959
274 44 380 -0.8625844098802412
274 44 381 -0.5059131702491605
275 44 383 0.6481911659944322
275 44 384 0.034842090083372655
275 44 385 -0.7606801174510878
276 44 388 -0.3461482953435485
276 44 389 -0.692606835508627
276 44 390 0.6328326232405225
524 44 654 -0.9999999999999998
525 44 656 0.6367988860216551
525 44 657 -0.4919295433548403
525 44 658 0.5937107908201412
526 44 661 -0.5059131702491605
526 44 662 -0.41427646473099383
526 44 663 -0.230091346904075
526 44 664 -0.7207529722576955
527 44 665 -0.48524483800179924
527 44 666 0.6994957297655129
527 44 667 -0.524636227525721
833 44 980 0.49702149634220216
833 44 981 -0.8677382279084852
834 44 984 -0.37348801989486213
834 44 985 -0.6331509898045138
834 44 986 -0.626697621389667
834 44 987 -0.2586051322946107
835 44 988 -0.5879550559436694
835 44 989 0.4287896146942614
835 44 990 0.6858923519916396
836 44 991 -0.5937107908201411
836 44 992 -0.23546255280739245
836 44 993 0.6656632574044214
836 44 994 -0.38594988124221996
1183 44 1340 -0.2190539337724929
1183 44 1341 0.6033741112735336
1183 44 1342 -0.7667822741454511
1184 44 1343 -0.3320069201121136
1184 44 1344 -0.6775719186197676
1184 44 1345 -0.6562527714955537
1185 44 1346 0.5081290544656314
1185 44 1347 0.6356842945000422
1185 44 1348 -0.5755903547289094
1185 44 1349 0.08003802394421683
1186 44 1350 -0.626697621389667
1186 44 1351 0.5975246952455384
1186 44 1352 0.07767745416640812
1186 44 1353 -0.4941462769570215
5 45 45 1.
99 45 175 1.
100 45 178 0.8711639567207506
100 45 179 0.49099222041764173
277 45 382 1.
278 45 386 -0.766782274145451
278 45 387 -0.6419072706055995
279 45 388 0.7292897822029147
279 45 389 -0.6229754326056591
279 45 390 -0.2829099219614201
528 45 655 -1.0000000000000002
529 45 659 -0.6679930798878864
529 45 660 -0.7441674846577859
530 45 661 0.5392496879136127
530 45 662 -0.6882929763390578
530 45 663 -0.45704417181035495
530 45 664 0.16301281489986927
531 45 665 -0.5592064777085917
531 45 666 -0.7095263079119033
531 45 667 -0.4287896146942615
837 45 979 1.
838 45 982 -0.8290284164543157
838 45 983 0.5592064777085917
839 45 984 0.7049975151319345
839 45 985 -0.6266976213896669
839 45 986 0.08003802394421683
839 45 987 0.32221500543183323
840 45 988 -0.42878961469426136
840 45 989 0.5537852452218985
840 45 990 -0.7137656257518091
841 45 991 0.3461482953435485
841 45 992 -0.6656632574044213
841 45 993 -0.2752431712324202
841 45 994 -0.6010948195271785
1187 45 1338 0.9105099760322867
1187 45 1339 0.4134871020306247
1188 45 1340 0.8173084362025675
1188 45 1341 0.5427137428085673
1188 45 1342 0.19356836900389907
1189 45 1343 0.6775719186197676
1189 45 1344 0.31271188471124955
1189 45 1345 -0.6656632574044214
1190 45 1346 -0.5246362275257209
1190 45 1347 -0.14842479418743554
1190 45 1348 -0.692714461798002
1190 45 1349 -0.47209488840052233
1191 45 1350 -0.23122466590447874
1191 45 1351 0.3904172217981654
1191 45 1352 -0.5833666673983581
1191 45 1353 0.673641505675903
6 46 46 1.
101 46 176 0.7742886225190959
101 46 177 0.6328326232405225
102 46 178 0.49099222041764173
102 46 179 -0.8711639567207506
280 46 383 -0.5108657632220974
280 46 384 0.7606801174510877
280 46 385 -0.40047712903747995
281 46 386 0.6419072706055994
281 46 387 -0.7667822741454511
282 46 388 0.5901845230139305
282 46 389 0.36358957875125786
282 46 390 0.7207529722576954
532 46 656 -0.71615252147736
532 46 657 -0.6626771009174949
532 46 658 0.21905393377249296
533 46 659 0.7441674846577856
533 46 660 -0.6679930798878864
534 46 661 0.555637152328379
534 46 662 -0.10968690312255226
534 46 663 0.6321626010482053
534 46 664 -0.5287783884310717
535 46 665 0.6721797099595896
535 46 666 -0.0853120297538109
535 46 667 -0.7354565215550999
842 46 980 -0.8677382279084851
842 46 981 -0.4970214963422022
843 46 982 0.5592064777085917
843 46 983 0.8290284164543156
844 46 984 0.5853174974111868
844 46 985 0.25860513229461063
844 46 986 -0.32221500543183323
844 46 987 -0.6976419590662218
845 46 988 0.6858923519916396
845 46 989 0.7137656257518091
845 46 990 0.14174030116556538
846 46 991 0.5297721082392282
846 46 992 -0.38594988124221996
846 46 993 0.6010948195271785
846 46 994 0.4572408779171746
1192 46 1337 -0.9999999999999999
1193 46 1338 -0.41348710203062466
1193 46 1339 0.9105099760322869
1194 46 1340 0.5329374205391378
1194 46 1341 -0.5842957087054373
1194 46 1342 -0.6120263316046956
1195 46 1343 -0.6562527714955536
1195 46 1344 0.6656632574044213
1195 46 1345 -0.3552811951766367
1196 46 1346 -0.6469753216887332
1196 46 1347 0.40228175964126245
1196 46 1348 -0.03693901802652121
1196 46 1349 0.6467053640823819
1197 46 1350 0.4709334614462878
1197 46 1351 0.6407032133140206
1197 46 1352 0.5462310402257655
1197 46 1353 0.26334904221049343
3 47 47 1.
95 47 180 1.
96 47 182 0.8057541413897924
96 47 183 0.5922501698042799
271 47 391 1.
272 47 393 0.6328326232405224
272 47 394 0.7742886225190959
273 47 397 0.6328326232405225
273 47 398 0.6520640151658127
273 47 399 0.4175348980484836
521 47 669 0.44073331915139746
521 47 670 0.8976380904294295
522 47 673 0.4004771290374814
522 47 674 0.6626771009174949
522 47 675 -0.6328326232405226
523 47 679 0.44073331915139746
523 47 680 0.6366137073236103
523 47 681 0.5513009720041855
523 47 682 0.3107158948375851
830 47 998 0.2190539337724929
830 47 999 0.8173084362025675
830 47 1000 0.5329374205391378
831 47 1004 0.2190539337724929
831 47 1005 0.5081290544656313
831 47 1006 -0.5246362275257209
831 47 1007 0.6469753216887332
832 47 1008 0.5762004166191773
832 47 1009 0.6266976213896669
832 47 1010 0.2312246659044787
832 47 1011 0.4709334614462878
1180 47 1360 0.0965443673047212
1180 47 1361 0.7441674846577856
1180 47 1362 0.31765984975136907
1180 47 1363 0.5796431313970458
1181 47 1364 0.6679930798878863
1181 47 1365 0.1630128148998692
1181 47 1366 0.6082143631584529
1181 47 1367 0.39659469972261874
1182 47 1368 0.33200692011211363
1182 47 1369 -0.4287896146942613
1182 47 1370 0.5717037610250252
1182 47 1371 -0.6156831010819254
4 48 48 1.
97 48 181 1.
98 48 184 -0.8421459339598282
98 48 185 0.5392496879136127
274 48 392 1.
275 48 395 -0.7092097740850715
275 48 396 0.7049975151319345
276 48 400 0.6842049499780202
276 48 401 -0.6419072706055994
276 48 402 0.3461482953435485
524 48 668 -1.0000000000000002
525 48 671 -0.5762004166191772
525 48 672 0.8173084362025678
526 48 676 0.48524483800179924
526 48 677 -0.6994957297655129
526 48 678 -0.524636227525721
527 48 679 -0.49099222041764173
527 48 680 0.6679930798878863
527 48 681 -0.5091630766155494
527 48 682 0.23122466590447877
833 48 996 0.9105099760322869
833 48 997 -0.4134871020306247
834 48 1001 0.3320069201121136
834 48 1002 -0.6775719186197677
834 48 1003 -0.6562527714955537
835 48 1004 -0.6419072706055995
835 48 1005 0.6356842945000423
835 48 1006 -0.14842479418743557
835 48 1007 -0.4022817596412625
836 48 1008 -0.2829099219614201
836 48 1009 0.5975246952455384
836 48 1010 0.3904172217981655
836 48 1011 -0.6407032133140207
1183 48 1357 -0.8290284164543155
1183 48 1358 0.19356836900389904
1183 48 1359 0.5246362275257209
1184 48 1360 -0.7441674846577857
1184 48 1361 0.08003802394421682
1184 48 1362 0.5902762335876672
1184 48 1363 -0.3022956128738339
1185 48 1364 -0.16301281489986924
1185 48 1365 0.5537852452218959
1185 48 1366 0.4672583068944897
1185 48 1367 -0.6696404998139229
1186 48 1368 -0.4287896146942614
1186 48 1369 -0.27524317123241776
1186 48 1370 0.64989072279595
1186 48 1371 0.5639350241331222
5 49 49 1.
99 49 182 -0.5922501698042799
99 49 183 0.8057541413897923
100 49 186 0.6842049499780202
100 49 187 0.7292897822029147
277 49 393 -0.7742886225190959
277 49 394 0.6328326232405225
278 49 397 0.6290739964131908
278 49 398 -0.11859110815101892
278 49 399 -0.7682460908486617
279 49 400 0.3989086618643872
279 49 401 0.7267461694280296
279 49 402 0.5592064777085917
528 49 669 -0.8976380904294292
528 49 670 0.4407333191513976
529 49 673 0.662677100917495
529 49 674 0.2675159508504056
529 49 675 0.6994957297655131
530 49 676 0.5592064777085917
530 49 677 0.7095263079119033
530 49 678 -0.4287896146942615
531 49 679 0.5233455406939258
531 49 680 0.3167461360473768
531 49 681 -0.399248648102972
531 49 682 -0.682921552832233
837 49 995 -1.
838 49 998 -0.6033741112735337
838 49 999 0.5427137428085674
838 49 1000 -0.5842957087054375
839 49 1001 0.6775719186197676
839 49 1002 -0.3127118847112496
839 49 1003 0.6656632574044214
840 49 1004 0.43298721332874096
840 49 1005 0.5755903547289094
840 49 1006 0.6927144617980021
840 49 1007 -0.03693901802652122
841 49 1008 -0.5960546914307754
841 49 1009 -0.07767745416640812
841 49 1010 0.5833666673983582
841 49 1011 0.5462310402257656
1187 49 1355 -0.46813641357442537
1187 49 1356 0.883656210460649
1188 49 1357 -0.193568369003899
1188 49 1358 0.780848298285673
1188 49 1359 -0.5939757752514291
1189 49 1360 -0.3176598497513691
1189 49 1361 0.5902762335876672
1189 49 1362 -0.657097544230636
1189 49 1363 -0.3448028498773796
1190 49 1364 -0.608214363158453
1190 49 1365 0.46725830689448966
1190 49 1366 0.1335028700668546
1190 49 1367 0.6276320154117098
1191 49 1368 0.5717037610250253
1191 49 1369 0.64989072279595
1191 49 1370 0.43066770009559546
1191 49 1371 0.25558206147530904
6 50 50 1.
101 50 184 0.5392496879136127
101 50 185 0.8421459339598282
102 50 186 -0.7292897822029147
102 50 187 0.6842049499780202
280 50 395 0.7049975151319344
280 50 396 0.7092097740850712
281 50 397 0.4514297043829258
281 50 398 -0.7488315359233689
281 50 399 0.4852448380017992
282 50 400 -0.6105206515058592
282 50 401 -0.24453028680585817
282 50 402 0.7533056968585237
532 50 671 0.8173084362025674
532 50 672 0.5762004166191774
533 50 673 0.6328326232405225
533 50 674 -0.6994957297655129
533 50 675 -0.3320069201121137
534 50 676 -0.6721797099595896
534 50 677 0.0853120297538109
534 50 678 -0.7354565215550999
535 50 679 0.5392496879136127
535 50 680 -0.21949969970057126
535 50 681 -0.5267074298570104
535 50 682 0.619361719231866
842 50 996 0.4134871020306247
842 50 997 0.9105099760322869
843 50 998 0.7667822741454511
843 50 999 0.19356836900389907
843 50 1000 -0.6120263316046956
844 50 1001 -0.6562527714955537
844 50 1002 -0.6656632574044214
844 50 1003 0.35528119517663687
845 50 1004 0.5937107908201411
845 50 1005 0.08003802394421683
845 50 1006 -0.47209488840052233
845 50 1007 -0.6467053640823819
846 50 1008 0.4823627895754738
846 50 1009 -0.4941462769570215
846 50 1010 0.673641505675903
846 50 1011 -0.26334904221049343
1192 50 1354 1.
1193 50 1355 0.8836562104606489
1193 50 1356 0.46813641357442515
1194 50 1357 -0.5246362275257208
1194 50 1358 -0.593975775251429
1194 50 1359 -0.6098767147399905
1195 50 1360 0.5796431313970458
1195 50 1361 0.30229561287383383
1195 50 1362 0.3448028498773795
1195 50 1363 -0.6736038875911402
1196 50 1364 0.39659469972261874
1196 50 1365 0.6696404998139228
1196 50 1366 -0.6276320154117097
1196 50 1367 0.019295035400863907
1197 50 1368 0.6156831010819254
1197 50 1369 -0.5639350241331222
1197 50 1370 -0.255582061475309
1197 50 1371 0.487431448975289
5 51 51 1.
99 51 188 -1.
100 51 189 0.9999999999999999
277 51 403 0.9999999999999999
278 51 404 0.9999999999999999
279 51 405 1.
528 51 683 -1.
529 51 684 0.9999999999999999
530 51 685 1.
531 51 686 1.
837 51 1012 0.9999999999999997
838 51 1013 1.
839 51 1014 0.9999999999999999
840 51 1015 0.9999999999999999
841 51 1016 1.0000000000000002
1187 51 1372 1.
1188 51 1373 1.
1189 51 1374 1.
1190 51 1375 0.9999999999999998
1191 51 1376 0.9999999999999999
4 52 52 1.
97 52 190 1.
98 52 191 -0.255948135831556
98 52 192 0.9666905149862344
274 52 406 0.9999999999999999
275 52 407 -0.38016969001476814
275 52 408 0.9249167566835813
276 52 410 -0.34614829534354846
276 52 411 -0.9381798109268583
524 52 687 1.
525 52 688 -0.5059131702491605
525 52 689 -0.8625844098802412
526 52 691 0.49702149634220216
526 52 692 0.8677382279084852
527 52 693 0.9105099760322869
527 52 694 -0.4134871020306247
833 52 1017 -0.6732470855885786
833 52 1018 -0.7394175827950569
834 52 1020 0.6328326232405226
834 52 1021 -0.7742886225190958
835 52 1022 -0.8801813576307554
835 52 1023 0.474637522409765
836 52 1024 0.5762004166191773
836 52 1025 0.8173084362025678
1183 52 1379 -0.7853917103658827
1183 52 1380 -0.6189990802000866
1184 52 1381 0.8421459339598282
1184 52 1382 -0.5392496879136126
1185 52 1383 0.7092097740850711
1185 52 1384 -0.7049975151319344
1186 52 1385 -0.766782274145451
1186 52 1386 0.6419072706055995
6 53 53 1.
101 53 191 0.9666905149862345
101 53 192 0.255948135831556
102 53 193 0.9999999999999999
280 53 407 0.9249167566835812
280 53 408 0.3801696900147681
281 53 409 1.
282 53 410 0.9381798109268583
282 53 411 -0.3461482953435485
532 53 688 0.8625844098802413
532 53 689 -0.5059131702491604
533 53 690 -1.
534 53 691 -0.8677382279084851
534 53 692 0.4970214963422022
535 53 693 0.4134871020306247
535 53 694 0.9105099760322869
842 53 1017 0.7394175827950566
842 53 1018 -0.6732470855885788
843 53 1019 0.9999999999999999
844 53 1020 -0.774288622519096
844 53 1021 -0.6328326232405224
845 53 1022 -0.4746375224097648
845 53 1023 -0.8801813576307558