1 1 1 0 0 0 0 0 0 0 0 0 0 0 1 1 1 0 0 0 0 0 0 0 0 0 0 0 0 0 0 0 1 0 0 0 1 0 0 0 1 0 0
0 0 0 1. 0
11 0 11 1. 0
22 0 22 1. 0
1 1 1 1. 0
12 1 12 1. 0
23 1 23 1. 0
2 2 2 1. 0
13 2 13 1. 0
24 2 24 1. 0
25 2 25 1. 0
26 2 26 1. 0
1 3 3 1. 0
12 3 14 1. 0
23 3 27 1. 0
0 4 4 1. 0
11 4 15 1. 0
22 4 28 1. 0
2 5 5 1. 0
13 5 16 1. 0
24 5 29 1. 0
25 5 30 1. 0
26 5 31 -1. 0
2 6 6 1. 0
13 6 17 1. 0
24 6 32 1. 0
25 6 33 1. 0
26 6 34 1. 0
2 7 7 1. 0
13 7 18 1. 0
24 7 35 1. 0
25 7 36 1. 0
26 7 37 -1. 0
0 8 8 1. 0
11 8 20 1. 0
22 8 40 0.5 0
22 8 41 0.5 0
22 8 42 0.7071067811865475 0
1 9 9 1. 0
12 9 19 1. 0
23 9 40 0.5 0
23 9 41 0.5 0
23 9 42 -0.7071067811865475 0
2 10 10 1. 0
13 10 21 -1. 0
24 10 38 1. 0
25 10 39 -1. 0
26 10 40 0.7071067811865475 0
26 10 41 -0.7071067811865475 0
4 11 0 1. 0
15 11 11 1. 0
28 11 22 1. 0
3 12 1 1. 0
14 12 12 1. 0
27 12 23 1. 0
5 13 2 1. 0
16 13 13 1. 0
29 13 24 1. 0
30 13 25 1. 0
31 13 26 -1. 0
3 14 3 1. 0
14 14 14 1. 0
27 14 27 1. 0
4 15 4 1. 0
15 15 15 1. 0
28 15 28 1. 0
5 16 5 1. 0
16 16 16 1. 0
29 16 29 1. 0
30 16 30 1. 0
31 16 31 1. 0
5 17 6 1. 0
16 17 17 1. 0
29 17 32 1. 0
30 17 33 1. 0
31 17 34 -1. 0
5 18 7 1. 0
16 18 18 1. 0
29 18 35 1. 0
30 18 36 1. 0
31 18 37 1. 0
3 19 9 1. 0
14 19 19 1. 0
27 19 40 0.5 0
27 19 41 0.5 0
27 19 42 -0.7071067811865475 0
4 20 8 1. 0
15 20 20 1. 0
28 20 40 0.5 0
28 20 41 0.5 0
28 20 42 0.7071067811865475 0
5 21 10 -1. 0
16 21 21 1. 0
29 21 38 -1. 0
30 21 39 1. 0
31 21 40 0.7071067811865475 0
31 21 41 -0.7071067811865475 0
8 22 0 2. 0
20 22 11 2. 0
40 22 22 1. 0
41 22 22 1. 0
42 22 22 1.4142135623730951 0
9 23 1 2. 0
19 23 12 2. 0
40 23 23 1. 0
41 23 23 1. 0
42 23 23 -1.4142135623730951 0
6 24 2 1. 0
17 24 13 1. 0
32 24 24 1. 0
33 24 25 1. 0
34 24 26 1. 0
7 25 2 1. 0
18 25 13 1. 0
35 25 24 1. 0
36 25 25 1. 0
37 25 26 -1. 0
10 26 2 1.4142135623730951 0
21 26 13 -1.4142135623730951 0
38 26 24 1.4142135623730951 0
39 26 25 -1.4142135623730951 0
40 26 26 1. 0
41 26 26 -1. 0
9 27 3 2. 0
19 27 14 2. 0
40 27 27 1. 0
41 27 27 1. 0
42 27 27 -1.4142135623730951 0
8 28 4 2. 0
20 28 15 2. 0
40 28 28 1. 0
41 28 28 1. 0
42 28 28 1.4142135623730951 0
6 29 5 1. 0
17 29 16 1. 0
32 29 29 1. 0
33 29 30 1. 0
34 29 31 -1. 0
7 30 5 1. 0
18 30 16 1. 0
35 30 29 1. 0
36 30 30 1. 0
37 30 31 1. 0
10 31 5 -1.4142135623730951 0
21 31 16 1.4142135623730951 0
38 31 29 -1.4142135623730951 0
39 31 30 1.4142135623730951 0
40 31 31 1. 0
41 31 31 -1. 0
6 32 6 1. 0
17 32 17 1. 0
32 32 32 1. 0
33 32 33 1. 0
34 32 34 1. 0
7 33 6 1. 0
18 33 17 1. 0
35 33 32 1. 0
36 33 33 1. 0
37 33 34 -1. 0
10 34 6 1.4142135623730951 0
21 34 17 -1.4142135623730951 0
38 34 32 1.4142135623730951 0
39 34 33 -1.4142135623730951 0
40 34 34 1. 0
41 34 34 -1. 0
6 35 7 1. 0
17 35 18 1. 0
32 35 35 1. 0
33 35 36 1. 0
34 35 37 -1. 0
7 36 7 1. 0
18 36 18 1. 0
35 36 35 1. 0
36 36 36 1. 0
37 36 37 1. 0
10 37 7 -1.4142135623730951 0
21 37 18 1.4142135623730951 0
38 37 35 -1.4142135623730951 0
39 37 36 1.4142135623730951 0
40 37 37 1. 0
41 37 37 -1. 0
6 38 10 1. 0
17 38 21 -1. 0
32 38 38 1. 0
33 38 39 -1. 0
34 38 40 0.7071067811865475 0
34 38 41 -0.7071067811865475 0
7 39 10 -1. 0
18 39 21 1. 0
35 39 38 -1. 0
36 39 39 1. 0
37 39 40 0.7071067811865475 0
37 39 41 -0.7071067811865475 0
8 40 8 1. 0
8 41 8 1. 0
8 42 8 1.4142135623730951 0
9 40 9 1. 0
9 41 9 1. 0
9 42 9 -1.4142135623730951 0
10 40 10 1. 0
10 41 10 -1. 0
19 40 19 1. 0
19 41 19 1. 0
19 42 19 -1.4142135623730951 0
20 40 20 1. 0
20 41 20 1. 0
20 42 20 1.4142135623730951 0
21 40 21 1. 0
21 41 21 -1. 0
38 40 38 1. 0
38 41 38 -1. 0
39 40 39 1. 0
39 41 39 -1. 0
40 40 40 1. 0
40 41 41 1. 0
40 42 42 1. 0
41 40 41 1. 0
41 41 40 1. 0
41 42 42 1. 0
42 40 42 1. 0
42 41 42 1. 0
42 42 40 1. 0
42 42 41 1. 0