1 1 1 1 1 0 0 0 0 0 0 0 0 0 0 0 0 0 0 0 0 0 0 0 0 0 0 0 0 0 0 0 0 0 0 0 0 0 0 0 0 0 1 1 1 1 1 0 0 0 0 0 0 0 0 0 0 0 0 0 0 0 0 0 0 0 0 0 0 0 0 0 0 0 0 0 0 0 0 0 0 0 0 0 0 0 0 0 0 0 0 0 1 0 0 0 1 0 1 0 0 0 0 1 0 0 0 0 0 1 0 0 0 0 0 0 0 0 0 0 0 0 0 0 0 0 0 0 0 0 0 0 0 0 0 0 0 0 0 0 0 0 0 0 0 0 0 0 0 0 0 0 0 0 0 0 0 0 0 0 0 0 0 0 0 0 0 0 0 0 0 0 0 0 0 0 0 0 0 0 0 0 0 1 0 0 0 1 0 0 0 1 0 0 1 0 0 0 0 0 1 0 0 0 0 0 0 0 0 0 0 0 0 0 0 0 0 0 0 0 0 0 0 0 0 0 0 0 0 0 0 0 0 0 0 0 0 0 0 0 0 0 0 0 0 0 0 0 0 0 0 0 0 0 0 0 0 0 0 0 0 0 0 0 0 0 0 0 0 0 0 0 0 0 1 0 0 0 1 0 1 0 0 0 0 0 0 1 0 0 1 0 0
0 0 0 1. 0
37 0 37 1. 0
74 0 74 1. 0
147 0 147 1. 0
220 0 220 1. 0
1 1 1 1. 0
38 1 38 1. 0
75 1 75 1. 0
148 1 148 1. 0
221 1 221 1. 0
2 2 2 1. 0
39 2 39 1. 0
76 2 76 1. 0
77 2 77 1. 0
78 2 78 1. 0
149 2 149 1. 0
150 2 150 1. 0
222 2 222 1. 0
223 2 223 1. 0
3 3 3 1. 0
40 3 40 1. 0
79 3 79 1. 0
80 3 80 1. 0
151 3 151 1. 0
152 3 152 1. 0
153 3 153 1. 0
224 3 224 1. 0
225 3 225 1. 0
4 4 4 1. 0
41 4 41 1. 0
81 4 81 1. 0
82 4 82 1. 0
154 4 154 1. 0
155 4 155 1. 0
226 4 226 1. 0
227 4 227 1. 0
228 4 228 1. 0
1 5 5 1. 0
38 5 42 1. 0
75 5 83 1. 0
148 5 156 1. 0
221 5 229 1. 0
0 6 6 1. 0
37 6 43 1. 0
74 6 84 1. 0
147 6 157 1. 0
220 6 230 1. 0
2 7 7 1. 0
39 7 44 1. 0
76 7 85 1. 0
77 7 86 1. 0
78 7 87 -1. 0
149 7 158 -1. 0
150 7 159 1. 0
222 7 231 1. 0
223 7 232 -1. 0
3 8 8 1. 0
40 8 45 1. 0
79 8 88 1. 0
80 8 89 -1. 0
151 8 160 -1. 0
152 8 161 -1. 0
153 8 162 1. 0
224 8 233 -1. 0
225 8 234 1. 0
4 9 9 1. 0
41 9 46 1. 0
81 9 90 1. 0
82 9 91 -1. 0
154 9 163 1. 0
155 9 164 -1. 0
226 9 235 1. 0
227 9 236 1. 0
228 9 237 -1. 0
2 10 10 1. 0
39 10 47 1. 0
76 10 92 1. 0
77 10 93 1. 0
78 10 94 1. 0
149 10 165 0.6234898018587336 0.7818314824680298
150 10 166 -0.6234898018587336 -0.7818314824680298
222 10 238 1. 0
223 10 239 -0.6234898018587336 -0.7818314824680298
2 11 11 1. 0
39 11 48 1. 0
76 11 95 1. 0
77 11 96 1. 0
78 11 97 1. 0
149 11 167 -0.6234898018587336 -0.7818314824680298
150 11 168 0.6234898018587336 0.7818314824680298
222 11 240 -1. 0
223 11 241 -0.6234898018587336 -0.7818314824680298
0 12 12 1. 0
37 12 50 1. 0
74 12 98 0.5 0
74 12 99 0.5 0
74 12 100 0.7071067811865475 0
147 12 170 0.7071067811865475 0
147 12 171 0.7071067811865475 0
220 12 245 0.7071067811865475 0
220 12 246 0.7071067811865475 0
1 13 13 1. 0
38 13 49 1. 0
75 13 98 0.5 0
75 13 99 0.5 0
75 13 100 -0.7071067811865475 0
148 13 170 -0.7071067811865475 0
148 13 171 0.7071067811865475 0
221 13 245 0.7071067811865475 0
221 13 246 -0.7071067811865475 0
4 14 14 1. 0
41 14 51 1. 0
81 14 98 -0.7071067811865475 0
81 14 99 0.7071067811865475 0
82 14 101 1. 0
154 14 169 1. 0
155 14 172 -0.6234898018587336 0.7818314824680298
226 14 242 -1. 0
227 14 243 -1. 0
228 14 244 0.6234898018587336 0.7818314824680298
3 15 15 1. 0
40 15 52 1. 0
79 15 103 0.7071067811865475 0
79 15 104 0.7071067811865475 0
80 15 105 1. 0
151 15 173 0.900968867902419 0.43388373911755823
152 15 174 -0.900968867902419 -0.43388373911755823
153 15 176 0.900968867902419 0.43388373911755823
224 15 249 -0.900968867902419 -0.43388373911755823
225 15 251 1. 0
4 16 16 1. 0
41 16 53 -1. 0
81 16 102 1. 0
82 16 103 -0.7071067811865475 0
82 16 104 0.7071067811865475 0
154 16 175 -0.6234898018587336 -0.7818314824680298
155 16 177 0.22252093395631434 0.9749279121818236
226 16 247 0.6234898018587336 0.7818314824680298
227 16 248 -0.6234898018587336 -0.7818314824680298
228 16 250 -1. 0
2 17 17 1. 0
39 17 54 -1. 0
76 17 106 1. 0
77 17 107 1. 0
78 17 109 -0.7071067811865475 0
78 17 110 -0.7071067811865475 0
149 17 181 1. 0
150 17 182 -0.22252093395631434 0.9749279121818236
222 17 253 0.6234898018587336 0.7818314824680298
223 17 254 -1. 0
3 18 18 1. 0
40 18 55 -1. 0
79 18 108 1. 0
80 18 109 -0.7071067811865475 0
80 18 110 0.7071067811865475 0
151 18 178 1. 0
152 18 179 -1. 0
153 18 180 1. 0
224 18 252 -1. 0
225 18 255 0.900968867902419 -0.43388373911755823
3 19 19 1. 0
40 19 56 1. 0
79 19 111 1. 0
80 19 112 1. 0
151 19 183 1. 0
152 19 184 1. 0
153 19 185 1. 0
224 19 256 1. 0
225 19 257 0.900968867902419 -0.43388373911755823
3 20 20 1. 0
40 20 57 1. 0
79 20 113 -1. 0
80 20 114 1. 0
151 20 186 -1. 0
152 20 187 -1. 0
153 20 188 -1. 0
224 20 258 1. 0
225 20 259 -0.900968867902419 0.43388373911755823
3 21 21 1. 0
40 21 58 -1. 0
79 21 117 1. 0
80 21 118 -1. 0
151 21 189 0.900968867902419 0.43388373911755823
152 21 190 0.900968867902419 0.43388373911755823
153 21 191 0.6370811961317672 0.3068021341766003
153 21 192 0.6370811961317672 0.3068021341766003
224 21 262 0.900968867902419 0.43388373911755823
225 21 264 1. 0
4 22 22 1. 0
41 22 59 -1. 0
81 22 115 -0.6234898018587336 -0.7818314824680298
82 22 116 1. 0
154 22 191 0.4408738668949674 0.5528383429982752
154 22 192 -0.4408738668949674 -0.5528383429982752
155 22 193 -0.6234898018587336 -0.7818314824680298
226 22 260 0.6234898018587336 0.7818314824680298
227 22 261 -0.6234898018587336 -0.7818314824680298
228 22 263 0.900968867902419 -0.43388373911755823
0 23 23 1. 0
37 23 61 1. 0
74 23 121 0.7071067811865475 0
74 23 122 0.7071067811865475 0
147 23 194 0.5 0
147 23 195 0.5 0
147 23 196 0.7071067811865475 0
220 23 267 0.7071067811865475 0
220 23 268 0.7071067811865475 0
1 24 24 1. 0
38 24 60 1. 0
75 24 121 0.7071067811865475 0
75 24 122 -0.7071067811865475 0
148 24 194 -0.5 0
148 24 195 -0.5 0
148 24 196 0.7071067811865475 0
221 24 267 -0.7071067811865475 0
221 24 268 0.7071067811865475 0
2 25 25 1. 0
39 25 62 1. 0
76 25 119 1. 0
77 25 120 1. 0
78 25 123 0.900968867902419 0.43388373911755823
149 25 194 0.6370811961317672 0.3068021341766003
149 25 195 -0.6370811961317672 -0.3068021341766003
150 25 197 -0.900968867902419 -0.43388373911755823
222 25 265 0.900968867902419 -0.43388373911755823
223 25 266 0.900968867902419 0.43388373911755823
2 26 26 1. 0
39 26 63 -1. 0
76 26 124 1. 0
77 26 125 -1. 0
78 26 128 -1. 0
149 26 199 0.6234898018587336 0.7818314824680298
150 26 200 0.4408738668949674 0.5528383429982752
150 26 201 -0.4408738668949674 -0.5528383429982752
222 26 271 -1. 0
223 26 273 0.6234898018587336 0.7818314824680298
4 27 27 1. 0
41 27 64 1. 0
81 27 126 1. 0
82 27 127 -0.22252093395631434 -0.9749279121818236
154 27 198 0.900968867902419 -0.43388373911755823
155 27 200 0.6370811961317672 -0.3068021341766003
155 27 201 0.6370811961317672 -0.3068021341766003
226 27 269 0.900968867902419 -0.43388373911755823
227 27 270 -0.900968867902419 0.43388373911755823
228 27 272 0.22252093395631434 0.9749279121818236
4 28 28 1. 0
41 28 65 1. 0
81 28 129 -1. 0
82 28 130 -1. 0
154 28 202 -1. 0
155 28 203 1. 0
226 28 274 1. 0
227 28 275 1. 0
228 28 276 1. 0
4 29 29 1. 0
41 29 66 1. 0
81 29 131 -1. 0
82 29 132 -1. 0
154 29 204 1. 0
155 29 205 -1. 0
226 29 277 1. 0
227 29 278 1. 0
228 29 279 -1. 0
2 30 30 1. 0
39 30 67 1. 0
76 30 133 1. 0
77 30 134 -1. 0
78 30 137 0.6234898018587336 -0.7818314824680298
149 30 209 0.6234898018587336 0.7818314824680298
150 30 210 0.6234898018587336 0.7818314824680298
222 30 280 -0.7071067811865475 0
222 30 281 -0.7071067811865475 0
223 30 282 -0.6234898018587336 0.7818314824680298
3 31 31 1. 0
40 31 68 -1. 0
79 31 135 1. 0
80 31 136 -1. 0
151 31 206 1. 0
152 31 207 -1. 0
153 31 208 1. 0
224 31 280 -0.7071067811865475 0
224 31 281 0.7071067811865475 0
225 31 283 1. 0
2 32 32 1. 0
39 32 69 -1. 0
76 32 138 1. 0
77 32 139 -1. 0
78 32 142 -1. 0
149 32 212 1. 0
150 32 214 -1. 0
222 32 286 -1. 0
223 32 287 -0.7071067811865475 0
223 32 288 0.7071067811865475 0
4 33 33 1. 0
41 33 70 -1. 0
81 33 140 -0.900968867902419 0.43388373911755823
82 33 141 -1. 0
154 33 211 -0.22252093395631434 -0.9749279121818236
155 33 213 -0.22252093395631434 -0.9749279121818236
226 33 284 0.900968867902419 -0.43388373911755823
227 33 285 0.900968867902419 -0.43388373911755823
228 33 287 0.7071067811865475 0
228 33 288 0.7071067811865475 0
0 34 34 1. 0
37 34 72 1. 0
74 34 143 0.7071067811865475 0
74 34 144 0.7071067811865475 0
147 34 218 0.7071067811865475 0
147 34 219 0.7071067811865475 0
220 34 290 0.5 0
220 34 291 0.5 0
220 34 292 0.7071067811865475 0
1 35 35 1. 0
38 35 71 1. 0
75 35 143 0.7071067811865475 0
75 35 144 -0.7071067811865475 0
148 35 218 0.7071067811865475 0
148 35 219 -0.7071067811865475 0
221 35 290 0.5 0
221 35 291 0.5 0
221 35 292 -0.7071067811865475 0
3 36 36 1. 0
40 36 73 1. 0
79 36 145 1. 0
80 36 146 0.22252093395631434 -0.9749279121818236
151 36 215 0.900968867902419 0.43388373911755823
152 36 216 0.900968867902419 0.43388373911755823
153 36 217 0.900968867902419 0.43388373911755823
224 36 289 -0.22252093395631434 0.9749279121818236
225 36 290 0.7071067811865475 0
225 36 291 -0.7071067811865475 0
6 37 0 1. 0
43 37 37 1. 0
84 37 74 1. 0
157 37 147 1. 0
230 37 220 1. 0
5 38 1 1. 0
42 38 38 1. 0
83 38 75 1. 0
156 38 148 1. 0
229 38 221 1. 0
7 39 2 1. 0
44 39 39 1. 0
85 39 76 1. 0
86 39 77 1. 0
87 39 78 -1. 0
158 39 149 -1. 0
159 39 150 1. 0
231 39 222 1. 0
232 39 223 -1. 0
8 40 3 1. 0
45 40 40 1. 0
88 40 79 1. 0
89 40 80 -1. 0
160 40 151 -1. 0
161 40 152 -1. 0
162 40 153 1. 0
233 40 224 -1. 0
234 40 225 1. 0
9 41 4 1. 0
46 41 41 1. 0
90 41 81 1. 0
91 41 82 -1. 0
163 41 154 1. 0
164 41 155 -1. 0
235 41 226 1. 0
236 41 227 1. 0
237 41 228 -1. 0
5 42 5 1. 0
42 42 42 1. 0
83 42 83 1. 0
156 42 156 1. 0
229 42 229 1. 0
6 43 6 1. 0
43 43 43 1. 0
84 43 84 1. 0
157 43 157 1. 0
230 43 230 1. 0
7 44 7 1. 0
44 44 44 1. 0
85 44 85 1. 0
86 44 86 1. 0
87 44 87 1. 0
158 44 158 1. 0
159 44 159 1. 0
231 44 231 1. 0
232 44 232 1. 0
8 45 8 1. 0
45 45 45 1. 0
88 45 88 1. 0
89 45 89 1. 0
160 45 160 1. 0
161 45 161 1. 0
162 45 162 1. 0
233 45 233 1. 0
234 45 234 1. 0
9 46 9 1. 0
46 46 46 1. 0
90 46 90 1. 0
91 46 91 1. 0
163 46 163 1. 0
164 46 164 1. 0
235 46 235 1. 0
236 46 236 1. 0
237 46 237 1. 0
7 47 10 1. 0
44 47 47 1. 0
85 47 92 1. 0
86 47 93 1. 0
87 47 94 -1. 0
158 47 165 -0.6234898018587336 -0.7818314824680298
159 47 166 -0.6234898018587336 -0.7818314824680298
231 47 238 1. 0
232 47 239 0.6234898018587336 0.7818314824680298
7 48 11 1. 0
44 48 48 1. 0
85 48 95 1. 0
86 48 96 1. 0
87 48 97 -1. 0
158 48 167 0.6234898018587336 0.7818314824680298
159 48 168 0.6234898018587336 0.7818314824680298
231 48 240 -1. 0
232 48 241 0.6234898018587336 0.7818314824680298
5 49 13 1. 0
42 49 49 1. 0
83 49 98 0.5 0
83 49 99 0.5 0
83 49 100 -0.7071067811865475 0
156 49 170 -0.7071067811865475 0
156 49 171 0.7071067811865475 0
229 49 245 0.7071067811865475 0
229 49 246 -0.7071067811865475 0
6 50 12 1. 0
43 50 50 1. 0
84 50 98 0.5 0
84 50 99 0.5 0
84 50 100 0.7071067811865475 0
157 50 170 0.7071067811865475 0
157 50 171 0.7071067811865475 0
230 50 245 0.7071067811865475 0
230 50 246 0.7071067811865475 0
9 51 14 1. 0
46 51 51 1. 0
90 51 98 -0.7071067811865475 0
90 51 99 0.7071067811865475 0
91 51 101 -1. 0
163 51 169 1. 0
164 51 172 0.6234898018587336 -0.7818314824680298
235 51 242 -1. 0
236 51 243 -1. 0
237 51 244 -0.6234898018587336 -0.7818314824680298
8 52 15 1. 0
45 52 52 1. 0
88 52 103 0.7071067811865475 0
88 52 104 0.7071067811865475 0
89 52 105 -1. 0
160 52 173 -0.900968867902419 -0.43388373911755823
161 52 174 0.900968867902419 0.43388373911755823
162 52 176 0.900968867902419 0.43388373911755823
233 52 249 0.900968867902419 0.43388373911755823
234 52 251 1. 0
9 53 16 -1. 0
46 53 53 1. 0
90 53 102 -1. 0
91 53 103 -0.7071067811865475 0
91 53 104 0.7071067811865475 0
163 53 175 0.6234898018587336 0.7818314824680298
164 53 177 0.22252093395631434 0.9749279121818236
235 53 247 -0.6234898018587336 -0.7818314824680298
236 53 248 0.6234898018587336 0.7818314824680298
237 53 250 -1. 0
7 54 17 -1. 0
44 54 54 1. 0
85 54 106 -1. 0
86 54 107 -1. 0
87 54 109 -0.7071067811865475 0
87 54 110 -0.7071067811865475 0
158 54 181 1. 0
159 54 182 0.22252093395631434 -0.9749279121818236
231 54 253 -0.6234898018587336 -0.7818314824680298
232 54 254 -1. 0
8 55 18 -1. 0
45 55 55 1. 0
88 55 108 -1. 0
89 55 109 -0.7071067811865475 0
89 55 110 0.7071067811865475 0
160 55 178 1. 0
161 55 179 -1. 0
162 55 180 -1. 0
233 55 252 -1. 0
234 55 255 -0.900968867902419 0.43388373911755823
8 56 19 1. 0
45 56 56 1. 0
88 56 111 1. 0
89 56 112 -1. 0
160 56 183 -1. 0
161 56 184 -1. 0
162 56 185 1. 0
233 56 256 -1. 0
234 56 257 0.900968867902419 -0.43388373911755823
8 57 20 1. 0
45 57 57 1. 0
88 57 113 -1. 0
89 57 114 -1. 0
160 57 186 1. 0
161 57 187 1. 0
162 57 188 -1. 0
233 57 258 -1. 0
234 57 259 -0.900968867902419 0.43388373911755823
8 58 21 -1. 0
45 58 58 1. 0
88 58 117 -1. 0
89 58 118 -1. 0
160 58 189 0.900968867902419 0.43388373911755823
161 58 190 0.900968867902419 0.43388373911755823
162 58 191 -0.6370811961317672 -0.3068021341766003
162 58 192 -0.6370811961317672 -0.3068021341766003
233 58 262 0.900968867902419 0.43388373911755823
234 58 264 -1. 0
9 59 22 -1. 0
46 59 59 1. 0
90 59 115 0.6234898018587336 0.7818314824680298
91 59 116 1. 0
163 59 191 -0.4408738668949674 -0.5528383429982752
163 59 192 0.4408738668949674 0.5528383429982752
164 59 193 -0.6234898018587336 -0.7818314824680298
235 59 260 -0.6234898018587336 -0.7818314824680298
236 59 261 0.6234898018587336 0.7818314824680298
237 59 263 0.900968867902419 -0.43388373911755823
5 60 24 1. 0
42 60 60 1. 0
83 60 121 0.7071067811865475 0
83 60 122 -0.7071067811865475 0
156 60 194 -0.5 0
156 60 195 -0.5 0
156 60 196 0.7071067811865475 0
229 60 267 -0.7071067811865475 0
229 60 268 0.7071067811865475 0
6 61 23 1. 0
43 61 61 1. 0
84 61 121 0.7071067811865475 0
84 61 122 0.7071067811865475 0
157 61 194 0.5 0
157 61 195 0.5 0
157 61 196 0.7071067811865475 0
230 61 267 0.7071067811865475 0
230 61 268 0.7071067811865475 0
7 62 25 1. 0
44 62 62 1. 0
85 62 119 1. 0
86 62 120 1. 0
87 62 123 -0.900968867902419 -0.43388373911755823
158 62 194 -0.6370811961317672 -0.3068021341766003
158 62 195 0.6370811961317672 0.3068021341766003
159 62 197 -0.900968867902419 -0.43388373911755823
231 62 265 0.900968867902419 -0.43388373911755823
232 62 266 -0.900968867902419 -0.43388373911755823
7 63 26 -1. 0
44 63 63 1. 0
85 63 124 -1. 0
86 63 125 1. 0
87 63 128 -1. 0
158 63 199 0.6234898018587336 0.7818314824680298
159 63 200 -0.4408738668949674 -0.5528383429982752
159 63 201 0.4408738668949674 0.5528383429982752
231 63 271 1. 0
232 63 273 0.6234898018587336 0.7818314824680298
9 64 27 1. 0
46 64 64 1. 0
90 64 126 1. 0
91 64 127 0.22252093395631434 0.9749279121818236
163 64 198 0.900968867902419 -0.43388373911755823
164 64 200 -0.6370811961317672 0.3068021341766003
164 64 201 -0.6370811961317672 0.3068021341766003
235 64 269 0.900968867902419 -0.43388373911755823
236 64 270 -0.900968867902419 0.43388373911755823
237 64 272 -0.22252093395631434 -0.9749279121818236
9 65 28 1. 0
46 65 65 1. 0
90 65 129 -1. 0
91 65 130 1. 0
163 65 202 -1. 0
164 65 203 -1. 0
235 65 274 1. 0
236 65 275 1. 0
237 65 276 -1. 0
9 66 29 1. 0
46 66 66 1. 0
90 66 131 -1. 0
91 66 132 1. 0
163 66 204 1. 0
164 66 205 1. 0
235 66 277 1. 0
236 66 278 1. 0
237 66 279 1. 0
7 67 30 1. 0
44 67 67 1. 0
85 67 133 1. 0
86 67 134 -1. 0
87 67 137 -0.6234898018587336 0.7818314824680298
158 67 209 -0.6234898018587336 -0.7818314824680298
159 67 210 0.6234898018587336 0.7818314824680298
231 67 280 -0.7071067811865475 0
231 67 281 -0.7071067811865475 0
232 67 282 0.6234898018587336 -0.7818314824680298
8 68 31 -1. 0
45 68 68 1. 0
88 68 135 -1. 0
89 68 136 -1. 0
160 68 206 1. 0
161 68 207 -1. 0
162 68 208 -1. 0
233 68 280 -0.7071067811865475 0
233 68 281 0.7071067811865475 0
234 68 283 -1. 0
7 69 32 -1. 0
44 69 69 1. 0
85 69 138 -1. 0
86 69 139 1. 0
87 69 142 -1. 0
158 69 212 1. 0
159 69 214 1. 0
231 69 286 1. 0
232 69 287 -0.7071067811865475 0
232 69 288 0.7071067811865475 0
9 70 33 -1. 0
46 70 70 1. 0
90 70 140 0.900968867902419 -0.43388373911755823
91 70 141 -1. 0
163 70 211 0.22252093395631434 0.9749279121818236
164 70 213 -0.22252093395631434 -0.9749279121818236
235 70 284 -0.900968867902419 0.43388373911755823
236 70 285 -0.900968867902419 0.43388373911755823
237 70 287 0.7071067811865475 0
237 70 288 0.7071067811865475 0
5 71 35 1. 0
42 71 71 1. 0
83 71 143 0.7071067811865475 0
83 71 144 -0.7071067811865475 0
156 71 218 0.7071067811865475 0
156 71 219 -0.7071067811865475 0
229 71 290 0.5 0
229 71 291 0.5 0
229 71 292 -0.7071067811865475 0
6 72 34 1. 0
43 72 72 1. 0
84 72 143 0.7071067811865475 0
84 72 144 0.7071067811865475 0
157 72 218 0.7071067811865475 0
157 72 219 0.7071067811865475 0
230 72 290 0.5 0
230 72 291 0.5 0
230 72 292 0.7071067811865475 0
8 73 36 1. 0
45 73 73 1. 0
88 73 145 1. 0
89 73 146 -0.22252093395631434 0.9749279121818236
160 73 215 -0.900968867902419 -0.43388373911755823
161 73 216 -0.900968867902419 -0.43388373911755823
162 73 217 0.900968867902419 0.43388373911755823
233 73 289 0.22252093395631434 -0.9749279121818236
234 73 290 0.7071067811865475 0
234 73 291 -0.7071067811865475 0
12 74 0 2. 0
50 74 37 2. 0
98 74 74 1. 0
99 74 74 1. 0
100 74 74 1.4142135623730951 0
170 74 147 1.4142135623730951 0
171 74 147 1.4142135623730951 0
245 74 220 1.4142135623730951 0
246 74 220 1.4142135623730951 0
13 75 1 2. 0
49 75 38 2. 0
98 75 75 1. 0
99 75 75 1. 0
100 75 75 -1.4142135623730951 0
170 75 148 -1.4142135623730951 0
171 75 148 1.4142135623730951 0
245 75 221 1.4142135623730951 0
246 75 221 -1.4142135623730951 0
10 76 2 1. 0
47 76 39 1. 0
92 76 76 1. 0
93 76 77 1. 0
94 76 78 1. 0
165 76 149 0.6234898018587336 -0.7818314824680298
166 76 150 -0.6234898018587336 0.7818314824680298
238 76 222 1. 0
239 76 223 -0.6234898018587336 0.7818314824680298
11 77 2 1. 0
48 77 39 1. 0
95 77 76 1. 0
96 77 77 1. 0
97 77 78 1. 0
167 77 149 -0.6234898018587336 0.7818314824680298
168 77 150 0.6234898018587336 -0.7818314824680298
240 77 222 -1. 0
241 77 223 -0.6234898018587336 0.7818314824680298
17 78 2 -1.4142135623730951 0
54 78 39 1.4142135623730951 0
106 78 76 -1.4142135623730951 0
107 78 77 -1.4142135623730951 0
109 78 78 1. 0
110 78 78 1. 0
181 78 149 -1.4142135623730951 0
182 78 150 0.31469212271294755 1.378756275743621
253 78 222 -0.8817477337899349 1.1056766859965506
254 78 223 1.4142135623730951 0
15 79 3 1.4142135623730951 0
52 79 40 1.4142135623730951 0
103 79 79 1. 0
104 79 79 1. 0
105 79 80 1.4142135623730951 0
173 79 151 1.2741623922635346 -0.6136042683532007
174 79 152 -1.2741623922635346 0.6136042683532007
176 79 153 1.2741623922635346 -0.6136042683532007
249 79 224 -1.2741623922635346 0.6136042683532007
251 79 225 1.4142135623730951 0
18 80 3 -1.4142135623730951 0
55 80 40 1.4142135623730951 0
108 80 79 -1.4142135623730951 0
109 80 80 1. 0
110 80 80 -1. 0
178 80 151 -1.4142135623730951 0
179 80 152 1.4142135623730951 0
180 80 153 -1.4142135623730951 0
252 80 224 1.4142135623730951 0
255 80 225 -1.2741623922635346 -0.6136042683532007
14 81 4 -1.4142135623730951 0
51 81 41 -1.4142135623730951 0
98 81 81 1. 0
99 81 81 -1. 0
101 81 82 -1.4142135623730951 0
169 81 154 -1.4142135623730951 0
172 81 155 0.8817477337899349 1.1056766859965506
242 81 226 1.4142135623730951 0
243 81 227 1.4142135623730951 0
244 81 228 -0.8817477337899349 1.1056766859965506
16 82 4 -1.4142135623730951 0
53 82 41 1.4142135623730951 0
102 82 81 -1.4142135623730951 0
103 82 82 1. 0
104 82 82 -1. 0
175 82 154 0.8817477337899349 -1.1056766859965506
177 82 155 -0.31469212271294755 1.378756275743621
247 82 226 -0.8817477337899349 1.1056766859965506
248 82 227 0.8817477337899349 -1.1056766859965506
250 82 228 1.4142135623730951 0
13 83 5 2. 0
49 83 42 2. 0
98 83 83 1. 0
99 83 83 1. 0
100 83 83 -1.4142135623730951 0
170 83 156 -1.4142135623730951 0
171 83 156 1.4142135623730951 0
245 83 229 1.4142135623730951 0
246 83 229 -1.4142135623730951 0
12 84 6 2. 0
50 84 43 2. 0
98 84 84 1. 0
99 84 84 1. 0
100 84 84 1.4142135623730951 0
170 84 157 1.4142135623730951 0
171 84 157 1.4142135623730951 0
245 84 230 1.4142135623730951 0
246 84 230 1.4142135623730951 0
10 85 7 1. 0
47 85 44 1. 0
92 85 85 1. 0
93 85 86 1. 0
94 85 87 -1. 0
165 85 158 -0.6234898018587336 0.7818314824680298
166 85 159 -0.6234898018587336 0.7818314824680298
238 85 231 1. 0
239 85 232 0.6234898018587336 -0.7818314824680298
11 86 7 1. 0
48 86 44 1. 0
95 86 85 1. 0
96 86 86 1. 0
97 86 87 -1. 0
167 86 158 0.6234898018587336 -0.7818314824680298
168 86 159 0.6234898018587336 -0.7818314824680298
240 86 231 -1. 0
241 86 232 0.6234898018587336 -0.7818314824680298
17 87 7 1.4142135623730951 0
54 87 44 -1.4142135623730951 0
106 87 85 1.4142135623730951 0
107 87 86 1.4142135623730951 0
109 87 87 1. 0
110 87 87 1. 0
181 87 158 -1.4142135623730951 0
182 87 159 -0.31469212271294755 -1.378756275743621
253 87 231 0.8817477337899349 -1.1056766859965506
254 87 232 1.4142135623730951 0
15 88 8 1.4142135623730951 0
52 88 45 1.4142135623730951 0
103 88 88 1. 0
104 88 88 1. 0
105 88 89 -1.4142135623730951 0
173 88 160 -1.2741623922635346 0.6136042683532007
174 88 161 1.2741623922635346 -0.6136042683532007
176 88 162 1.2741623922635346 -0.6136042683532007
249 88 233 1.2741623922635346 -0.6136042683532007
251 88 234 1.4142135623730951 0
18 89 8 1.4142135623730951 0
55 89 45 -1.4142135623730951 0
108 89 88 1.4142135623730951 0
109 89 89 1. 0
110 89 89 -1. 0
178 89 160 -1.4142135623730951 0
179 89 161 1.4142135623730951 0
180 89 162 1.4142135623730951 0
252 89 233 1.4142135623730951 0
255 89 234 1.2741623922635346 0.6136042683532007
14 90 9 -1.4142135623730951 0
51 90 46 -1.4142135623730951 0
98 90 90 1. 0
99 90 90 -1. 0
101 90 91 1.4142135623730951 0
169 90 163 -1.4142135623730951 0
172 90 164 -0.8817477337899349 -1.1056766859965506
242 90 235 1.4142135623730951 0
243 90 236 1.4142135623730951 0
244 90 237 0.8817477337899349 -1.1056766859965506
16 91 9 1.4142135623730951 0
53 91 46 -1.4142135623730951 0
102 91 90 1.4142135623730951 0
103 91 91 1. 0
104 91 91 -1. 0
175 91 163 -0.8817477337899349 1.1056766859965506
177 91 164 -0.31469212271294755 1.378756275743621
247 91 235 0.8817477337899349 -1.1056766859965506
248 91 236 -0.8817477337899349 1.1056766859965506
250 91 237 1.4142135623730951 0
10 92 10 1. 0
47 92 47 1. 0
92 92 92 1. 0
93 92 93 1. 0
94 92 94 1. 0
165 92 165 1. 0
166 92 166 1. 0
238 92 238 1. 0
239 92 239 1. 0
11 93 10 1. 0
48 93 47 1. 0
95 93 92 1. 0
96 93 93 1. 0
97 93 94 1. 0
167 93 165 -1. 0
168 93 166 -1. 0
240 93 238 -1. 0
241 93 239 1. 0
17 94 10 -1.4142135623730951 0
54 94 47 1.4142135623730951 0
106 94 92 -1.4142135623730951 0
107 94 93 -1.4142135623730951 0
109 94 94 1. 0
110 94 94 1. 0
181 94 165 -0.8817477337899349 -1.1056766859965506
182 94 166 0.8817477337899349 -1.1056766859965506
253 94 238 -0.8817477337899349 1.1056766859965506
254 94 239 -0.8817477337899349 -1.1056766859965506
10 95 11 1. 0
47 95 48 1. 0
92 95 95 1. 0
93 95 96 1. 0
94 95 97 1. 0
165 95 167 -1. 0
166 95 168 -1. 0
238 95 240 -1. 0
239 95 241 1. 0
11 96 11 1. 0
48 96 48 1. 0
95 96 95 1. 0
96 96 96 1. 0
97 96 97 1. 0
167 96 167 1. 0
168 96 168 1. 0
240 96 240 1. 0
241 96 241 1. 0
17 97 11 -1.4142135623730951 0
54 97 48 1.4142135623730951 0
106 97 95 -1.4142135623730951 0
107 97 96 -1.4142135623730951 0
109 97 97 1. 0
110 97 97 1. 0
181 97 167 0.8817477337899349 1.1056766859965506
182 97 168 -0.8817477337899349 1.1056766859965506
253 97 240 0.8817477337899349 -1.1056766859965506
254 97 241 -0.8817477337899349 -1.1056766859965506
12 98 12 1. 0
12 99 12 1. 0
12 100 12 1.4142135623730951 0
13 98 13 1. 0
13 99 13 1. 0
13 100 13 -1.4142135623730951 0
14 98 14 1. 0
14 99 14 -1. 0
49 98 49 1. 0
49 99 49 1. 0
49 100 49 -1.4142135623730951 0
50 98 50 1. 0
50 99 50 1. 0
50 100 50 1.4142135623730951 0
51 98 51 1. 0
51 99 51 -1. 0
98 98 98 1. 0
98 99 99 1. 0
98 100 100 1. 0
99 98 99 1. 0
99 99 98 1. 0
99 100 100 1. 0
100 98 100 1. 0
100 99 100 1. 0
100 100 98 1. 0
100 100 99 1. 0
101 98 101 1. 0
101 99 101 -1. 0
169 98 169 1. 0
169 99 169 -1. 0
170 98 170 1. 0
170 99 170 1. 0
170 100 171 1.4142135623730951 0
171 98 171 1. 0
171 99 171 1. 0
171 100 170 1.4142135623730951 0
172 98 172 1. 0
172 99 172 -1. 0
242 98 242 1. 0
242 99 242 -1. 0
243 98 243 1. 0
243 99 243 -1. 0
244 98 244 1. 0
244 99 244 -1. 0
245 98 245 1. 0
245 99 245 1. 0
245 100 246 1.4142135623730951 0
246 98 246 1. 0
246 99 246 1. 0
246 100 245 1.4142135623730951 0
16 101 14 -1.4142135623730951 0
53 101 51 1.4142135623730951 0
102 101 98 1. 0
102 101 99 -1. 0
103 101 101 1. 0
104 101 101 -1. 0
175 101 169 0.8817477337899349 -1.1056766859965506
177 101 172 -0.8817477337899349 -1.1056766859965506
247 101 242 0.8817477337899349 -1.1056766859965506
248 101 243 -0.8817477337899349 1.1056766859965506
250 101 244 0.8817477337899349 1.1056766859965506
14 102 16 -1.4142135623730951 0
51 102 53 1.4142135623730951 0
98 102 102 1. 0
99 102 102 -1. 0
101 102 103 1. 0
101 102 104 -1. 0
169 102 175 0.8817477337899349 1.1056766859965506
172 102 177 -0.8817477337899349 1.1056766859965506
242 102 247 0.8817477337899349 1.1056766859965506
243 102 248 -0.8817477337899349 -1.1056766859965506
244 102 250 0.8817477337899349 -1.1056766859965506
15 103 15 1. 0
15 104 15 1. 0
16 103 16 1. 0
16 104 16 -1. 0
52 103 52 1. 0
52 104 52 1. 0
53 103 53 1. 0
53 104 53 -1. 0
102 103 102 1. 0
102 104 102 -1. 0
103 103 103 1. 0
103 104 104 1. 0
104 103 104 1. 0
104 104 103 1. 0
105 103 105 1. 0
105 104 105 1. 0
173 103 173 1. 0
173 104 173 1. 0
174 103 174 1. 0
174 104 174 1. 0
175 103 175 1. 0
175 104 175 -1. 0
176 103 176 1. 0
176 104 176 1. 0
177 103 177 1. 0
177 104 177 -1. 0
247 103 247 1. 0
247 104 247 -1. 0
248 103 248 1. 0
248 104 248 -1. 0
249 103 249 1. 0
249 104 249 1. 0
250 103 250 1. 0
250 104 250 -1. 0
251 103 251 1. 0
251 104 251 1. 0
18 105 15 -1.4142135623730951 0
55 105 52 1.4142135623730951 0
108 105 103 -1. 0
108 105 104 -1. 0
109 105 105 1. 0
110 105 105 -1. 0
178 105 173 -1.2741623922635346 -0.6136042683532007
179 105 174 -1.2741623922635346 -0.6136042683532007
180 105 176 -1.2741623922635346 -0.6136042683532007
252 105 249 -1.2741623922635346 -0.6136042683532007
255 105 251 -1.2741623922635346 -0.6136042683532007
10 106 17 1. 0
47 106 54 -1. 0
92 106 106 1. 0
93 106 107 1. 0
94 106 109 -0.7071067811865475 0
94 106 110 -0.7071067811865475 0
165 106 181 0.6234898018587336 -0.7818314824680298
166 106 182 -0.6234898018587336 -0.7818314824680298
238 106 253 0.6234898018587336 0.7818314824680298
239 106 254 0.6234898018587336 -0.7818314824680298
11 107 17 1. 0
48 107 54 -1. 0
95 107 106 1. 0
96 107 107 1. 0
97 107 109 -0.7071067811865475 0
97 107 110 -0.7071067811865475 0
167 107 181 -0.6234898018587336 0.7818314824680298
168 107 182 0.6234898018587336 0.7818314824680298
240 107 253 -0.6234898018587336 -0.7818314824680298
241 107 254 0.6234898018587336 -0.7818314824680298
15 108 18 1.4142135623730951 0
52 108 55 -1.4142135623730951 0
103 108 108 1. 0
104 108 108 1. 0
105 108 109 -1. 0
105 108 110 1. 0
173 108 178 1.2741623922635346 -0.6136042683532007
174 108 179 1.2741623922635346 -0.6136042683532007
176 108 180 1.2741623922635346 -0.6136042683532007
249 108 252 1.2741623922635346 -0.6136042683532007
251 108 255 1.2741623922635346 -0.6136042683532007
17 109 17 1. 0
17 110 17 1. 0
18 109 18 1. 0
18 110 18 -1. 0
54 109 54 1. 0
54 110 54 1. 0
55 109 55 1. 0
55 110 55 -1. 0
106 109 106 1. 0
106 110 106 1. 0
107 109 107 1. 0
107 110 107 1. 0
108 109 108 1. 0
108 110 108 -1. 0
109 109 109 1. 0
109 110 110 1. 0
110 109 110 1. 0
110 110 109 1. 0
178 109 178 1. 0
178 110 178 -1. 0
179 109 179 1. 0
179 110 179 -1. 0
180 109 180 1. 0
180 110 180 -1. 0
181 109 181 1. 0
181 110 181 1. 0
182 109 182 1. 0
182 110 182 1. 0
252 109 252 1. 0
252 110 252 -1. 0
253 109 253 1. 0
253 110 253 1. 0
254 109 254 1. 0
254 110 254 1. 0
255 109 255 1. 0
255 110 255 -1. 0
15 111 19 1.4142135623730951 0
52 111 56 1.4142135623730951 0
103 111 111 1. 0
104 111 111 1. 0
105 111 112 1.4142135623730951 0
173 111 183 1.2741623922635346 -0.6136042683532007
174 111 184 -1.2741623922635346 0.6136042683532007
176 111 185 1.2741623922635346 -0.6136042683532007
249 111 256 -1.2741623922635346 0.6136042683532007
251 111 257 1.2741623922635346 -0.6136042683532007
18 112 19 -1.4142135623730951 0
55 112 56 1.4142135623730951 0
108 112 111 -1.4142135623730951 0
109 112 112 1. 0
110 112 112 -1. 0
178 112 183 -1.4142135623730951 0
179 112 184 1.4142135623730951 0
180 112 185 -1.4142135623730951 0
252 112 256 1.4142135623730951 0
255 112 257 -1.4142135623730951 0
15 113 20 -1.4142135623730951 0
52 113 57 -1.4142135623730951 0
103 113 113 1. 0
104 113 113 1. 0
105 113 114 -1.4142135623730951 0
173 113 186 1.2741623922635346 -0.6136042683532007
174 113 187 -1.2741623922635346 0.6136042683532007
176 113 188 1.2741623922635346 -0.6136042683532007
249 113 258 1.2741623922635346 -0.6136042683532007
251 113 259 1.2741623922635346 -0.6136042683532007
18 114 20 -1.4142135623730951 0
55 114 57 1.4142135623730951 0
108 114 113 1.4142135623730951 0
109 114 114 1. 0
110 114 114 -1. 0
178 114 186 1.4142135623730951 0
179 114 187 -1.4142135623730951 0
180 114 188 1.4142135623730951 0
252 114 258 1.4142135623730951 0
255 114 259 1.4142135623730951 0
14 115 22 0.8817477337899349 -1.1056766859965506
51 115 59 -0.8817477337899349 1.1056766859965506
98 115 115 1. 0
99 115 115 -1. 0
101 115 116 0.8817477337899349 -1.1056766859965506
169 115 191 1. 0
169 115 192 -1. 0
172 115 193 0.8817477337899349 1.1056766859965506
242 115 260 -1.4142135623730951 0
243 115 261 1.4142135623730951 0
244 115 263 -0.8817477337899349 -1.1056766859965506
15 117 21 1.4142135623730951 0
16 116 22 -1.4142135623730951 0
52 117 58 -1.4142135623730951 0
53 116 59 -1.4142135623730951 0
102 116 115 0.8817477337899349 1.1056766859965506
103 116 116 1. 0
103 117 117 1. 0
104 116 116 -1. 0
104 117 117 1. 0
105 117 118 -1.4142135623730951 0
173 117 189 1.4142135623730951 0
174 117 190 -1.4142135623730951 0
175 116 191 1. 0
175 116 192 -1. 0
176 117 191 1. 0
176 117 192 1. 0
177 116 193 1.2741623922635346 -0.6136042683532007
247 116 260 -1.4142135623730951 0
248 116 261 -1.4142135623730951 0
249 117 262 -1.4142135623730951 0
250 116 263 1.2741623922635346 -0.6136042683532007
251 117 264 1.4142135623730951 0
18 118 21 1.4142135623730951 0
55 118 58 1.4142135623730951 0
108 118 117 1.4142135623730951 0
109 118 118 1. 0
110 118 118 -1. 0
178 118 189 1.2741623922635346 0.6136042683532007
179 118 190 -1.2741623922635346 -0.6136042683532007
180 118 191 0.900968867902419 0.43388373911755823
180 118 192 0.900968867902419 0.43388373911755823
252 118 262 -1.2741623922635346 -0.6136042683532007
255 118 264 1.2741623922635346 0.6136042683532007
10 119 25 1. 0
47 119 62 1. 0
92 119 119 1. 0
93 119 120 1. 0
94 119 123 0.900968867902419 0.43388373911755823
165 119 194 0.6370811961317672 -0.3068021341766003
165 119 195 -0.6370811961317672 0.3068021341766003
166 119 197 0.900968867902419 -0.43388373911755823
238 119 265 0.900968867902419 -0.43388373911755823
239 119 266 -0.900968867902419 0.43388373911755823
11 120 25 1. 0
48 120 62 1. 0
95 120 119 1. 0
96 120 120 1. 0
97 120 123 0.900968867902419 0.43388373911755823
167 120 194 -0.6370811961317672 0.3068021341766003
167 120 195 0.6370811961317672 -0.3068021341766003
168 120 197 -0.900968867902419 0.43388373911755823
240 120 265 -0.900968867902419 0.43388373911755823
241 120 266 -0.900968867902419 0.43388373911755823
12 121 23 1.4142135623730951 0
12 122 23 1.4142135623730951 0
13 121 24 1.4142135623730951 0
13 122 24 -1.4142135623730951 0
49 121 60 1.4142135623730951 0
49 122 60 -1.4142135623730951 0
50 121 61 1.4142135623730951 0
50 122 61 1.4142135623730951 0
98 121 121 1. 0
98 122 122 1. 0
99 121 121 1. 0
99 122 122 1. 0
100 121 122 1.4142135623730951 0
100 122 121 1.4142135623730951 0
170 121 194 1. 0
170 121 195 1. 0
170 122 196 1.4142135623730951 0
171 121 196 1.4142135623730951 0
171 122 194 1. 0
171 122 195 1. 0
245 121 268 1.4142135623730951 0
245 122 267 1.4142135623730951 0
246 121 267 1.4142135623730951 0
246 122 268 1.4142135623730951 0
17 123 25 -1.2741623922635346 0.6136042683532007
54 123 62 1.2741623922635346 -0.6136042683532007
106 123 119 -1.2741623922635346 0.6136042683532007
107 123 120 -1.2741623922635346 0.6136042683532007
109 123 123 1. 0
110 123 123 1. 0
181 123 194 -1. 0
181 123 195 1. 0
182 123 197 -0.31469212271294755 -1.378756275743621
253 123 265 0.31469212271294755 1.378756275743621
254 123 266 1.4142135623730951 0
10 124 26 1. 0
47 124 63 -1. 0
92 124 124 1. 0
93 124 125 -1. 0
94 124 128 -1. 0
165 124 199 1. 0
166 124 200 -0.7071067811865475 0
166 124 201 0.7071067811865475 0
238 124 271 -1. 0
239 124 273 -1. 0
11 125 26 -1. 0
48 125 63 1. 0
95 125 124 -1. 0
96 125 125 1. 0
97 125 128 1. 0
167 125 199 1. 0
168 125 200 -0.7071067811865475 0
168 125 201 0.7071067811865475 0
240 125 271 -1. 0
241 125 273 1. 0
14 126 27 -1.4142135623730951 0
51 126 64 -1.4142135623730951 0
98 126 126 1. 0
99 126 126 -1. 0
101 126 127 0.31469212271294755 1.378756275743621
169 126 198 -1.2741623922635346 0.6136042683532007
172 126 200 0.900968867902419 0.43388373911755823
172 126 201 0.900968867902419 0.43388373911755823
242 126 269 1.2741623922635346 -0.6136042683532007
243 126 270 -1.2741623922635346 0.6136042683532007
244 126 272 -1.2741623922635346 -0.6136042683532007
16 127 27 0.31469212271294755 -1.378756275743621
53 127 64 -0.31469212271294755 1.378756275743621
102 127 126 0.31469212271294755 -1.378756275743621
103 127 127 1. 0
104 127 127 -1. 0
175 127 198 1.2741623922635346 0.6136042683532007
177 127 200 -1. 0
177 127 201 -1. 0
247 127 269 -1.2741623922635346 -0.6136042683532007
248 127 270 -1.2741623922635346 -0.6136042683532007
250 127 272 -1.4142135623730951 0
17 128 26 1.4142135623730951 0
54 128 63 1.4142135623730951 0
106 128 124 1.4142135623730951 0
107 128 125 -1.4142135623730951 0
109 128 128 1. 0
110 128 128 1. 0
181 128 199 0.8817477337899349 1.1056766859965506
182 128 200 0.6234898018587336 -0.7818314824680298
182 128 201 -0.6234898018587336 0.7818314824680298
253 128 271 -0.8817477337899349 1.1056766859965506
254 128 273 -0.8817477337899349 -1.1056766859965506
14 129 28 1.4142135623730951 0
51 129 65 1.4142135623730951 0
98 129 129 1. 0
99 129 129 -1. 0
101 129 130 -1.4142135623730951 0
169 129 202 -1.4142135623730951 0
172 129 203 -0.8817477337899349 -1.1056766859965506
242 129 274 -1.4142135623730951 0
243 129 275 -1.4142135623730951 0
244 129 276 0.8817477337899349 -1.1056766859965506
16 130 28 1.4142135623730951 0
53 130 65 -1.4142135623730951 0
102 130 129 -1.4142135623730951 0
103 130 130 1. 0
104 130 130 -1. 0
175 130 202 0.8817477337899349 -1.1056766859965506
177 130 203 0.31469212271294755 -1.378756275743621
247 130 274 0.8817477337899349 -1.1056766859965506
248 130 275 -0.8817477337899349 1.1056766859965506
250 130 276 -1.4142135623730951 0
14 131 29 1.4142135623730951 0
51 131 66 1.4142135623730951 0
98 131 131 1. 0
99 131 131 -1. 0
101 131 132 -1.4142135623730951 0
169 131 204 1.4142135623730951 0
172 131 205 0.8817477337899349 1.1056766859965506
242 131 277 -1.4142135623730951 0
243 131 278 -1.4142135623730951 0
244 131 279 -0.8817477337899349 1.1056766859965506
16 132 29 1.4142135623730951 0
53 132 66 -1.4142135623730951 0
102 132 131 -1.4142135623730951 0
103 132 132 1. 0
104 132 132 -1. 0
175 132 204 -0.8817477337899349 1.1056766859965506
177 132 205 -0.31469212271294755 1.378756275743621
247 132 277 0.8817477337899349 -1.1056766859965506
248 132 278 -0.8817477337899349 1.1056766859965506
250 132 279 1.4142135623730951 0
10 133 30 1. 0
47 133 67 1. 0
92 133 133 1. 0
93 133 134 -1. 0
94 133 137 0.6234898018587336 -0.7818314824680298
165 133 209 1. 0
166 133 210 -1. 0
238 133 280 -0.7071067811865475 0
238 133 281 -0.7071067811865475 0
239 133 282 -0.22252093395631434 -0.9749279121818236
11 134 30 -1. 0
48 134 67 -1. 0
95 134 133 -1. 0
96 134 134 1. 0
97 134 137 -0.6234898018587336 0.7818314824680298
167 134 209 1. 0
168 134 210 -1. 0
240 134 280 -0.7071067811865475 0
240 134 281 -0.7071067811865475 0
241 134 282 0.22252093395631434 0.9749279121818236
15 135 31 1.4142135623730951 0
52 135 68 -1.4142135623730951 0
103 135 135 1. 0
104 135 135 1. 0
105 135 136 -1.4142135623730951 0
173 135 206 1.2741623922635346 -0.6136042683532007
174 135 207 1.2741623922635346 -0.6136042683532007
176 135 208 1.2741623922635346 -0.6136042683532007
249 135 280 0.900968867902419 -0.43388373911755823
249 135 281 -0.900968867902419 0.43388373911755823
251 135 283 1.4142135623730951 0
17 137 30 -0.8817477337899349 -1.1056766859965506
18 136 31 1.4142135623730951 0
54 137 67 0.8817477337899349 1.1056766859965506
55 136 68 1.4142135623730951 0
106 137 133 -0.8817477337899349 -1.1056766859965506
107 137 134 0.8817477337899349 1.1056766859965506
108 136 135 1.4142135623730951 0
109 136 136 1. 0
109 137 137 1. 0
110 136 136 -1. 0
110 137 137 1. 0
178 136 206 1.4142135623730951 0
179 136 207 1.4142135623730951 0
180 136 208 1.4142135623730951 0
181 137 209 0.31469212271294755 -1.378756275743621
182 137 210 -1.4142135623730951 0
252 136 280 1. 0
252 136 281 -1. 0
253 137 280 1. 0
253 137 281 1. 0
254 137 282 -1.4142135623730951 0
255 136 283 1.2741623922635346 0.6136042683532007
10 138 32 1. 0
47 138 69 -1. 0
92 138 138 1. 0
93 138 139 -1. 0
94 138 142 -1. 0
165 138 212 0.6234898018587336 -0.7818314824680298
166 138 214 0.6234898018587336 -0.7818314824680298
238 138 286 -1. 0
239 138 287 0.4408738668949674 -0.5528383429982752
239 138 288 -0.4408738668949674 0.5528383429982752
11 139 32 -1. 0
48 139 69 1. 0
95 139 138 -1. 0
96 139 139 1. 0
97 139 142 1. 0
167 139 212 0.6234898018587336 -0.7818314824680298
168 139 214 0.6234898018587336 -0.7818314824680298
240 139 286 -1. 0
241 139 287 -0.4408738668949674 0.5528383429982752
241 139 288 0.4408738668949674 -0.5528383429982752
14 140 33 1.2741623922635346 0.6136042683532007
51 140 70 -1.2741623922635346 -0.6136042683532007
98 140 140 1. 0
99 140 140 -1. 0
101 140 141 -1.2741623922635346 -0.6136042683532007
169 140 211 0.31469212271294755 -1.378756275743621
172 140 213 -1.2741623922635346 0.6136042683532007
242 140 284 -1.4142135623730951 0
243 140 285 -1.4142135623730951 0
244 140 287 0.900968867902419 -0.43388373911755823
244 140 288 0.900968867902419 -0.43388373911755823
16 141 33 1.4142135623730951 0
53 141 70 1.4142135623730951 0
102 141 140 -1.2741623922635346 0.6136042683532007
103 141 141 1. 0
104 141 141 -1. 0
175 141 211 1.2741623922635346 0.6136042683532007
177 141 213 -1.4142135623730951 0
247 141 284 0.31469212271294755 -1.378756275743621
248 141 285 -0.31469212271294755 1.378756275743621
250 141 287 -1. 0
250 141 288 -1. 0
17 142 32 1.4142135623730951 0
54 142 69 1.4142135623730951 0
106 142 138 1.4142135623730951 0
107 142 139 -1.4142135623730951 0
109 142 142 1. 0
110 142 142 1. 0
181 142 212 1.4142135623730951 0
182 142 214 0.31469212271294755 1.378756275743621
253 142 286 -0.8817477337899349 1.1056766859965506
254 142 287 1. 0
254 142 288 -1. 0
12 143 34 1.4142135623730951 0
12 144 34 1.4142135623730951 0
13 143 35 1.4142135623730951 0
13 144 35 -1.4142135623730951 0
49 143 71 1.4142135623730951 0
49 144 71 -1.4142135623730951 0
50 143 72 1.4142135623730951 0
50 144 72 1.4142135623730951 0
98 143 143 1. 0
98 144 144 1. 0
99 143 143 1. 0
99 144 144 1. 0
100 143 144 1.4142135623730951 0
100 144 143 1.4142135623730951 0
170 143 219 1.4142135623730951 0
170 144 218 1.4142135623730951 0
171 143 218 1.4142135623730951 0
171 144 219 1.4142135623730951 0
245 143 290 1. 0
245 143 291 1. 0
245 144 292 1.4142135623730951 0
246 143 292 1.4142135623730951 0
246 144 290 1. 0
246 144 291 1. 0
15 145 36 1.4142135623730951 0
52 145 73 1.4142135623730951 0
103 145 145 1. 0
104 145 145 1. 0
105 145 146 0.31469212271294755 -1.378756275743621
173 145 215 1.4142135623730951 0
174 145 216 -1.4142135623730951 0
176 145 217 1.4142135623730951 0
249 145 289 -0.31469212271294755 -1.378756275743621
251 145 290 1. 0
251 145 291 -1. 0
18 146 36 -0.31469212271294755 -1.378756275743621
55 146 73 0.31469212271294755 1.378756275743621
108 146 145 -0.31469212271294755 -1.378756275743621
109 146 146 1. 0
110 146 146 -1. 0
178 146 215 0.31469212271294755 -1.378756275743621
179 146 216 -0.31469212271294755 1.378756275743621
180 146 217 0.31469212271294755 -1.378756275743621
252 146 289 -1.4142135623730951 0
255 146 290 0.22252093395631434 -0.9749279121818236
255 146 291 -0.22252093395631434 0.9749279121818236
23 147 0 2. 0
61 147 37 2. 0
121 147 74 1.4142135623730951 0
122 147 74 1.4142135623730951 0
194 147 147 1. 0
195 147 147 1. 0
196 147 147 1.4142135623730951 0
267 147 220 1.4142135623730951 0
268 147 220 1.4142135623730951 0
24 148 1 -2. 0
60 148 38 -2. 0
121 148 75 -1.4142135623730951 0
122 148 75 1.4142135623730951 0
194 148 148 1. 0
195 148 148 1. 0
196 148 148 -1.4142135623730951 0
267 148 221 1.4142135623730951 0
268 148 221 -1.4142135623730951 0
25 149 2 1.2741623922635346 0.6136042683532007
62 149 39 1.2741623922635346 0.6136042683532007
119 149 76 1.2741623922635346 0.6136042683532007
120 149 77 1.2741623922635346 0.6136042683532007
123 149 78 1.4142135623730951 0
194 149 149 1. 0
195 149 149 -1. 0
197 149 150 -1.4142135623730951 0
265 149 222 0.8817477337899349 1.1056766859965506
266 149 223 1.4142135623730951 0
26 150 2 0.8817477337899349 1.1056766859965506
63 150 39 -0.8817477337899349 -1.1056766859965506
124 150 76 0.8817477337899349 1.1056766859965506
125 150 77 -0.8817477337899349 -1.1056766859965506
128 150 78 -0.8817477337899349 -1.1056766859965506
199 150 149 1.4142135623730951 0
200 150 150 1. 0
201 150 150 -1. 0
271 150 222 -0.8817477337899349 -1.1056766859965506
273 150 223 1.4142135623730951 0
19 151 3 1. 0
56 151 40 1. 0
111 151 79 1. 0
112 151 80 1. 0
183 151 151 1. 0
184 151 152 1. 0
185 151 153 1. 0
256 151 224 1. 0
257 151 225 0.900968867902419 0.43388373911755823
20 152 3 -1. 0
57 152 40 -1. 0
113 152 79 1. 0
114 152 80 -1. 0
186 152 151 1. 0
187 152 152 1. 0
188 152 153 1. 0
258 152 224 -1. 0
259 152 225 0.900968867902419 0.43388373911755823
21 153 3 1.2741623922635346 0.6136042683532007
58 153 40 -1.2741623922635346 -0.6136042683532007
117 153 79 1.2741623922635346 0.6136042683532007
118 153 80 -1.2741623922635346 -0.6136042683532007
189 153 151 1.4142135623730951 0
190 153 152 1.4142135623730951 0
191 153 153 1. 0
192 153 153 1. 0
262 153 224 1.4142135623730951 0
264 153 225 1.2741623922635346 0.6136042683532007
22 154 4 0.8817477337899349 1.1056766859965506
59 154 41 -0.8817477337899349 -1.1056766859965506
115 154 81 -1.4142135623730951 0
116 154 82 0.8817477337899349 1.1056766859965506
191 154 154 1. 0
192 154 154 -1. 0
193 154 155 -1.4142135623730951 0
260 154 226 1.4142135623730951 0
261 154 227 -1.4142135623730951 0
263 154 228 0.31469212271294755 1.378756275743621
27 155 4 1.2741623922635346 -0.6136042683532007
64 155 41 1.2741623922635346 -0.6136042683532007
126 155 81 1.2741623922635346 -0.6136042683532007
127 155 82 0.31469212271294755 1.378756275743621
198 155 154 1.4142135623730951 0
200 155 155 1. 0
201 155 155 1. 0
269 155 226 1.4142135623730951 0
270 155 227 -1.4142135623730951 0
272 155 228 -0.31469212271294755 -1.378756275743621
24 156 5 -2. 0
60 156 42 -2. 0
121 156 83 -1.4142135623730951 0
122 156 83 1.4142135623730951 0
194 156 156 1. 0
195 156 156 1. 0
196 156 156 -1.4142135623730951 0
267 156 229 1.4142135623730951 0
268 156 229 -1.4142135623730951 0
23 157 6 2. 0
61 157 43 2. 0
121 157 84 1.4142135623730951 0
122 157 84 1.4142135623730951 0
194 157 157 1. 0
195 157 157 1. 0
196 157 157 1.4142135623730951 0
267 157 230 1.4142135623730951 0
268 157 230 1.4142135623730951 0
25 158 7 -1.2741623922635346 -0.6136042683532007
62 158 44 -1.2741623922635346 -0.6136042683532007
119 158 85 -1.2741623922635346 -0.6136042683532007
120 158 86 -1.2741623922635346 -0.6136042683532007
123 158 87 1.4142135623730951 0
194 158 158 1. 0
195 158 158 -1. 0
197 158 159 1.4142135623730951 0
265 158 231 -0.8817477337899349 -1.1056766859965506
266 158 232 1.4142135623730951 0
26 159 7 0.8817477337899349 1.1056766859965506
63 159 44 -0.8817477337899349 -1.1056766859965506
124 159 85 0.8817477337899349 1.1056766859965506
125 159 86 -0.8817477337899349 -1.1056766859965506
128 159 87 0.8817477337899349 1.1056766859965506
199 159 158 -1.4142135623730951 0
200 159 159 1. 0
201 159 159 -1. 0
271 159 231 -0.8817477337899349 -1.1056766859965506
273 159 232 -1.4142135623730951 0
19 160 8 -1. 0
56 160 45 -1. 0
111 160 88 -1. 0
112 160 89 1. 0
183 160 160 1. 0
184 160 161 1. 0
185 160 162 -1. 0
256 160 233 1. 0
257 160 234 -0.900968867902419 -0.43388373911755823
20 161 8 1. 0
57 161 45 1. 0
113 161 88 -1. 0
114 161 89 -1. 0
186 161 160 1. 0
187 161 161 1. 0
188 161 162 -1. 0
258 161 233 -1. 0
259 161 234 -0.900968867902419 -0.43388373911755823
21 162 8 1.2741623922635346 0.6136042683532007
58 162 45 -1.2741623922635346 -0.6136042683532007
117 162 88 1.2741623922635346 0.6136042683532007
118 162 89 1.2741623922635346 0.6136042683532007
189 162 160 -1.4142135623730951 0
190 162 161 -1.4142135623730951 0
191 162 162 1. 0
192 162 162 1. 0
262 162 233 -1.4142135623730951 0
264 162 234 1.2741623922635346 0.6136042683532007
22 163 9 0.8817477337899349 1.1056766859965506
59 163 46 -0.8817477337899349 -1.1056766859965506
115 163 90 -1.4142135623730951 0
116 163 91 -0.8817477337899349 -1.1056766859965506
191 163 163 1. 0
192 163 163 -1. 0
193 163 164 1.4142135623730951 0
260 163 235 1.4142135623730951 0
261 163 236 -1.4142135623730951 0
263 163 237 -0.31469212271294755 -1.378756275743621
27 164 9 -1.2741623922635346 0.6136042683532007
64 164 46 -1.2741623922635346 0.6136042683532007
126 164 90 -1.2741623922635346 0.6136042683532007
127 164 91 0.31469212271294755 1.378756275743621
198 164 163 -1.4142135623730951 0
200 164 164 1. 0
201 164 164 1. 0
269 164 235 -1.4142135623730951 0
270 164 236 1.4142135623730951 0
272 164 237 -0.31469212271294755 -1.378756275743621
25 165 10 1.2741623922635346 -0.6136042683532007
62 165 47 1.2741623922635346 -0.6136042683532007
119 165 92 1.2741623922635346 -0.6136042683532007
120 165 93 1.2741623922635346 -0.6136042683532007
123 165 94 0.8817477337899349 -1.1056766859965506
194 165 165 1. 0
195 165 165 -1. 0
197 165 166 1.4142135623730951 0
265 165 238 1.4142135623730951 0
266 165 239 -1.4142135623730951 0
26 166 10 -1.4142135623730951 0
63 166 47 1.4142135623730951 0
124 166 92 -1.4142135623730951 0
125 166 93 1.4142135623730951 0
128 166 94 1.4142135623730951 0
199 166 165 -1.4142135623730951 0
200 166 166 1. 0
201 166 166 -1. 0
271 166 238 1.4142135623730951 0
273 166 239 1.4142135623730951 0
25 167 11 -1.2741623922635346 0.6136042683532007
62 167 48 -1.2741623922635346 0.6136042683532007
119 167 95 -1.2741623922635346 0.6136042683532007
120 167 96 -1.2741623922635346 0.6136042683532007
123 167 97 -0.8817477337899349 1.1056766859965506
194 167 167 1. 0
195 167 167 -1. 0
197 167 168 1.4142135623730951 0
265 167 240 1.4142135623730951 0
266 167 241 1.4142135623730951 0
26 168 11 1.4142135623730951 0
63 168 48 -1.4142135623730951 0
124 168 95 1.4142135623730951 0
125 168 96 -1.4142135623730951 0
128 168 97 -1.4142135623730951 0
199 168 167 -1.4142135623730951 0
200 168 168 1. 0
201 168 168 -1. 0
271 168 240 1.4142135623730951 0
273 168 241 -1.4142135623730951 0
22 169 14 0.8817477337899349 1.1056766859965506
59 169 51 -0.8817477337899349 -1.1056766859965506
115 169 98 1. 0
115 169 99 -1. 0
116 169 101 0.8817477337899349 1.1056766859965506
191 169 169 1. 0
192 169 169 -1. 0
193 169 172 0.8817477337899349 -1.1056766859965506
260 169 242 -1.4142135623730951 0
261 169 243 1.4142135623730951 0
263 169 244 -0.8817477337899349 1.1056766859965506
23 170 12 1.4142135623730951 0
23 171 12 1.4142135623730951 0
24 170 13 1.4142135623730951 0
24 171 13 -1.4142135623730951 0
60 170 49 1.4142135623730951 0
60 171 49 -1.4142135623730951 0
61 170 50 1.4142135623730951 0
61 171 50 1.4142135623730951 0
121 170 98 1. 0
121 170 99 1. 0
121 171 100 1.4142135623730951 0
122 170 100 1.4142135623730951 0
122 171 98 1. 0
122 171 99 1. 0
194 170 170 1. 0
194 171 171 1. 0
195 170 170 1. 0
195 171 171 1. 0
196 170 171 1.4142135623730951 0
196 171 170 1.4142135623730951 0
267 170 246 1.4142135623730951 0
267 171 245 1.4142135623730951 0
268 170 245 1.4142135623730951 0
268 171 246 1.4142135623730951 0
27 172 14 -1.2741623922635346 -0.6136042683532007
64 172 51 -1.2741623922635346 -0.6136042683532007
126 172 98 0.900968867902419 0.43388373911755823
126 172 99 -0.900968867902419 -0.43388373911755823
127 172 101 0.8817477337899349 -1.1056766859965506
198 172 169 -0.8817477337899349 -1.1056766859965506
200 172 172 1. 0
201 172 172 1. 0
269 172 242 0.8817477337899349 1.1056766859965506
270 172 243 -0.8817477337899349 -1.1056766859965506
272 172 244 -1.4142135623730951 0
19 173 15 0.900968867902419 -0.43388373911755823
56 173 52 0.900968867902419 -0.43388373911755823
111 173 103 0.6370811961317672 -0.3068021341766003
111 173 104 0.6370811961317672 -0.3068021341766003
112 173 105 0.900968867902419 -0.43388373911755823
183 173 173 1. 0
184 173 174 -1. 0
185 173 176 1. 0
256 173 249 -1. 0
257 173 251 1. 0
20 174 15 0.900968867902419 -0.43388373911755823
57 174 52 0.900968867902419 -0.43388373911755823
113 174 103 -0.6370811961317672 0.3068021341766003
113 174 104 -0.6370811961317672 0.3068021341766003
114 174 105 0.900968867902419 -0.43388373911755823
186 174 173 -1. 0
187 174 174 1. 0
188 174 176 -1. 0
258 174 249 -1. 0
259 174 251 -1. 0
21 176 15 1.4142135623730951 0
22 175 16 -1.4142135623730951 0
58 176 52 -1.4142135623730951 0
59 175 53 -1.4142135623730951 0
115 175 102 0.8817477337899349 -1.1056766859965506
116 175 103 1. 0
116 175 104 -1. 0
117 176 103 1. 0
117 176 104 1. 0
118 176 105 -1.4142135623730951 0
189 176 173 1.4142135623730951 0
190 176 174 -1.4142135623730951 0
191 175 175 1. 0
191 176 176 1. 0
192 175 175 -1. 0
192 176 176 1. 0
193 175 177 1.2741623922635346 0.6136042683532007
260 175 247 -1.4142135623730951 0
261 175 248 -1.4142135623730951 0
262 176 249 -1.4142135623730951 0
263 175 250 1.2741623922635346 0.6136042683532007
264 176 251 1.4142135623730951 0
27 177 16 -0.31469212271294755 -1.378756275743621
64 177 53 0.31469212271294755 1.378756275743621
126 177 102 -0.31469212271294755 -1.378756275743621
127 177 103 -1. 0
127 177 104 1. 0
198 177 175 -1.2741623922635346 0.6136042683532007
200 177 177 1. 0
201 177 177 1. 0
269 177 247 1.2741623922635346 -0.6136042683532007
270 177 248 1.2741623922635346 -0.6136042683532007
272 177 250 1.4142135623730951 0
19 178 18 1. 0
56 178 55 -1. 0
111 178 108 1. 0
112 178 109 -0.7071067811865475 0
112 178 110 0.7071067811865475 0
183 178 178 1. 0
184 178 179 -1. 0
185 178 180 1. 0
256 178 252 -1. 0
257 178 255 1. 0
20 179 18 1. 0
57 179 55 -1. 0
113 179 108 -1. 0
114 179 109 -0.7071067811865475 0
114 179 110 0.7071067811865475 0
186 179 178 -1. 0
187 179 179 1. 0
188 179 180 -1. 0
258 179 252 -1. 0
259 179 255 -1. 0
21 180 18 1.2741623922635346 0.6136042683532007
58 180 55 1.2741623922635346 0.6136042683532007
117 180 108 1.2741623922635346 0.6136042683532007
118 180 109 0.900968867902419 0.43388373911755823
118 180 110 -0.900968867902419 -0.43388373911755823
189 180 178 1.4142135623730951 0
190 180 179 -1.4142135623730951 0
191 180 180 1. 0
192 180 180 1. 0
262 180 252 -1.4142135623730951 0
264 180 255 1.4142135623730951 0
25 181 17 1.2741623922635346 0.6136042683532007
62 181 54 -1.2741623922635346 -0.6136042683532007
119 181 106 1.2741623922635346 0.6136042683532007
120 181 107 1.2741623922635346 0.6136042683532007
123 181 109 -1. 0
123 181 110 -1. 0
194 181 181 1. 0
195 181 181 -1. 0
197 181 182 0.31469212271294755 -1.378756275743621
265 181 253 -0.31469212271294755 1.378756275743621
266 181 254 -1.4142135623730951 0
26 182 17 0.8817477337899349 -1.1056766859965506
63 182 54 0.8817477337899349 -1.1056766859965506
124 182 106 0.8817477337899349 -1.1056766859965506
125 182 107 -0.8817477337899349 1.1056766859965506
128 182 109 0.6234898018587336 -0.7818314824680298
128 182 110 0.6234898018587336 -0.7818314824680298
199 182 181 -0.31469212271294755 -1.378756275743621
200 182 182 1. 0
201 182 182 -1. 0
271 182 253 -1.4142135623730951 0
273 182 254 0.31469212271294755 1.378756275743621
19 183 19 1. 0
56 183 56 1. 0
111 183 111 1. 0
112 183 112 1. 0
183 183 183 1. 0
184 183 184 1. 0
185 183 185 1. 0
256 183 256 1. 0
257 183 257 1. 0
20 184 19 -1. 0
57 184 56 -1. 0
113 184 111 1. 0
114 184 112 -1. 0
186 184 183 1. 0
187 184 184 1. 0
188 184 185 1. 0
258 184 256 -1. 0
259 184 257 1. 0
21 185 19 1.2741623922635346 0.6136042683532007
58 185 56 -1.2741623922635346 -0.6136042683532007
117 185 111 1.2741623922635346 0.6136042683532007
118 185 112 -1.2741623922635346 -0.6136042683532007
189 185 183 1.4142135623730951 0
190 185 184 1.4142135623730951 0
191 185 185 1. 0
192 185 185 1. 0
262 185 256 1.4142135623730951 0
264 185 257 1.4142135623730951 0
19 186 20 -1. 0
56 186 57 -1. 0
111 186 113 1. 0
112 186 114 -1. 0
183 186 186 1. 0
184 186 187 1. 0
185 186 188 1. 0
256 186 258 -1. 0
257 186 259 1. 0
20 187 20 1. 0
57 187 57 1. 0
113 187 113 1. 0
114 187 114 1. 0
186 187 186 1. 0
187 187 187 1. 0
188 187 188 1. 0
258 187 258 1. 0
259 187 259 1. 0
21 188 20 -1.2741623922635346 -0.6136042683532007
58 188 57 1.2741623922635346 0.6136042683532007
117 188 113 1.2741623922635346 0.6136042683532007
118 188 114 1.2741623922635346 0.6136042683532007
189 188 186 1.4142135623730951 0
190 188 187 1.4142135623730951 0
191 188 188 1. 0
192 188 188 1. 0
262 188 258 -1.4142135623730951 0
264 188 259 1.4142135623730951 0
19 189 21 0.900968867902419 -0.43388373911755823
56 189 58 -0.900968867902419 0.43388373911755823
111 189 117 0.900968867902419 -0.43388373911755823
112 189 118 -0.900968867902419 0.43388373911755823
183 189 189 1. 0
184 189 190 1. 0
185 189 191 0.7071067811865475 0
185 189 192 0.7071067811865475 0
256 189 262 1. 0
257 189 264 1. 0
20 190 21 -0.900968867902419 0.43388373911755823
57 190 58 0.900968867902419 -0.43388373911755823
113 190 117 0.900968867902419 -0.43388373911755823
114 190 118 0.900968867902419 -0.43388373911755823
186 190 189 1. 0
187 190 190 1. 0
188 190 191 0.7071067811865475 0
188 190 192 0.7071067811865475 0
258 190 262 -1. 0
259 190 264 1. 0
21 191 21 1. 0
21 192 21 1. 0
22 191 22 1. 0
22 192 22 -1. 0
58 191 58 1. 0
58 192 58 1. 0
59 191 59 1. 0
59 192 59 -1. 0
115 191 115 1. 0
115 192 115 -1. 0
116 191 116 1. 0
116 192 116 -1. 0
117 191 117 1. 0
117 192 117 1. 0
118 191 118 1. 0
118 192 118 1. 0
189 191 189 1. 0
189 192 189 1. 0
190 191 190 1. 0
190 192 190 1. 0
191 191 191 1. 0
191 192 192 1. 0
192 191 192 1. 0
192 192 191 1. 0
193 191 193 1. 0
193 192 193 -1. 0
260 191 260 1. 0
260 192 260 -1. 0
261 191 261 1. 0
261 192 261 -1. 0
262 191 262 1. 0
262 192 262 1. 0
263 191 263 1. 0
263 192 263 -1. 0
264 191 264 1. 0
264 192 264 1. 0
27 193 22 -0.31469212271294755 1.378756275743621
64 193 59 0.31469212271294755 -1.378756275743621
126 193 115 1.2741623922635346 -0.6136042683532007
127 193 116 -1.2741623922635346 -0.6136042683532007
198 193 191 -1. 0
198 193 192 1. 0
200 193 193 1. 0
201 193 193 1. 0
269 193 260 -1.4142135623730951 0
270 193 261 -1.4142135623730951 0
272 193 263 1.4142135623730951 0
23 194 23 1. 0
23 195 23 1. 0
23 196 23 1.4142135623730951 0
24 194 24 1. 0
24 195 24 1. 0
24 196 24 -1.4142135623730951 0
25 194 25 1. 0
25 195 25 -1. 0
60 194 60 1. 0
60 195 60 1. 0
60 196 60 -1.4142135623730951 0
61 194 61 1. 0
61 195 61 1. 0
61 196 61 1.4142135623730951 0
62 194 62 1. 0
62 195 62 -1. 0
119 194 119 1. 0
119 195 119 -1. 0
120 194 120 1. 0
120 195 120 -1. 0
121 194 121 1. 0
121 195 121 1. 0
121 196 122 1.4142135623730951 0
122 194 122 1. 0
122 195 122 1. 0
122 196 121 1.4142135623730951 0
123 194 123 1. 0
123 195 123 -1. 0
194 194 194 1. 0
194 195 195 1. 0
194 196 196 1. 0
195 194 195 1. 0
195 195 194 1. 0
195 196 196 1. 0
196 194 196 1. 0
196 195 196 1. 0
196 196 194 1. 0
196 196 195 1. 0
197 194 197 1. 0
197 195 197 -1. 0
265 194 265 1. 0
265 195 265 -1. 0
266 194 266 1. 0
266 195 266 -1. 0
267 194 267 1. 0
267 195 267 1. 0
267 196 268 1.4142135623730951 0
268 194 268 1. 0
268 195 268 1. 0
268 196 267 1.4142135623730951 0
26 197 25 -1.2741623922635346 -0.6136042683532007
63 197 62 1.2741623922635346 0.6136042683532007
124 197 119 -1.2741623922635346 -0.6136042683532007
125 197 120 1.2741623922635346 0.6136042683532007
128 197 123 0.8817477337899349 1.1056766859965506
199 197 194 -1. 0
199 197 195 1. 0
200 197 197 1. 0
201 197 197 -1. 0
271 197 265 1.4142135623730951 0
273 197 266 -1.4142135623730951 0
22 198 27 0.31469212271294755 1.378756275743621
59 198 64 -0.31469212271294755 -1.378756275743621
115 198 126 -1.2741623922635346 -0.6136042683532007
116 198 127 1.2741623922635346 -0.6136042683532007
191 198 198 1. 0
192 198 198 -1. 0
193 198 200 -1. 0
193 198 201 -1. 0
260 198 269 1.4142135623730951 0
261 198 270 1.4142135623730951 0
263 198 272 -1.4142135623730951 0
25 199 26 1.2741623922635346 -0.6136042683532007
62 199 63 -1.2741623922635346 0.6136042683532007
119 199 124 1.2741623922635346 -0.6136042683532007
120 199 125 -1.2741623922635346 0.6136042683532007
123 199 128 -0.8817477337899349 1.1056766859965506
194 199 199 1. 0
195 199 199 -1. 0
197 199 200 -1. 0
197 199 201 1. 0
265 199 271 -1.4142135623730951 0
266 199 273 1.4142135623730951 0
26 200 26 1. 0
26 201 26 -1. 0
27 200 27 1. 0
27 201 27 1. 0
63 200 63 1. 0
63 201 63 -1. 0
64 200 64 1. 0
64 201 64 1. 0
124 200 124 1. 0
124 201 124 -1. 0
125 200 125 1. 0
125 201 125 -1. 0
126 200 126 1. 0
126 201 126 1. 0
127 200 127 1. 0
127 201 127 1. 0
128 200 128 1. 0
128 201 128 -1. 0
198 200 198 1. 0
198 201 198 1. 0
199 200 199 1. 0
199 201 199 -1. 0
200 200 200 1. 0
200 201 201 1. 0
201 200 201 1. 0
201 201 200 1. 0
269 200 269 1. 0
269 201 269 1. 0
270 200 270 1. 0
270 201 270 1. 0
271 200 271 1. 0
271 201 271 -1. 0
272 200 272 1. 0
272 201 272 1. 0
273 200 273 1. 0
273 201 273 -1. 0
22 202 28 -0.8817477337899349 -1.1056766859965506
59 202 65 0.8817477337899349 1.1056766859965506
115 202 129 -1.4142135623730951 0
116 202 130 0.8817477337899349 1.1056766859965506
191 202 202 1. 0
192 202 202 -1. 0
193 202 203 1.4142135623730951 0
260 202 274 -1.4142135623730951 0
261 202 275 1.4142135623730951 0
263 202 276 -0.31469212271294755 -1.378756275743621
27 203 28 1.2741623922635346 -0.6136042683532007
64 203 65 1.2741623922635346 -0.6136042683532007
126 203 129 -1.2741623922635346 0.6136042683532007
127 203 130 -0.31469212271294755 -1.378756275743621
198 203 202 -1.4142135623730951 0
200 203 203 1. 0
201 203 203 1. 0
269 203 274 1.4142135623730951 0
270 203 275 -1.4142135623730951 0
272 203 276 -0.31469212271294755 -1.378756275743621
22 204 29 0.8817477337899349 1.1056766859965506
59 204 66 -0.8817477337899349 -1.1056766859965506
115 204 131 1.4142135623730951 0
116 204 132 -0.8817477337899349 -1.1056766859965506
191 204 204 1. 0
192 204 204 -1. 0
193 204 205 1.4142135623730951 0
260 204 277 1.4142135623730951 0
261 204 278 -1.4142135623730951 0
263 204 279 -0.31469212271294755 -1.378756275743621
27 205 29 -1.2741623922635346 0.6136042683532007
64 205 66 -1.2741623922635346 0.6136042683532007
126 205 131 1.2741623922635346 -0.6136042683532007
127 205 132 0.31469212271294755 1.378756275743621
198 205 204 -1.4142135623730951 0
200 205 205 1. 0
201 205 205 1. 0
269 205 277 -1.4142135623730951 0
270 205 278 1.4142135623730951 0
272 205 279 -0.31469212271294755 -1.378756275743621
19 206 31 1. 0
56 206 68 -1. 0
111 206 135 1. 0
112 206 136 -1. 0
183 206 206 1. 0
184 206 207 -1. 0
185 206 208 1. 0
256 206 280 -0.7071067811865475 0
256 206 281 0.7071067811865475 0
257 206 283 0.900968867902419 0.43388373911755823
20 207 31 1. 0
57 207 68 -1. 0
113 207 135 -1. 0
114 207 136 -1. 0
186 207 206 -1. 0
187 207 207 1. 0
188 207 208 -1. 0
258 207 280 -0.7071067811865475 0
258 207 281 0.7071067811865475 0
259 207 283 -0.900968867902419 -0.43388373911755823
21 208 31 1.2741623922635346 0.6136042683532007
58 208 68 1.2741623922635346 0.6136042683532007
117 208 135 1.2741623922635346 0.6136042683532007
118 208 136 1.2741623922635346 0.6136042683532007
189 208 206 1.4142135623730951 0
190 208 207 -1.4142135623730951 0
191 208 208 1. 0
192 208 208 1. 0
262 208 280 -1. 0
262 208 281 1. 0
264 208 283 1.2741623922635346 0.6136042683532007
25 209 30 1.2741623922635346 -0.6136042683532007
62 209 67 1.2741623922635346 -0.6136042683532007
119 209 133 1.2741623922635346 -0.6136042683532007
120 209 134 -1.2741623922635346 0.6136042683532007
123 209 137 -0.31469212271294755 -1.378756275743621
194 209 209 1. 0
195 209 209 -1. 0
197 209 210 -1.4142135623730951 0
265 209 280 -1. 0
265 209 281 -1. 0
266 209 282 0.31469212271294755 1.378756275743621
26 210 30 1.4142135623730951 0
63 210 67 -1.4142135623730951 0
124 210 133 1.4142135623730951 0
125 210 134 1.4142135623730951 0
128 210 137 -0.8817477337899349 1.1056766859965506
199 210 209 1.4142135623730951 0
200 210 210 1. 0
201 210 210 -1. 0
271 210 280 1. 0
271 210 281 1. 0
273 210 282 0.31469212271294755 1.378756275743621
22 211 33 -1.2741623922635346 0.6136042683532007
59 211 70 -1.2741623922635346 0.6136042683532007
115 211 140 0.31469212271294755 1.378756275743621
116 211 141 1.2741623922635346 -0.6136042683532007
191 211 211 1. 0
192 211 211 -1. 0
193 211 213 -1.4142135623730951 0
260 211 284 0.31469212271294755 1.378756275743621
261 211 285 -0.31469212271294755 -1.378756275743621
263 211 287 -1. 0
263 211 288 -1. 0
25 212 32 1.2741623922635346 0.6136042683532007
62 212 69 -1.2741623922635346 -0.6136042683532007
119 212 138 1.2741623922635346 0.6136042683532007
120 212 139 -1.2741623922635346 -0.6136042683532007
123 212 142 -1.4142135623730951 0
194 212 212 1. 0
195 212 212 -1. 0
197 212 214 1.4142135623730951 0
265 212 286 -0.8817477337899349 -1.1056766859965506
266 212 287 -1. 0
266 212 288 1. 0
26 214 32 -0.8817477337899349 -1.1056766859965506
27 213 33 0.31469212271294755 1.378756275743621
63 214 69 -0.8817477337899349 -1.1056766859965506
64 213 70 -0.31469212271294755 -1.378756275743621
124 214 138 -0.8817477337899349 -1.1056766859965506
125 214 139 -0.8817477337899349 -1.1056766859965506
126 213 140 -0.8817477337899349 -1.1056766859965506
127 213 141 1.4142135623730951 0
128 214 142 -0.8817477337899349 -1.1056766859965506
198 213 211 1.4142135623730951 0
199 214 212 -1.4142135623730951 0
200 213 213 1. 0
200 214 214 1. 0
201 213 213 1. 0
201 214 214 -1. 0
269 213 284 0.31469212271294755 1.378756275743621
270 213 285 -0.31469212271294755 -1.378756275743621
271 214 286 -0.8817477337899349 -1.1056766859965506
272 213 287 1. 0
272 213 288 1. 0
273 214 287 1. 0
273 214 288 -1. 0
19 215 36 0.900968867902419 -0.43388373911755823
56 215 73 0.900968867902419 -0.43388373911755823
111 215 145 0.900968867902419 -0.43388373911755823
112 215 146 -0.22252093395631434 -0.9749279121818236
183 215 215 1. 0
184 215 216 1. 0
185 215 217 1. 0
256 215 289 0.22252093395631434 0.9749279121818236
257 215 290 0.7071067811865475 0
257 215 291 -0.7071067811865475 0
20 216 36 -0.900968867902419 0.43388373911755823
57 216 73 -0.900968867902419 0.43388373911755823
113 216 145 0.900968867902419 -0.43388373911755823
114 216 146 0.22252093395631434 0.9749279121818236
186 216 215 1. 0
187 216 216 1. 0
188 216 217 1. 0
258 216 289 -0.22252093395631434 -0.9749279121818236
259 216 290 0.7071067811865475 0
259 216 291 -0.7071067811865475 0
21 217 36 1.4142135623730951 0
58 217 73 -1.4142135623730951 0
117 217 145 1.4142135623730951 0
118 217 146 -0.31469212271294755 1.378756275743621
189 217 215 1.4142135623730951 0
190 217 216 1.4142135623730951 0
191 217 217 1. 0
192 217 217 1. 0
262 217 289 0.31469212271294755 1.378756275743621
264 217 290 1. 0
264 217 291 -1. 0
23 218 34 1.4142135623730951 0
23 219 34 1.4142135623730951 0
24 218 35 -1.4142135623730951 0
24 219 35 1.4142135623730951 0
60 218 71 -1.4142135623730951 0
60 219 71 1.4142135623730951 0
61 218 72 1.4142135623730951 0
61 219 72 1.4142135623730951 0
121 218 144 1.4142135623730951 0
121 219 143 1.4142135623730951 0
122 218 143 1.4142135623730951 0
122 219 144 1.4142135623730951 0
194 218 218 1. 0
194 219 219 1. 0
195 218 218 1. 0
195 219 219 1. 0
196 218 219 1.4142135623730951 0
196 219 218 1.4142135623730951 0
267 218 290 1. 0
267 218 291 1. 0
267 219 292 1.4142135623730951 0
268 218 292 1.4142135623730951 0
268 219 290 1. 0
268 219 291 1. 0
34 220 0 2. 0
72 220 37 2. 0
143 220 74 1.4142135623730951 0
144 220 74 1.4142135623730951 0
218 220 147 1.4142135623730951 0
219 220 147 1.4142135623730951 0
290 220 220 1. 0
291 220 220 1. 0
292 220 220 1.4142135623730951 0
35 221 1 2. 0
71 221 38 2. 0
143 221 75 1.4142135623730951 0
144 221 75 -1.4142135623730951 0
218 221 148 1.4142135623730951 0
219 221 148 -1.4142135623730951 0
290 221 221 1. 0
291 221 221 1. 0
292 221 221 -1.4142135623730951 0
30 222 2 -1.4142135623730951 0
67 222 39 -1.4142135623730951 0
133 222 76 -1.4142135623730951 0
134 222 77 1.4142135623730951 0
137 222 78 -0.8817477337899349 -1.1056766859965506
209 222 149 -0.8817477337899349 1.1056766859965506
210 222 150 -0.8817477337899349 1.1056766859965506
280 222 222 1. 0
281 222 222 1. 0
282 222 223 0.8817477337899349 1.1056766859965506
32 223 2 -1.4142135623730951 0
69 223 39 1.4142135623730951 0
138 223 76 -1.4142135623730951 0
139 223 77 1.4142135623730951 0
142 223 78 1.4142135623730951 0
212 223 149 -1.4142135623730951 0
214 223 150 1.4142135623730951 0
286 223 222 1.4142135623730951 0
287 223 223 1. 0
288 223 223 -1. 0
31 224 3 -1.4142135623730951 0
68 224 40 1.4142135623730951 0
135 224 79 -1.4142135623730951 0
136 224 80 1.4142135623730951 0
206 224 151 -1.4142135623730951 0
207 224 152 1.4142135623730951 0
208 224 153 -1.4142135623730951 0
280 224 224 1. 0
281 224 224 -1. 0
283 224 225 -1.4142135623730951 0
36 225 3 1.4142135623730951 0
73 225 40 1.4142135623730951 0
145 225 79 1.4142135623730951 0
146 225 80 0.31469212271294755 1.378756275743621
215 225 151 1.2741623922635346 -0.6136042683532007
216 225 152 1.2741623922635346 -0.6136042683532007
217 225 153 1.2741623922635346 -0.6136042683532007
289 225 224 -0.31469212271294755 -1.378756275743621
290 225 225 1. 0
291 225 225 -1. 0
28 226 4 1. 0
65 226 41 1. 0
129 226 81 -1. 0
130 226 82 -1. 0
202 226 154 -1. 0
203 226 155 1. 0
274 226 226 1. 0
275 226 227 1. 0
276 226 228 1. 0
29 227 4 1. 0
66 227 41 1. 0
131 227 81 -1. 0
132 227 82 -1. 0
204 227 154 1. 0
205 227 155 -1. 0
277 227 226 1. 0
278 227 227 1. 0
279 227 228 -1. 0
33 228 4 1.4142135623730951 0
70 228 41 -1.4142135623730951 0
140 228 81 -1.2741623922635346 -0.6136042683532007
141 228 82 -1.4142135623730951 0
211 228 154 -0.31469212271294755 1.378756275743621
213 228 155 -0.31469212271294755 1.378756275743621
284 228 226 1.2741623922635346 0.6136042683532007
285 228 227 1.2741623922635346 0.6136042683532007
287 228 228 1. 0
288 228 228 1. 0
35 229 5 2. 0
71 229 42 2. 0
143 229 83 1.4142135623730951 0
144 229 83 -1.4142135623730951 0
218 229 156 1.4142135623730951 0
219 229 156 -1.4142135623730951 0
290 229 229 1. 0
291 229 229 1. 0
292 229 229 -1.4142135623730951 0
34 230 6 2. 0
72 230 43 2. 0
143 230 84 1.4142135623730951 0
144 230 84 1.4142135623730951 0
218 230 157 1.4142135623730951 0
219 230 157 1.4142135623730951 0
290 230 230 1. 0
291 230 230 1. 0
292 230 230 1.4142135623730951 0
30 231 7 -1.4142135623730951 0
67 231 44 -1.4142135623730951 0
133 231 85 -1.4142135623730951 0
134 231 86 1.4142135623730951 0
137 231 87 0.8817477337899349 1.1056766859965506
209 231 158 0.8817477337899349 -1.1056766859965506
210 231 159 -0.8817477337899349 1.1056766859965506
280 231 231 1. 0
281 231 231 1. 0
282 231 232 -0.8817477337899349 -1.1056766859965506
32 232 7 1.4142135623730951 0
69 232 44 -1.4142135623730951 0
138 232 85 1.4142135623730951 0
139 232 86 -1.4142135623730951 0
142 232 87 1.4142135623730951 0
212 232 158 -1.4142135623730951 0
214 232 159 -1.4142135623730951 0
286 232 231 -1.4142135623730951 0
287 232 232 1. 0
288 232 232 -1. 0
31 233 8 1.4142135623730951 0
68 233 45 -1.4142135623730951 0
135 233 88 1.4142135623730951 0
136 233 89 1.4142135623730951 0
206 233 160 -1.4142135623730951 0
207 233 161 1.4142135623730951 0
208 233 162 1.4142135623730951 0
280 233 233 1. 0
281 233 233 -1. 0
283 233 234 1.4142135623730951 0
36 234 8 1.4142135623730951 0
73 234 45 1.4142135623730951 0
145 234 88 1.4142135623730951 0
146 234 89 -0.31469212271294755 -1.378756275743621
215 234 160 -1.2741623922635346 0.6136042683532007
216 234 161 -1.2741623922635346 0.6136042683532007
217 234 162 1.2741623922635346 -0.6136042683532007
289 234 233 0.31469212271294755 1.378756275743621
290 234 234 1. 0
291 234 234 -1. 0
28 235 9 1. 0
65 235 46 1. 0
129 235 90 -1. 0
130 235 91 1. 0
202 235 163 -1. 0
203 235 164 -1. 0
274 235 235 1. 0
275 235 236 1. 0
276 235 237 -1. 0
29 236 9 1. 0
66 236 46 1. 0
131 236 90 -1. 0
132 236 91 1. 0
204 236 163 1. 0
205 236 164 1. 0
277 236 235 1. 0
278 236 236 1. 0
279 236 237 1. 0
33 237 9 -1.4142135623730951 0
70 237 46 1.4142135623730951 0
140 237 90 1.2741623922635346 0.6136042683532007
141 237 91 -1.4142135623730951 0
211 237 163 0.31469212271294755 -1.378756275743621
213 237 164 -0.31469212271294755 1.378756275743621
284 237 235 -1.2741623922635346 -0.6136042683532007
285 237 236 -1.2741623922635346 -0.6136042683532007
287 237 237 1. 0
288 237 237 1. 0
30 238 10 -1.4142135623730951 0
67 238 47 -1.4142135623730951 0
133 238 92 -1.4142135623730951 0
134 238 93 1.4142135623730951 0
137 238 94 -0.8817477337899349 -1.1056766859965506
209 238 165 -1.4142135623730951 0
210 238 166 1.4142135623730951 0
280 238 238 1. 0
281 238 238 1. 0
282 238 239 0.31469212271294755 -1.378756275743621
32 239 10 0.8817477337899349 -1.1056766859965506
69 239 47 -0.8817477337899349 1.1056766859965506
138 239 92 0.8817477337899349 -1.1056766859965506
139 239 93 -0.8817477337899349 1.1056766859965506
142 239 94 -0.8817477337899349 1.1056766859965506
212 239 165 1.4142135623730951 0
214 239 166 1.4142135623730951 0
286 239 238 -0.8817477337899349 1.1056766859965506
287 239 239 1. 0
288 239 239 -1. 0
30 240 11 1.4142135623730951 0
67 240 48 1.4142135623730951 0
133 240 95 1.4142135623730951 0
134 240 96 -1.4142135623730951 0
137 240 97 0.8817477337899349 1.1056766859965506
209 240 167 -1.4142135623730951 0
210 240 168 1.4142135623730951 0
280 240 240 1. 0
281 240 240 1. 0
282 240 241 -0.31469212271294755 1.378756275743621
32 241 11 0.8817477337899349 -1.1056766859965506
69 241 48 -0.8817477337899349 1.1056766859965506
138 241 95 0.8817477337899349 -1.1056766859965506
139 241 96 -0.8817477337899349 1.1056766859965506
142 241 97 -0.8817477337899349 1.1056766859965506
212 241 167 -1.4142135623730951 0
214 241 168 -1.4142135623730951 0
286 241 240 0.8817477337899349 -1.1056766859965506
287 241 241 1. 0
288 241 241 -1. 0
28 242 14 -1. 0
65 242 51 -1. 0
129 242 98 -0.7071067811865475 0
129 242 99 0.7071067811865475 0
130 242 101 1. 0
202 242 169 1. 0
203 242 172 0.6234898018587336 -0.7818314824680298
274 242 242 1. 0
275 242 243 1. 0
276 242 244 -0.6234898018587336 -0.7818314824680298
29 243 14 -1. 0
66 243 51 -1. 0
131 243 98 -0.7071067811865475 0
131 243 99 0.7071067811865475 0
132 243 101 1. 0
204 243 169 -1. 0
205 243 172 -0.6234898018587336 0.7818314824680298
277 243 242 1. 0
278 243 243 1. 0
279 243 244 0.6234898018587336 0.7818314824680298
33 244 14 0.8817477337899349 -1.1056766859965506
70 244 51 -0.8817477337899349 1.1056766859965506
140 244 98 0.900968867902419 -0.43388373911755823
140 244 99 -0.900968867902419 0.43388373911755823
141 244 101 -0.8817477337899349 1.1056766859965506
211 244 169 0.8817477337899349 1.1056766859965506
213 244 172 -1.4142135623730951 0
284 244 242 -1.2741623922635346 0.6136042683532007
285 244 243 -1.2741623922635346 0.6136042683532007
287 244 244 1. 0
288 244 244 1. 0
34 245 12 1.4142135623730951 0
34 246 12 1.4142135623730951 0
35 245 13 1.4142135623730951 0
35 246 13 -1.4142135623730951 0
71 245 49 1.4142135623730951 0
71 246 49 -1.4142135623730951 0
72 245 50 1.4142135623730951 0
72 246 50 1.4142135623730951 0
143 245 98 1. 0
143 245 99 1. 0
143 246 100 1.4142135623730951 0
144 245 100 1.4142135623730951 0
144 246 98 1. 0
144 246 99 1. 0
218 245 171 1.4142135623730951 0
218 246 170 1.4142135623730951 0
219 245 170 1.4142135623730951 0
219 246 171 1.4142135623730951 0
290 245 245 1. 0
290 246 246 1. 0
291 245 245 1. 0
291 246 246 1. 0
292 245 246 1.4142135623730951 0
292 246 245 1.4142135623730951 0
28 247 16 0.6234898018587336 -0.7818314824680298
65 247 53 -0.6234898018587336 0.7818314824680298
129 247 102 -0.6234898018587336 0.7818314824680298
130 247 103 0.4408738668949674 -0.5528383429982752
130 247 104 -0.4408738668949674 0.5528383429982752
202 247 175 1. 0
203 247 177 0.900968867902419 0.43388373911755823
274 247 247 1. 0
275 247 248 -1. 0
276 247 250 -0.6234898018587336 0.7818314824680298
29 248 16 -0.6234898018587336 0.7818314824680298
66 248 53 0.6234898018587336 -0.7818314824680298
131 248 102 0.6234898018587336 -0.7818314824680298
132 248 103 -0.4408738668949674 0.5528383429982752
132 248 104 0.4408738668949674 -0.5528383429982752
204 248 175 1. 0
205 248 177 0.900968867902419 0.43388373911755823
277 248 247 -1. 0
278 248 248 1. 0
279 248 250 -0.6234898018587336 0.7818314824680298
31 249 15 1.2741623922635346 -0.6136042683532007
68 249 52 -1.2741623922635346 0.6136042683532007
135 249 103 0.900968867902419 -0.43388373911755823
135 249 104 0.900968867902419 -0.43388373911755823
136 249 105 -1.2741623922635346 0.6136042683532007
206 249 173 1.4142135623730951 0
207 249 174 1.4142135623730951 0
208 249 176 1.4142135623730951 0
280 249 249 1. 0
281 249 249 -1. 0
283 249 251 1.2741623922635346 -0.6136042683532007
33 250 16 -1.4142135623730951 0
70 250 53 -1.4142135623730951 0
140 250 102 1.2741623922635346 0.6136042683532007
141 250 103 -1. 0
141 250 104 1. 0
211 250 175 -1.2741623922635346 0.6136042683532007
213 250 177 1.4142135623730951 0
284 250 247 -0.31469212271294755 -1.378756275743621
285 250 248 0.31469212271294755 1.378756275743621
287 250 250 1. 0
288 250 250 1. 0
36 251 15 1.4142135623730951 0
73 251 52 1.4142135623730951 0
145 251 103 1. 0
145 251 104 1. 0
146 251 105 0.31469212271294755 1.378756275743621
215 251 173 1.4142135623730951 0
216 251 174 -1.4142135623730951 0
217 251 176 1.4142135623730951 0
289 251 249 -0.31469212271294755 1.378756275743621
290 251 251 1. 0
291 251 251 -1. 0
30 253 17 -0.8817477337899349 1.1056766859965506
31 252 18 1.4142135623730951 0
67 253 54 0.8817477337899349 -1.1056766859965506
68 252 55 1.4142135623730951 0
133 253 106 -0.8817477337899349 1.1056766859965506
134 253 107 0.8817477337899349 -1.1056766859965506
135 252 108 1.4142135623730951 0
136 252 109 1. 0
136 252 110 -1. 0
137 253 109 1. 0
137 253 110 1. 0
206 252 178 1.4142135623730951 0
207 252 179 1.4142135623730951 0
208 252 180 1.4142135623730951 0
209 253 181 0.31469212271294755 1.378756275743621
210 253 182 -1.4142135623730951 0
280 252 252 1. 0
280 253 253 1. 0
281 252 252 -1. 0
281 253 253 1. 0
282 253 254 -1.4142135623730951 0
283 252 255 1.2741623922635346 -0.6136042683532007
32 254 17 1.4142135623730951 0
69 254 54 1.4142135623730951 0
138 254 106 1.4142135623730951 0
139 254 107 -1.4142135623730951 0
142 254 109 1. 0
142 254 110 1. 0
212 254 181 1.4142135623730951 0
214 254 182 0.31469212271294755 -1.378756275743621
286 254 253 -0.8817477337899349 -1.1056766859965506
287 254 254 1. 0
288 254 254 -1. 0
36 255 18 1.2741623922635346 0.6136042683532007
73 255 55 -1.2741623922635346 -0.6136042683532007
145 255 108 1.2741623922635346 0.6136042683532007
146 255 109 0.22252093395631434 -0.9749279121818236
146 255 110 -0.22252093395631434 0.9749279121818236
215 255 178 1.4142135623730951 0
216 255 179 -1.4142135623730951 0
217 255 180 1.4142135623730951 0
289 255 252 -0.31469212271294755 1.378756275743621
290 255 255 1. 0
291 255 255 -1. 0
31 256 19 -1.4142135623730951 0
68 256 56 1.4142135623730951 0
135 256 111 -1.4142135623730951 0
136 256 112 1.4142135623730951 0
206 256 183 -1.4142135623730951 0
207 256 184 1.4142135623730951 0
208 256 185 -1.4142135623730951 0
280 256 256 1. 0
281 256 256 -1. 0
283 256 257 -1.2741623922635346 0.6136042683532007
36 257 19 1.2741623922635346 0.6136042683532007
73 257 56 1.2741623922635346 0.6136042683532007
145 257 111 1.2741623922635346 0.6136042683532007
146 257 112 -0.31469212271294755 1.378756275743621
215 257 183 1.4142135623730951 0
216 257 184 1.4142135623730951 0
217 257 185 1.4142135623730951 0
289 257 256 0.31469212271294755 -1.378756275743621
290 257 257 1. 0
291 257 257 -1. 0
31 258 20 -1.4142135623730951 0
68 258 57 1.4142135623730951 0
135 258 113 1.4142135623730951 0
136 258 114 1.4142135623730951 0
206 258 186 1.4142135623730951 0
207 258 187 -1.4142135623730951 0
208 258 188 1.4142135623730951 0
280 258 258 1. 0
281 258 258 -1. 0
283 258 259 1.2741623922635346 -0.6136042683532007
36 259 20 -1.2741623922635346 -0.6136042683532007
73 259 57 -1.2741623922635346 -0.6136042683532007
145 259 113 1.2741623922635346 0.6136042683532007
146 259 114 0.31469212271294755 -1.378756275743621
215 259 186 1.4142135623730951 0
216 259 187 1.4142135623730951 0
217 259 188 1.4142135623730951 0
289 259 258 -0.31469212271294755 1.378756275743621
290 259 259 1. 0
291 259 259 -1. 0
28 260 22 0.6234898018587336 -0.7818314824680298
65 260 59 -0.6234898018587336 0.7818314824680298
129 260 115 1. 0
130 260 116 -0.6234898018587336 0.7818314824680298
202 260 191 -0.7071067811865475 0
202 260 192 0.7071067811865475 0
203 260 193 -1. 0
274 260 260 1. 0
275 260 261 -1. 0
276 260 263 0.22252093395631434 -0.9749279121818236
29 261 22 -0.6234898018587336 0.7818314824680298
66 261 59 0.6234898018587336 -0.7818314824680298
131 261 115 -1. 0
132 261 116 0.6234898018587336 -0.7818314824680298
204 261 191 -0.7071067811865475 0
204 261 192 0.7071067811865475 0
205 261 193 -1. 0
277 261 260 -1. 0
278 261 261 1. 0
279 261 263 0.22252093395631434 -0.9749279121818236
31 262 21 -1.2741623922635346 0.6136042683532007
68 262 58 -1.2741623922635346 0.6136042683532007
135 262 117 -1.2741623922635346 0.6136042683532007
136 262 118 -1.2741623922635346 0.6136042683532007
206 262 189 -1.4142135623730951 0
207 262 190 1.4142135623730951 0
208 262 191 -1. 0
208 262 192 -1. 0
280 262 262 1. 0
281 262 262 -1. 0
283 262 264 -1.2741623922635346 0.6136042683532007
33 263 22 1.2741623922635346 0.6136042683532007
70 263 59 1.2741623922635346 0.6136042683532007
140 263 115 -0.31469212271294755 1.378756275743621
141 263 116 -1.2741623922635346 -0.6136042683532007
211 263 191 -1. 0
211 263 192 1. 0
213 263 193 1.4142135623730951 0
284 263 260 -0.31469212271294755 1.378756275743621
285 263 261 0.31469212271294755 -1.378756275743621
287 263 263 1. 0
288 263 263 1. 0
36 264 21 1.4142135623730951 0
73 264 58 -1.4142135623730951 0
145 264 117 1.4142135623730951 0
146 264 118 -0.31469212271294755 -1.378756275743621
215 264 189 1.4142135623730951 0
216 264 190 1.4142135623730951 0
217 264 191 1. 0
217 264 192 1. 0
289 264 262 0.31469212271294755 -1.378756275743621
290 264 264 1. 0
291 264 264 -1. 0
30 265 25 -1.2741623922635346 -0.6136042683532007
67 265 62 -1.2741623922635346 -0.6136042683532007
133 265 119 -1.2741623922635346 -0.6136042683532007
134 265 120 1.2741623922635346 0.6136042683532007
137 265 123 0.31469212271294755 -1.378756275743621
209 265 194 -1. 0
209 265 195 1. 0
210 265 197 1.4142135623730951 0
280 265 265 1. 0
281 265 265 1. 0
282 265 266 -0.31469212271294755 1.378756275743621
32 266 25 -1.2741623922635346 0.6136042683532007
69 266 62 1.2741623922635346 -0.6136042683532007
138 266 119 -1.2741623922635346 0.6136042683532007
139 266 120 1.2741623922635346 -0.6136042683532007
142 266 123 1.4142135623730951 0
212 266 194 -1. 0
212 266 195 1. 0
214 266 197 -1.4142135623730951 0
286 266 265 0.8817477337899349 -1.1056766859965506
287 266 266 1. 0
288 266 266 -1. 0
34 267 23 1.4142135623730951 0
34 268 23 1.4142135623730951 0
35 267 24 -1.4142135623730951 0
35 268 24 1.4142135623730951 0
71 267 60 -1.4142135623730951 0
71 268 60 1.4142135623730951 0
72 267 61 1.4142135623730951 0
72 268 61 1.4142135623730951 0
143 267 122 1.4142135623730951 0
143 268 121 1.4142135623730951 0
144 267 121 1.4142135623730951 0
144 268 122 1.4142135623730951 0
218 267 194 1. 0
218 267 195 1. 0
218 268 196 1.4142135623730951 0
219 267 196 1.4142135623730951 0
219 268 194 1. 0
219 268 195 1. 0
290 267 267 1. 0
290 268 268 1. 0
291 267 267 1. 0
291 268 268 1. 0
292 267 268 1.4142135623730951 0
292 268 267 1.4142135623730951 0
28 269 27 0.900968867902419 0.43388373911755823
65 269 64 0.900968867902419 0.43388373911755823
129 269 126 -0.900968867902419 -0.43388373911755823
130 269 127 -0.22252093395631434 0.9749279121818236
202 269 198 -1. 0
203 269 200 0.7071067811865475 0
203 269 201 0.7071067811865475 0
274 269 269 1. 0
275 269 270 -1. 0
276 269 272 -0.22252093395631434 0.9749279121818236
29 270 27 -0.900968867902419 -0.43388373911755823
66 270 64 -0.900968867902419 -0.43388373911755823
131 270 126 0.900968867902419 0.43388373911755823
132 270 127 0.22252093395631434 -0.9749279121818236
204 270 198 -1. 0
205 270 200 0.7071067811865475 0
205 270 201 0.7071067811865475 0
277 270 269 -1. 0
278 270 270 1. 0
279 270 272 -0.22252093395631434 0.9749279121818236
30 271 26 1.4142135623730951 0
67 271 63 -1.4142135623730951 0
133 271 124 1.4142135623730951 0
134 271 125 1.4142135623730951 0
137 271 128 -0.8817477337899349 -1.1056766859965506
209 271 199 1.4142135623730951 0
210 271 200 1. 0
210 271 201 -1. 0
280 271 271 1. 0
281 271 271 1. 0
282 271 273 0.31469212271294755 -1.378756275743621
32 273 26 -0.8817477337899349 1.1056766859965506
33 272 27 0.31469212271294755 -1.378756275743621
69 273 63 -0.8817477337899349 1.1056766859965506
70 272 64 -0.31469212271294755 1.378756275743621
138 273 124 -0.8817477337899349 1.1056766859965506
139 273 125 -0.8817477337899349 1.1056766859965506
140 272 126 -0.8817477337899349 1.1056766859965506
141 272 127 1.4142135623730951 0
142 273 128 -0.8817477337899349 1.1056766859965506
211 272 198 1.4142135623730951 0
212 273 199 -1.4142135623730951 0
213 272 200 1. 0
213 272 201 1. 0
214 273 200 1. 0
214 273 201 -1. 0
284 272 269 0.31469212271294755 -1.378756275743621
285 272 270 -0.31469212271294755 1.378756275743621
286 273 271 -0.8817477337899349 1.1056766859965506
287 272 272 1. 0
287 273 273 1. 0
288 272 272 1. 0
288 273 273 -1. 0
28 274 28 1. 0
65 274 65 1. 0
129 274 129 1. 0
130 274 130 1. 0
202 274 202 1. 0
203 274 203 1. 0
274 274 274 1. 0
275 274 275 1. 0
276 274 276 1. 0
29 275 28 1. 0
66 275 65 1. 0
131 275 129 1. 0
132 275 130 1. 0
204 275 202 -1. 0
205 275 203 -1. 0
277 275 274 1. 0
278 275 275 1. 0
279 275 276 -1. 0
33 276 28 1.4142135623730951 0
70 276 65 -1.4142135623730951 0
140 276 129 1.2741623922635346 0.6136042683532007
141 276 130 1.4142135623730951 0
211 276 202 0.31469212271294755 -1.378756275743621
213 276 203 -0.31469212271294755 1.378756275743621
284 276 274 1.2741623922635346 0.6136042683532007
285 276 275 1.2741623922635346 0.6136042683532007
287 276 276 1. 0
288 276 276 1. 0
28 277 29 1. 0
65 277 66 1. 0
129 277 131 1. 0
130 277 132 1. 0
202 277 204 -1. 0
203 277 205 -1. 0
274 277 277 1. 0
275 277 278 1. 0
276 277 279 -1. 0
29 278 29 1. 0
66 278 66 1. 0
131 278 131 1. 0
132 278 132 1. 0
204 278 204 1. 0
205 278 205 1. 0
277 278 277 1. 0
278 278 278 1. 0
279 278 279 1. 0
33 279 29 -1.4142135623730951 0
70 279 66 1.4142135623730951 0
140 279 131 -1.2741623922635346 -0.6136042683532007
141 279 132 -1.4142135623730951 0
211 279 204 0.31469212271294755 -1.378756275743621
213 279 205 -0.31469212271294755 1.378756275743621
284 279 277 -1.2741623922635346 -0.6136042683532007
285 279 278 -1.2741623922635346 -0.6136042683532007
287 279 279 1. 0
288 279 279 1. 0
30 280 30 1. 0
30 281 30 1. 0
31 280 31 1. 0
31 281 31 -1. 0
67 280 67 1. 0
67 281 67 1. 0
68 280 68 1. 0
68 281 68 -1. 0
133 280 133 1. 0
133 281 133 1. 0
134 280 134 1. 0
134 281 134 1. 0
135 280 135 1. 0
135 281 135 -1. 0
136 280 136 1. 0
136 281 136 -1. 0
137 280 137 1. 0
137 281 137 1. 0
206 280 206 1. 0
206 281 206 -1. 0
207 280 207 1. 0
207 281 207 -1. 0
208 280 208 1. 0
208 281 208 -1. 0
209 280 209 1. 0
209 281 209 1. 0
210 280 210 1. 0
210 281 210 1. 0
280 280 280 1. 0
280 281 281 1. 0
281 280 281 1. 0
281 281 280 1. 0
282 280 282 1. 0
282 281 282 1. 0
283 280 283 1. 0
283 281 283 -1. 0
32 282 30 0.8817477337899349 1.1056766859965506
69 282 67 -0.8817477337899349 -1.1056766859965506
138 282 133 0.8817477337899349 1.1056766859965506
139 282 134 0.8817477337899349 1.1056766859965506
142 282 137 -1.4142135623730951 0
212 282 209 -0.31469212271294755 1.378756275743621
214 282 210 0.31469212271294755 -1.378756275743621
286 282 280 0.6234898018587336 0.7818314824680298
286 282 281 0.6234898018587336 0.7818314824680298
287 282 282 1. 0
288 282 282 -1. 0
36 283 31 1.4142135623730951 0
73 283 68 -1.4142135623730951 0
145 283 135 1.4142135623730951 0
146 283 136 -0.31469212271294755 -1.378756275743621
215 283 206 1.2741623922635346 -0.6136042683532007
216 283 207 -1.2741623922635346 0.6136042683532007
217 283 208 1.2741623922635346 -0.6136042683532007
289 283 280 0.22252093395631434 0.9749279121818236
289 283 281 -0.22252093395631434 -0.9749279121818236
290 283 283 1. 0
291 283 283 -1. 0
28 284 33 0.900968867902419 0.43388373911755823
65 284 70 -0.900968867902419 -0.43388373911755823
129 284 140 1. 0
130 284 141 0.900968867902419 0.43388373911755823
202 284 211 -0.22252093395631434 0.9749279121818236
203 284 213 0.22252093395631434 -0.9749279121818236
274 284 284 1. 0
275 284 285 1. 0
276 284 287 0.6370811961317672 0.3068021341766003
276 284 288 0.6370811961317672 0.3068021341766003
29 285 33 0.900968867902419 0.43388373911755823
66 285 70 -0.900968867902419 -0.43388373911755823
131 285 140 1. 0
132 285 141 0.900968867902419 0.43388373911755823
204 285 211 0.22252093395631434 -0.9749279121818236
205 285 213 -0.22252093395631434 0.9749279121818236
277 285 284 1. 0
278 285 285 1. 0
279 285 287 -0.6370811961317672 -0.3068021341766003
279 285 288 -0.6370811961317672 -0.3068021341766003
30 286 32 1.4142135623730951 0
67 286 69 -1.4142135623730951 0
133 286 138 1.4142135623730951 0
134 286 139 1.4142135623730951 0
137 286 142 -0.8817477337899349 -1.1056766859965506
209 286 212 0.8817477337899349 -1.1056766859965506
210 286 214 -0.8817477337899349 1.1056766859965506
280 286 286 1. 0
281 286 286 1. 0
282 286 287 0.6234898018587336 0.7818314824680298
282 286 288 -0.6234898018587336 -0.7818314824680298
32 287 32 1. 0
32 288 32 -1. 0
33 287 33 1. 0
33 288 33 1. 0
69 287 69 1. 0
69 288 69 -1. 0
70 287 70 1. 0
70 288 70 1. 0
138 287 138 1. 0
138 288 138 -1. 0
139 287 139 1. 0
139 288 139 -1. 0
140 287 140 1. 0
140 288 140 1. 0
141 287 141 1. 0
141 288 141 1. 0
142 287 142 1. 0
142 288 142 -1. 0
211 287 211 1. 0
211 288 211 1. 0
212 287 212 1. 0
212 288 212 -1. 0
213 287 213 1. 0
213 288 213 1. 0
214 287 214 1. 0
214 288 214 -1. 0
284 287 284 1. 0
284 288 284 1. 0
285 287 285 1. 0
285 288 285 1. 0
286 287 286 1. 0
286 288 286 -1. 0
287 287 287 1. 0
287 288 288 1. 0
288 287 288 1. 0
288 288 287 1. 0
31 289 36 0.31469212271294755 1.378756275743621
68 289 73 -0.31469212271294755 -1.378756275743621
135 289 145 0.31469212271294755 1.378756275743621
136 289 146 -1.4142135623730951 0
206 289 215 -0.31469212271294755 1.378756275743621
207 289 216 0.31469212271294755 -1.378756275743621
208 289 217 -0.31469212271294755 1.378756275743621
280 289 289 1. 0
281 289 289 -1. 0
283 289 290 0.22252093395631434 0.9749279121818236
283 289 291 -0.22252093395631434 -0.9749279121818236
34 290 34 1. 0
34 291 34 1. 0
34 292 34 1.4142135623730951 0
35 290 35 1. 0
35 291 35 1. 0
35 292 35 -1.4142135623730951 0
36 290 36 1. 0
36 291 36 -1. 0
71 290 71 1. 0
71 291 71 1. 0
71 292 71 -1.4142135623730951 0
72 290 72 1. 0
72 291 72 1. 0
72 292 72 1.4142135623730951 0
73 290 73 1. 0
73 291 73 -1. 0
143 290 143 1. 0
143 291 143 1. 0
143 292 144 1.4142135623730951 0
144 290 144 1. 0
144 291 144 1. 0
144 292 143 1.4142135623730951 0
145 290 145 1. 0
145 291 145 -1. 0
146 290 146 1. 0
146 291 146 -1. 0
215 290 215 1. 0
215 291 215 -1. 0
216 290 216 1. 0
216 291 216 -1. 0
217 290 217 1. 0
217 291 217 -1. 0
218 290 218 1. 0
218 291 218 1. 0
218 292 219 1.4142135623730951 0
219 290 219 1. 0
219 291 219 1. 0
219 292 218 1.4142135623730951 0
289 290 289 1. 0
289 291 289 -1. 0
290 290 290 1. 0
290 291 291 1. 0
290 292 292 1. 0
291 290 291 1. 0
291 291 290 1. 0
291 292 292 1. 0
292 290 292 1. 0
292 291 292 1. 0
292 292 290 1. 0
292 292 291 1. 0