1 1 1 1 0 0 0 0 0 0 0 0 0 0 0 0 0 0 0 0 0 0 0 0 0 0 1 1 1 1 0 0 0 0 0 0 0 0 0 0 0 0 0 0 0 0 0 0 0 0 0 0 0 0 0 0 0 0 1 0 0 0 1 0 1 0 0 0 0 0 0 1 0 0 0 0 0 0 0 0 0 0 0 0 0 0 0 0 0 0 0 0 0 0 0 0 0 0 0 0 0 0 0 0 0 0 0 0 0 0 0 0 0 0 0 1 0 0 0 1 0 0 0 1 0 0 0 1 0 0
0 0 0 1. 0
22 0 22 1. 0
44 0 44 1. 0
87 0 87 1. 0
1 1 1 1. 0
23 1 23 1. 0
45 1 45 1. 0
88 1 88 1. 0
2 2 2 1. 0
24 2 24 1. 0
46 2 46 1. 0
47 2 47 1. 0
48 2 48 1. 0
89 2 89 1. 0
90 2 90 1. 0
3 3 3 1. 0
25 3 25 1. 0
49 3 49 1. 0
50 3 50 1. 0
91 3 91 1. 0
92 3 92 1. 0
93 3 93 1. 0
1 4 4 1. 0
23 4 26 1. 0
45 4 51 -1. 0
88 4 94 -1. 0
0 5 5 1. 0
22 5 27 1. 0
44 5 52 1. 0
87 5 95 1. 0
2 6 6 1. 0
24 6 28 -1. 0
46 6 53 -1. 0
47 6 54 -1. 0
48 6 55 1. 0
89 6 96 -1. 0
90 6 97 1. 0
3 7 7 1. 0
25 7 29 -1. 0
49 7 56 -1. 0
50 7 57 1. 0
91 7 98 -1. 0
92 7 99 -1. 0
93 7 100 1. 0
2 8 8 1. 0
24 8 30 -1. 0
46 8 58 1. 0
47 8 59 -1. 0
48 8 60 1. 0
89 8 101 1. 0
90 8 102 -0.8090169943749473 -0.5877852522924732
2 9 9 1. 0
24 9 31 -1. 0
46 9 61 -1. 0
47 9 62 -1. 0
48 9 63 1. 0
89 9 103 -1. 0
90 9 104 0.8090169943749473 0.5877852522924732
0 10 10 1. 0
22 10 33 1. 0
44 10 64 0.5 0
44 10 65 0.5 0
44 10 66 0.7071067811865475 0
87 10 108 0.7071067811865475 0
87 10 109 0.7071067811865475 0
1 11 11 1. 0
23 11 32 -1. 0
45 11 64 -0.5 0
45 11 65 -0.5 0
45 11 66 0.7071067811865475 0
88 11 108 -0.7071067811865475 0
88 11 109 0.7071067811865475 0
3 12 12 1. 0
25 12 34 -1. 0
49 12 64 0.7071067811865475 0
49 12 65 -0.7071067811865475 0
50 12 67 1. 0
91 12 105 1. 0
92 12 106 1. 0
93 12 107 0.30901699437494745 0.9510565162951535
2 13 13 1. 0
24 13 35 1. 0
46 13 68 1. 0
47 13 69 1. 0
48 13 71 0.7071067811865475 0
48 13 72 0.7071067811865475 0
89 13 113 -0.8090169943749473 0.5877852522924732
90 13 114 1. 0
3 14 14 1. 0
25 14 36 1. 0
49 14 70 1. 0
50 14 71 0.7071067811865475 0
50 14 72 -0.7071067811865475 0
91 14 110 0.30901699437494745 -0.9510565162951535
92 14 111 -0.30901699437494745 0.9510565162951535
93 14 112 1. 0
3 15 15 1. 0
25 15 37 -1. 0
49 15 73 1. 0
50 15 74 0.30901699437494745 0.9510565162951535
91 15 115 1. 0
92 15 116 -1. 0
93 15 117 0.30901699437494745 0.9510565162951535
3 16 16 1. 0
25 16 38 -1. 0
49 16 75 1. 0
50 16 76 -0.30901699437494745 -0.9510565162951535
91 16 118 -1. 0
92 16 119 -1. 0
93 16 120 -0.30901699437494745 -0.9510565162951535
2 17 17 1. 0
24 17 39 -1. 0
46 17 77 1. 0
47 17 78 -1. 0
48 17 81 -0.8090169943749473 -0.5877852522924732
89 17 123 0.7071067811865475 0
89 17 124 0.7071067811865475 0
90 17 125 -0.8090169943749473 -0.5877852522924732
3 18 18 1. 0
25 18 40 1. 0
49 18 79 0.30901699437494745 -0.9510565162951535
50 18 80 1. 0
91 18 121 0.30901699437494745 -0.9510565162951535
92 18 122 -0.30901699437494745 0.9510565162951535
93 18 123 0.7071067811865475 0
93 18 124 -0.7071067811865475 0
0 19 19 1. 0
22 19 42 1. 0
44 19 84 0.7071067811865475 0
44 19 85 0.7071067811865475 0
87 19 127 0.5 0
87 19 128 0.5 0
87 19 129 0.7071067811865475 0
1 20 20 1. 0
23 20 41 -1. 0
45 20 84 -0.7071067811865475 0
45 20 85 0.7071067811865475 0
88 20 127 -0.5 0
88 20 128 -0.5 0
88 20 129 0.7071067811865475 0
2 21 21 1. 0
24 21 43 1. 0
46 21 82 -0.8090169943749473 0.5877852522924732
47 21 83 0.8090169943749473 -0.5877852522924732
48 21 86 1. 0
89 21 126 -0.8090169943749473 0.5877852522924732
90 21 127 0.7071067811865475 0
90 21 128 -0.7071067811865475 0
5 22 0 1. 0
27 22 22 1. 0
52 22 44 1. 0
95 22 87 1. 0
4 23 1 1. 0
26 23 23 1. 0
51 23 45 -1. 0
94 23 88 -1. 0
6 24 2 -1. 0
28 24 24 1. 0
53 24 46 1. 0
54 24 47 1. 0
55 24 48 -1. 0
96 24 89 1. 0
97 24 90 -1. 0
7 25 3 -1. 0
29 25 25 1. 0
56 25 49 1. 0
57 25 50 -1. 0
98 25 91 1. 0
99 25 92 1. 0
100 25 93 -1. 0
4 26 4 1. 0
26 26 26 1. 0
51 26 51 1. 0
94 26 94 1. 0
5 27 5 1. 0
27 27 27 1. 0
52 27 52 1. 0
95 27 95 1. 0
6 28 6 1. 0
28 28 28 1. 0
53 28 53 1. 0
54 28 54 1. 0
55 28 55 1. 0
96 28 96 1. 0
97 28 97 1. 0
7 29 7 1. 0
29 29 29 1. 0
56 29 56 1. 0
57 29 57 1. 0
98 29 98 1. 0
99 29 99 1. 0
100 29 100 1. 0
6 30 8 1. 0
28 30 30 1. 0
53 30 58 -1. 0
54 30 59 1. 0
55 30 60 1. 0
96 30 101 -1. 0
97 30 102 -0.8090169943749473 -0.5877852522924732
6 31 9 1. 0
28 31 31 1. 0
53 31 61 1. 0
54 31 62 1. 0
55 31 63 1. 0
96 31 103 1. 0
97 31 104 0.8090169943749473 0.5877852522924732
4 32 11 -1. 0
26 32 32 1. 0
51 32 64 -0.5 0
51 32 65 -0.5 0
51 32 66 0.7071067811865475 0
94 32 108 -0.7071067811865475 0
94 32 109 0.7071067811865475 0
5 33 10 1. 0
27 33 33 1. 0
52 33 64 0.5 0
52 33 65 0.5 0
52 33 66 0.7071067811865475 0
95 33 108 0.7071067811865475 0
95 33 109 0.7071067811865475 0
7 34 12 1. 0
29 34 34 1. 0
56 34 64 -0.7071067811865475 0
56 34 65 0.7071067811865475 0
57 34 67 1. 0
98 34 105 -1. 0
99 34 106 -1. 0
100 34 107 0.30901699437494745 0.9510565162951535
6 35 13 -1. 0
28 35 35 1. 0
53 35 68 1. 0
54 35 69 1. 0
55 35 71 -0.7071067811865475 0
55 35 72 -0.7071067811865475 0
96 35 113 -0.8090169943749473 0.5877852522924732
97 35 114 -1. 0
7 36 14 -1. 0
29 36 36 1. 0
56 36 70 1. 0
57 36 71 -0.7071067811865475 0
57 36 72 0.7071067811865475 0
98 36 110 0.30901699437494745 -0.9510565162951535
99 36 111 -0.30901699437494745 0.9510565162951535
100 36 112 -1. 0
7 37 15 1. 0
29 37 37 1. 0
56 37 73 -1. 0
57 37 74 0.30901699437494745 0.9510565162951535
98 37 115 -1. 0
99 37 116 1. 0
100 37 117 0.30901699437494745 0.9510565162951535
7 38 16 1. 0
29 38 38 1. 0
56 38 75 -1. 0
57 38 76 -0.30901699437494745 -0.9510565162951535
98 38 118 1. 0
99 38 119 1. 0
100 38 120 -0.30901699437494745 -0.9510565162951535
6 39 17 1. 0
28 39 39 1. 0
53 39 77 -1. 0
54 39 78 1. 0
55 39 81 -0.8090169943749473 -0.5877852522924732
96 39 123 -0.7071067811865475 0
96 39 124 -0.7071067811865475 0
97 39 125 -0.8090169943749473 -0.5877852522924732
7 40 18 -1. 0
29 40 40 1. 0
56 40 79 0.30901699437494745 -0.9510565162951535
57 40 80 -1. 0
98 40 121 0.30901699437494745 -0.9510565162951535
99 40 122 -0.30901699437494745 0.9510565162951535
100 40 123 -0.7071067811865475 0
100 40 124 0.7071067811865475 0
4 41 20 -1. 0
26 41 41 1. 0
51 41 84 -0.7071067811865475 0
51 41 85 0.7071067811865475 0
94 41 127 -0.5 0
94 41 128 -0.5 0
94 41 129 0.7071067811865475 0
5 42 19 1. 0
27 42 42 1. 0
52 42 84 0.7071067811865475 0
52 42 85 0.7071067811865475 0
95 42 127 0.5 0
95 42 128 0.5 0
95 42 129 0.7071067811865475 0
6 43 21 -1. 0
28 43 43 1. 0
53 43 82 -0.8090169943749473 0.5877852522924732
54 43 83 0.8090169943749473 -0.5877852522924732
55 43 86 -1. 0
96 43 126 -0.8090169943749473 0.5877852522924732
97 43 127 -0.7071067811865475 0
97 43 128 0.7071067811865475 0
10 44 0 2. 0
33 44 22 2. 0
64 44 44 1. 0
65 44 44 1. 0
66 44 44 1.4142135623730951 0
108 44 87 1.4142135623730951 0
109 44 87 1.4142135623730951 0
11 45 1 -2. 0
32 45 23 2. 0
64 45 45 1. 0
65 45 45 1. 0
66 45 45 -1.4142135623730951 0
108 45 88 1.4142135623730951 0
109 45 88 -1.4142135623730951 0
8 46 2 1. 0
30 46 24 -1. 0
58 46 46 1. 0
59 46 47 -1. 0
60 46 48 1. 0
101 46 89 1. 0
102 46 90 -0.8090169943749473 0.5877852522924732
9 47 2 -1. 0
31 47 24 1. 0
61 47 46 1. 0
62 47 47 1. 0
63 47 48 -1. 0
103 47 89 1. 0
104 47 90 -0.8090169943749473 0.5877852522924732
13 48 2 1.4142135623730951 0
35 48 24 1.4142135623730951 0
68 48 46 1.4142135623730951 0
69 48 47 1.4142135623730951 0
71 48 48 1. 0
72 48 48 1. 0
113 48 89 -1.1441228056353685 -0.831253875554907
114 48 90 1.4142135623730951 0
12 49 3 1.4142135623730951 0
34 49 25 -1.4142135623730951 0
64 49 49 1. 0
65 49 49 -1. 0
67 49 50 1.4142135623730951 0
105 49 91 1.4142135623730951 0
106 49 92 1.4142135623730951 0
107 49 93 0.43701602444882115 -1.3449970239279148
14 50 3 1.4142135623730951 0
36 50 25 1.4142135623730951 0
70 50 49 1.4142135623730951 0
71 50 50 1. 0
72 50 50 -1. 0
110 50 91 0.43701602444882115 1.3449970239279148
111 50 92 -0.43701602444882115 -1.3449970239279148
112 50 93 1.4142135623730951 0
11 51 4 2. 0
32 51 26 -2. 0
64 51 51 1. 0
65 51 51 1. 0
66 51 51 -1.4142135623730951 0
108 51 94 1.4142135623730951 0
109 51 94 -1.4142135623730951 0
10 52 5 2. 0
33 52 27 2. 0
64 52 52 1. 0
65 52 52 1. 0
66 52 52 1.4142135623730951 0
108 52 95 1.4142135623730951 0
109 52 95 1.4142135623730951 0
8 53 6 -1. 0
30 53 28 -1. 0
58 53 53 1. 0
59 53 54 -1. 0
60 53 55 -1. 0
101 53 96 1. 0
102 53 97 0.8090169943749473 -0.5877852522924732
9 54 6 1. 0
31 54 28 1. 0
61 54 53 1. 0
62 54 54 1. 0
63 54 55 1. 0
103 54 96 1. 0
104 54 97 0.8090169943749473 -0.5877852522924732
13 55 6 1.4142135623730951 0
35 55 28 -1.4142135623730951 0
68 55 53 -1.4142135623730951 0
69 55 54 -1.4142135623730951 0
71 55 55 1. 0
72 55 55 1. 0
113 55 96 1.1441228056353685 0.831253875554907
114 55 97 1.4142135623730951 0
12 56 7 -1.4142135623730951 0
34 56 29 -1.4142135623730951 0
64 56 56 1. 0
65 56 56 -1. 0
67 56 57 -1.4142135623730951 0
105 56 98 1.4142135623730951 0
106 56 99 1.4142135623730951 0
107 56 100 -0.43701602444882115 1.3449970239279148
14 57 7 1.4142135623730951 0
36 57 29 -1.4142135623730951 0
70 57 56 -1.4142135623730951 0
71 57 57 1. 0
72 57 57 -1. 0
110 57 98 -0.43701602444882115 -1.3449970239279148
111 57 99 0.43701602444882115 1.3449970239279148
112 57 100 1.4142135623730951 0
8 58 8 1. 0
30 58 30 1. 0
58 58 58 1. 0
59 58 59 1. 0
60 58 60 1. 0
101 58 101 1. 0
102 58 102 1. 0
9 59 8 1. 0
31 59 30 1. 0
61 59 58 -1. 0
62 59 59 1. 0
63 59 60 1. 0
103 59 101 -1. 0
104 59 102 -1. 0
13 60 8 1.4142135623730951 0
35 60 30 -1.4142135623730951 0
68 60 58 1.4142135623730951 0
69 60 59 -1.4142135623730951 0
71 60 60 1. 0
72 60 60 1. 0
113 60 101 -1.1441228056353685 -0.831253875554907
114 60 102 -1.1441228056353685 -0.831253875554907
8 61 9 -1. 0
30 61 31 -1. 0
58 61 61 1. 0
59 61 62 -1. 0
60 61 63 -1. 0
101 61 103 1. 0
102 61 104 1. 0
9 62 9 1. 0
31 62 31 1. 0
61 62 61 1. 0
62 62 62 1. 0
63 62 63 1. 0
103 62 103 1. 0
104 62 104 1. 0
13 63 9 1.4142135623730951 0
35 63 31 -1.4142135623730951 0
68 63 61 -1.4142135623730951 0
69 63 62 -1.4142135623730951 0
71 63 63 1. 0
72 63 63 1. 0
113 63 103 1.1441228056353685 0.831253875554907
114 63 104 1.1441228056353685 0.831253875554907
10 64 10 1. 0
10 65 10 1. 0
10 66 10 1.4142135623730951 0
11 64 11 1. 0
11 65 11 1. 0
11 66 11 -1.4142135623730951 0
12 64 12 1. 0
12 65 12 -1. 0
32 64 32 1. 0
32 65 32 1. 0
32 66 32 -1.4142135623730951 0
33 64 33 1. 0
33 65 33 1. 0
33 66 33 1.4142135623730951 0
34 64 34 1. 0
34 65 34 -1. 0
64 64 64 1. 0
64 65 65 1. 0
64 66 66 1. 0
65 64 65 1. 0
65 65 64 1. 0
65 66 66 1. 0
66 64 66 1. 0
66 65 66 1. 0
66 66 64 1. 0
66 66 65 1. 0
67 64 67 1. 0
67 65 67 -1. 0
105 64 105 1. 0
105 65 105 -1. 0
106 64 106 1. 0
106 65 106 -1. 0
107 64 107 1. 0
107 65 107 -1. 0
108 64 108 1. 0
108 65 108 1. 0
108 66 109 1.4142135623730951 0
109 64 109 1. 0
109 65 109 1. 0
109 66 108 1.4142135623730951 0
14 67 12 1.4142135623730951 0
36 67 34 -1.4142135623730951 0
70 67 64 1. 0
70 67 65 -1. 0
71 67 67 1. 0
72 67 67 -1. 0
110 67 105 0.43701602444882115 1.3449970239279148
111 67 106 -0.43701602444882115 -1.3449970239279148
112 67 107 0.43701602444882115 1.3449970239279148
8 68 13 1. 0
30 68 35 -1. 0
58 68 68 1. 0
59 68 69 -1. 0
60 68 71 0.7071067811865475 0
60 68 72 0.7071067811865475 0
101 68 113 -0.8090169943749473 0.5877852522924732
102 68 114 -0.8090169943749473 0.5877852522924732
9 69 13 -1. 0
31 69 35 1. 0
61 69 68 1. 0
62 69 69 1. 0
63 69 71 -0.7071067811865475 0
63 69 72 -0.7071067811865475 0
103 69 113 -0.8090169943749473 0.5877852522924732
104 69 114 -0.8090169943749473 0.5877852522924732
12 70 14 1.4142135623730951 0
34 70 36 -1.4142135623730951 0
64 70 70 1. 0
65 70 70 -1. 0
67 70 71 1. 0
67 70 72 -1. 0
105 70 110 0.43701602444882115 -1.3449970239279148
106 70 111 -0.43701602444882115 1.3449970239279148
107 70 112 0.43701602444882115 -1.3449970239279148
13 71 13 1. 0
13 72 13 1. 0
14 71 14 1. 0
14 72 14 -1. 0
35 71 35 1. 0
35 72 35 1. 0
36 71 36 1. 0
36 72 36 -1. 0
68 71 68 1. 0
68 72 68 1. 0
69 71 69 1. 0
69 72 69 1. 0
70 71 70 1. 0
70 72 70 -1. 0
71 71 71 1. 0
71 72 72 1. 0
72 71 72 1. 0
72 72 71 1. 0
110 71 110 1. 0
110 72 110 -1. 0
111 71 111 1. 0
111 72 111 -1. 0
112 71 112 1. 0
112 72 112 -1. 0
113 71 113 1. 0
113 72 113 1. 0
114 71 114 1. 0
114 72 114 1. 0
12 73 15 1.4142135623730951 0
34 73 37 1.4142135623730951 0
64 73 73 1. 0
65 73 73 -1. 0
67 73 74 0.43701602444882115 1.3449970239279148
105 73 115 1.4142135623730951 0
106 73 116 -1.4142135623730951 0
107 73 117 1.4142135623730951 0
14 74 15 0.43701602444882115 -1.3449970239279148
36 74 37 -0.43701602444882115 1.3449970239279148
70 74 73 0.43701602444882115 -1.3449970239279148
71 74 74 1. 0
72 74 74 -1. 0
110 74 115 1.4142135623730951 0
111 74 116 1.4142135623730951 0
112 74 117 1.4142135623730951 0
12 75 16 1.4142135623730951 0
34 75 38 1.4142135623730951 0
64 75 75 1. 0
65 75 75 -1. 0
67 75 76 -0.43701602444882115 -1.3449970239279148
105 75 118 -1.4142135623730951 0
106 75 119 -1.4142135623730951 0
107 75 120 -1.4142135623730951 0
14 76 16 -0.43701602444882115 1.3449970239279148
36 76 38 0.43701602444882115 -1.3449970239279148
70 76 75 -0.43701602444882115 1.3449970239279148
71 76 76 1. 0
72 76 76 -1. 0
110 76 118 1.4142135623730951 0
111 76 119 -1.4142135623730951 0
112 76 120 1.4142135623730951 0
8 77 17 1. 0
30 77 39 1. 0
58 77 77 1. 0
59 77 78 1. 0
60 77 81 -0.8090169943749473 -0.5877852522924732
101 77 123 0.7071067811865475 0
101 77 124 0.7071067811865475 0
102 77 125 1. 0
9 78 17 1. 0
31 78 39 1. 0
61 78 77 -1. 0
62 78 78 1. 0
63 78 81 -0.8090169943749473 -0.5877852522924732
103 78 123 -0.7071067811865475 0
103 78 124 -0.7071067811865475 0
104 78 125 -1. 0
12 79 18 0.43701602444882115 1.3449970239279148
34 79 40 -0.43701602444882115 -1.3449970239279148
64 79 79 1. 0
65 79 79 -1. 0
67 79 80 0.43701602444882115 1.3449970239279148
105 79 121 1.4142135623730951 0
106 79 122 -1.4142135623730951 0
107 79 123 1. 0
107 79 124 -1. 0
13 81 17 -1.1441228056353685 0.831253875554907
14 80 18 1.4142135623730951 0
35 81 39 1.1441228056353685 -0.831253875554907
36 80 40 1.4142135623730951 0
68 81 77 -1.1441228056353685 0.831253875554907
69 81 78 1.1441228056353685 -0.831253875554907
70 80 79 0.43701602444882115 -1.3449970239279148
71 80 80 1. 0
71 81 81 1. 0
72 80 80 -1. 0
72 81 81 1. 0
110 80 121 1.4142135623730951 0
111 80 122 1.4142135623730951 0
112 80 123 1. 0
112 80 124 -1. 0
113 81 123 1. 0
113 81 124 1. 0
114 81 125 1.4142135623730951 0
8 82 21 -0.8090169943749473 -0.5877852522924732
30 82 43 0.8090169943749473 0.5877852522924732
58 82 82 1. 0
59 82 83 1. 0
60 82 86 -0.8090169943749473 -0.5877852522924732
101 82 126 1. 0
102 82 127 0.7071067811865475 0
102 82 128 -0.7071067811865475 0
9 83 21 -0.8090169943749473 -0.5877852522924732
31 83 43 0.8090169943749473 0.5877852522924732
61 83 82 -1. 0
62 83 83 1. 0
63 83 86 -0.8090169943749473 -0.5877852522924732
103 83 126 -1. 0
104 83 127 -0.7071067811865475 0
104 83 128 0.7071067811865475 0
10 84 19 1.4142135623730951 0
10 85 19 1.4142135623730951 0
11 84 20 1.4142135623730951 0
11 85 20 -1.4142135623730951 0
32 84 41 1.4142135623730951 0
32 85 41 -1.4142135623730951 0
33 84 42 1.4142135623730951 0
33 85 42 1.4142135623730951 0
64 84 84 1. 0
64 85 85 1. 0
65 84 84 1. 0
65 85 85 1. 0
66 84 85 1.4142135623730951 0
66 85 84 1.4142135623730951 0
108 84 127 1. 0
108 84 128 1. 0
108 85 129 1.4142135623730951 0
109 84 129 1.4142135623730951 0
109 85 127 1. 0
109 85 128 1. 0
13 86 21 1.4142135623730951 0
35 86 43 1.4142135623730951 0
68 86 82 -1.1441228056353685 0.831253875554907
69 86 83 1.1441228056353685 -0.831253875554907
71 86 86 1. 0
72 86 86 1. 0
113 86 126 1.4142135623730951 0
114 86 127 1. 0
114 86 128 -1. 0
19 87 0 2. 0
42 87 22 2. 0
84 87 44 1.4142135623730951 0
85 87 44 1.4142135623730951 0
127 87 87 1. 0
128 87 87 1. 0
129 87 87 1.4142135623730951 0
20 88 1 -2. 0
41 88 23 2. 0
84 88 45 1.4142135623730951 0
85 88 45 -1.4142135623730951 0
127 88 88 1. 0
128 88 88 1. 0
129 88 88 -1.4142135623730951 0
17 89 2 1.4142135623730951 0
39 89 24 -1.4142135623730951 0
77 89 46 1.4142135623730951 0
78 89 47 -1.4142135623730951 0
81 89 48 -1.1441228056353685 0.831253875554907
123 89 89 1. 0
124 89 89 1. 0
125 89 90 -1.1441228056353685 0.831253875554907
21 90 2 1.4142135623730951 0
43 90 24 1.4142135623730951 0
82 90 46 -1.1441228056353685 -0.831253875554907
83 90 47 1.1441228056353685 0.831253875554907
86 90 48 1.4142135623730951 0
126 90 89 -1.1441228056353685 -0.831253875554907
127 90 90 1. 0
128 90 90 -1. 0
15 91 3 1. 0
37 91 25 -1. 0
73 91 49 1. 0
74 91 50 0.30901699437494745 -0.9510565162951535
115 91 91 1. 0
116 91 92 -1. 0
117 91 93 0.30901699437494745 -0.9510565162951535
16 92 3 -1. 0
38 92 25 1. 0
75 92 49 -1. 0
76 92 50 0.30901699437494745 -0.9510565162951535
118 92 91 1. 0
119 92 92 1. 0
120 92 93 0.30901699437494745 -0.9510565162951535
18 93 3 1.4142135623730951 0
40 93 25 1.4142135623730951 0
79 93 49 0.43701602444882115 1.3449970239279148
80 93 50 1.4142135623730951 0
121 93 91 0.43701602444882115 1.3449970239279148
122 93 92 -0.43701602444882115 -1.3449970239279148
123 93 93 1. 0
124 93 93 -1. 0
20 94 4 2. 0
41 94 26 -2. 0
84 94 51 1.4142135623730951 0
85 94 51 -1.4142135623730951 0
127 94 94 1. 0
128 94 94 1. 0
129 94 94 -1.4142135623730951 0
19 95 5 2. 0
42 95 27 2. 0
84 95 52 1.4142135623730951 0
85 95 52 1.4142135623730951 0
127 95 95 1. 0
128 95 95 1. 0
129 95 95 1.4142135623730951 0
17 96 6 -1.4142135623730951 0
39 96 28 -1.4142135623730951 0
77 96 53 1.4142135623730951 0
78 96 54 -1.4142135623730951 0
81 96 55 1.1441228056353685 -0.831253875554907
123 96 96 1. 0
124 96 96 1. 0
125 96 97 1.1441228056353685 -0.831253875554907
21 97 6 1.4142135623730951 0
43 97 28 -1.4142135623730951 0
82 97 53 1.1441228056353685 0.831253875554907
83 97 54 -1.1441228056353685 -0.831253875554907
86 97 55 1.4142135623730951 0
126 97 96 1.1441228056353685 0.831253875554907
127 97 97 1. 0
128 97 97 -1. 0
15 98 7 -1. 0
37 98 29 -1. 0
73 98 56 1. 0
74 98 57 -0.30901699437494745 0.9510565162951535
115 98 98 1. 0
116 98 99 -1. 0
117 98 100 -0.30901699437494745 0.9510565162951535
16 99 7 1. 0
38 99 29 1. 0
75 99 56 -1. 0
76 99 57 -0.30901699437494745 0.9510565162951535
118 99 98 1. 0
119 99 99 1. 0
120 99 100 -0.30901699437494745 0.9510565162951535
18 100 7 1.4142135623730951 0
40 100 29 -1.4142135623730951 0
79 100 56 -0.43701602444882115 -1.3449970239279148
80 100 57 1.4142135623730951 0
121 100 98 -0.43701602444882115 -1.3449970239279148
122 100 99 0.43701602444882115 1.3449970239279148
123 100 100 1. 0
124 100 100 -1. 0
17 101 8 1.4142135623730951 0
39 101 30 1.4142135623730951 0
77 101 58 1.4142135623730951 0
78 101 59 1.4142135623730951 0
81 101 60 -1.1441228056353685 0.831253875554907
123 101 101 1. 0
124 101 101 1. 0
125 101 102 1.4142135623730951 0
21 102 8 -1.1441228056353685 0.831253875554907
43 102 30 1.1441228056353685 -0.831253875554907
82 102 58 1.4142135623730951 0
83 102 59 1.4142135623730951 0
86 102 60 -1.1441228056353685 0.831253875554907
126 102 101 1.4142135623730951 0
127 102 102 1. 0
128 102 102 -1. 0
17 103 9 -1.4142135623730951 0
39 103 31 -1.4142135623730951 0
77 103 61 1.4142135623730951 0
78 103 62 -1.4142135623730951 0
81 103 63 1.1441228056353685 -0.831253875554907
123 103 103 1. 0
124 103 103 1. 0
125 103 104 1.4142135623730951 0
21 104 9 1.1441228056353685 -0.831253875554907
43 104 31 -1.1441228056353685 0.831253875554907
82 104 61 1.4142135623730951 0
83 104 62 -1.4142135623730951 0
86 104 63 1.1441228056353685 -0.831253875554907
126 104 103 1.4142135623730951 0
127 104 104 1. 0
128 104 104 -1. 0
15 105 12 1. 0
37 105 34 1. 0
73 105 64 0.7071067811865475 0
73 105 65 -0.7071067811865475 0
74 105 67 0.30901699437494745 -0.9510565162951535
115 105 105 1. 0
116 105 106 -1. 0
117 105 107 1. 0
16 106 12 -1. 0
38 106 34 -1. 0
75 106 64 -0.7071067811865475 0
75 106 65 0.7071067811865475 0
76 106 67 0.30901699437494745 -0.9510565162951535
118 106 105 1. 0
119 106 106 1. 0
120 106 107 1. 0
18 107 12 0.43701602444882115 -1.3449970239279148
40 107 34 -0.43701602444882115 1.3449970239279148
79 107 64 1. 0
79 107 65 -1. 0
80 107 67 0.43701602444882115 -1.3449970239279148
121 107 105 1.4142135623730951 0
122 107 106 -1.4142135623730951 0
123 107 107 1. 0
124 107 107 -1. 0
19 108 10 1.4142135623730951 0
19 109 10 1.4142135623730951 0
20 108 11 1.4142135623730951 0
20 109 11 -1.4142135623730951 0
41 108 32 1.4142135623730951 0
41 109 32 -1.4142135623730951 0
42 108 33 1.4142135623730951 0
42 109 33 1.4142135623730951 0
84 108 64 1. 0
84 108 65 1. 0
84 109 66 1.4142135623730951 0
85 108 66 1.4142135623730951 0
85 109 64 1. 0
85 109 65 1. 0
127 108 108 1. 0
127 109 109 1. 0
128 108 108 1. 0
128 109 109 1. 0
129 108 109 1.4142135623730951 0
129 109 108 1.4142135623730951 0
15 110 14 0.30901699437494745 0.9510565162951535
37 110 36 -0.30901699437494745 -0.9510565162951535
73 110 70 0.30901699437494745 0.9510565162951535
74 110 71 0.7071067811865475 0
74 110 72 -0.7071067811865475 0
115 110 110 1. 0
116 110 111 1. 0
117 110 112 1. 0
16 111 14 0.30901699437494745 0.9510565162951535
38 111 36 -0.30901699437494745 -0.9510565162951535
75 111 70 0.30901699437494745 0.9510565162951535
76 111 71 -0.7071067811865475 0
76 111 72 0.7071067811865475 0
118 111 110 -1. 0
119 111 111 1. 0
120 111 112 -1. 0
17 113 13 -1.1441228056353685 -0.831253875554907
18 112 14 1.4142135623730951 0
39 113 35 1.1441228056353685 0.831253875554907
40 112 36 1.4142135623730951 0
77 113 68 -1.1441228056353685 -0.831253875554907
78 113 69 1.1441228056353685 0.831253875554907
79 112 70 0.43701602444882115 1.3449970239279148
80 112 71 1. 0
80 112 72 -1. 0
81 113 71 1. 0
81 113 72 1. 0
121 112 110 1.4142135623730951 0
122 112 111 1.4142135623730951 0
123 112 112 1. 0
123 113 113 1. 0
124 112 112 -1. 0
124 113 113 1. 0
125 113 114 1.4142135623730951 0
21 114 13 1.4142135623730951 0
43 114 35 1.4142135623730951 0
82 114 68 -1.1441228056353685 -0.831253875554907
83 114 69 1.1441228056353685 0.831253875554907
86 114 71 1. 0
86 114 72 1. 0
126 114 113 1.4142135623730951 0
127 114 114 1. 0
128 114 114 -1. 0
15 115 15 1. 0
37 115 37 1. 0
73 115 73 1. 0
74 115 74 1. 0
115 115 115 1. 0
116 115 116 1. 0
117 115 117 1. 0
16 116 15 1. 0
38 116 37 1. 0
75 116 73 1. 0
76 116 74 -1. 0
118 116 115 -1. 0
119 116 116 1. 0
120 116 117 -1. 0
18 117 15 0.43701602444882115 -1.3449970239279148
40 117 37 -0.43701602444882115 1.3449970239279148
79 117 73 1.4142135623730951 0
80 117 74 1.4142135623730951 0
121 117 115 1.4142135623730951 0
122 117 116 1.4142135623730951 0
123 117 117 1. 0
124 117 117 -1. 0
15 118 16 -1. 0
37 118 38 -1. 0
73 118 75 -1. 0
74 118 76 1. 0
115 118 118 1. 0
116 118 119 -1. 0
117 118 120 1. 0
16 119 16 1. 0
38 119 38 1. 0
75 119 75 1. 0
76 119 76 1. 0
118 119 118 1. 0
119 119 119 1. 0
120 119 120 1. 0
18 120 16 -0.43701602444882115 1.3449970239279148
40 120 38 0.43701602444882115 -1.3449970239279148
79 120 75 -1.4142135623730951 0
80 120 76 1.4142135623730951 0
121 120 118 1.4142135623730951 0
122 120 119 -1.4142135623730951 0
123 120 120 1. 0
124 120 120 -1. 0
15 121 18 0.30901699437494745 0.9510565162951535
37 121 40 -0.30901699437494745 -0.9510565162951535
73 121 79 1. 0
74 121 80 1. 0
115 121 121 1. 0
116 121 122 1. 0
117 121 123 0.7071067811865475 0
117 121 124 -0.7071067811865475 0
16 122 18 0.30901699437494745 0.9510565162951535
38 122 40 -0.30901699437494745 -0.9510565162951535
75 122 79 1. 0
76 122 80 -1. 0
118 122 121 -1. 0
119 122 122 1. 0
120 122 123 -0.7071067811865475 0
120 122 124 0.7071067811865475 0
17 123 17 1. 0
17 124 17 1. 0
18 123 18 1. 0
18 124 18 -1. 0
39 123 39 1. 0
39 124 39 1. 0
40 123 40 1. 0
40 124 40 -1. 0
77 123 77 1. 0
77 124 77 1. 0
78 123 78 1. 0
78 124 78 1. 0
79 123 79 1. 0
79 124 79 -1. 0
80 123 80 1. 0
80 124 80 -1. 0
81 123 81 1. 0
81 124 81 1. 0
121 123 121 1. 0
121 124 121 -1. 0
122 123 122 1. 0
122 124 122 -1. 0
123 123 123 1. 0
123 124 124 1. 0
124 123 124 1. 0
124 124 123 1. 0
125 123 125 1. 0
125 124 125 1. 0
21 125 17 -1.1441228056353685 0.831253875554907
43 125 39 1.1441228056353685 -0.831253875554907
82 125 77 1.4142135623730951 0
83 125 78 1.4142135623730951 0
86 125 81 1.4142135623730951 0
126 125 123 1. 0
126 125 124 1. 0
127 125 125 1. 0
128 125 125 -1. 0
17 126 21 -1.1441228056353685 -0.831253875554907
39 126 43 1.1441228056353685 0.831253875554907
77 126 82 1.4142135623730951 0
78 126 83 1.4142135623730951 0
81 126 86 1.4142135623730951 0
123 126 126 1. 0
124 126 126 1. 0
125 126 127 1. 0
125 126 128 -1. 0
19 127 19 1. 0
19 128 19 1. 0
19 129 19 1.4142135623730951 0
20 127 20 1. 0
20 128 20 1. 0
20 129 20 -1.4142135623730951 0
21 127 21 1. 0
21 128 21 -1. 0
41 127 41 1. 0
41 128 41 1. 0
41 129 41 -1.4142135623730951 0
42 127 42 1. 0
42 128 42 1. 0
42 129 42 1.4142135623730951 0
43 127 43 1. 0
43 128 43 -1. 0
82 127 82 1. 0
82 128 82 -1. 0
83 127 83 1. 0
83 128 83 -1. 0
84 127 84 1. 0
84 128 84 1. 0
84 129 85 1.4142135623730951 0
85 127 85 1. 0
85 128 85 1. 0
85 129 84 1.4142135623730951 0
86 127 86 1. 0
86 128 86 -1. 0
126 127 126 1. 0
126 128 126 -1. 0
127 127 127 1. 0
127 128 128 1. 0
127 129 129 1. 0
128 127 128 1. 0
128 128 127 1. 0
128 129 129 1. 0
129 127 129 1. 0
129 128 129 1. 0
129 129 127 1. 0
129 129 128 1. 0