1 1 1 1 0 0 0 0 0 0 0 0 0 0 0 0 0 0 0 0 0 0 1 1 1 1 0 0 0 0 0 0 0 0 0 0 0 0 0 0 0 0 0 0 1 1 1 1 0 0 0 0 0 0 0 0 0 0 0 0 0 0 0 0 0 0 0 0 0 0 0 0 1 0 0 0 1 0 0 0 1 1 0 0
0 0 0 1. 0
18 0 18 1. 0
36 0 36 1. 0
54 0 54 1. 0
1 1 1 1. 0
19 1 19 1. 0
37 1 37 1. 0
55 1 55 1. 0
2 2 2 1. 0
20 2 20 1. 0
38 2 38 1. 0
56 2 56 1. 0
3 3 3 1. 0
21 3 21 1. 0
39 3 39 1. 0
57 3 57 1. 0
58 3 58 1. 0
59 3 59 1. 0
2 4 4 1. 0
20 4 22 1. 0
38 4 40 1. 0
56 4 60 1. 0
0 5 5 1. 0
18 5 23 1. 0
36 5 41 1. 0
54 5 61 1. 0
1 6 6 1. 0
19 6 24 1. 0
37 6 42 1. 0
55 6 62 1. 0
3 7 7 1. 0
21 7 25 1. 0
39 7 43 1. 0
57 7 63 1. 0
58 7 64 -0.4999999999999998 -0.8660254037844387
59 7 65 -0.4999999999999998 0.8660254037844387
1 8 8 1. 0
19 8 26 1. 0
37 8 44 1. 0
55 8 66 1. 0
2 9 9 1. 0
20 9 27 1. 0
38 9 45 1. 0
56 9 67 1. 0
0 10 10 1. 0
18 10 28 1. 0
36 10 46 1. 0
54 10 68 1. 0
3 11 11 1. 0
21 11 29 1. 0
39 11 47 1. 0
57 11 69 1. 0
58 11 70 -0.4999999999999998 0.8660254037844387
59 11 71 -0.4999999999999998 -0.8660254037844387
3 12 12 1. 0
21 12 30 1. 0
39 12 48 1. 0
57 12 72 -1. 0
58 12 73 -1. 0
59 12 74 -1. 0
3 13 13 1. 0
21 13 31 -0.4999999999999998 0.8660254037844387
39 13 49 -0.4999999999999998 -0.8660254037844387
57 13 75 -1. 0
58 13 76 -1. 0
59 13 77 -1. 0
3 14 14 1. 0
21 14 32 -0.4999999999999998 -0.8660254037844387
39 14 50 -0.4999999999999998 0.8660254037844387
57 14 78 -1. 0
58 14 79 -1. 0
59 14 80 -1. 0
0 15 15 1. 0
18 15 34 1. 0
36 15 53 1. 0
54 15 81 0.5773502691896258 0
54 15 82 0.5773502691896258 0
54 15 83 0.5773502691896258 0
1 16 16 1. 0
19 16 35 1. 0
37 16 51 1. 0
55 16 81 0.5773502691896258 0
55 16 82 -0.288675134594813 -0.5
55 16 83 -0.288675134594813 0.5
2 17 17 1. 0
20 17 33 1. 0
38 17 52 1. 0
56 17 81 0.5773502691896258 0
56 17 82 -0.288675134594813 0.5
56 17 83 -0.288675134594813 -0.5
5 18 0 1. 0
23 18 18 1. 0
41 18 36 1. 0
61 18 54 1. 0
6 19 1 1. 0
24 19 19 1. 0
42 19 37 1. 0
62 19 55 1. 0
4 20 2 1. 0
22 20 20 1. 0
40 20 38 1. 0
60 20 56 1. 0
7 21 3 1. 0
25 21 21 1. 0
43 21 39 1. 0
63 21 57 1. 0
64 21 58 -0.4999999999999998 0.8660254037844387
65 21 59 -0.4999999999999998 -0.8660254037844387
4 22 4 1. 0
22 22 22 1. 0
40 22 40 1. 0
60 22 60 1. 0
5 23 5 1. 0
23 23 23 1. 0
41 23 41 1. 0
61 23 61 1. 0
6 24 6 1. 0
24 24 24 1. 0
42 24 42 1. 0
62 24 62 1. 0
7 25 7 1. 0
25 25 25 1. 0
43 25 43 1. 0
63 25 63 1. 0
64 25 64 1. 0
65 25 65 1. 0
6 26 8 1. 0
24 26 26 1. 0
42 26 44 1. 0
62 26 66 1. 0
4 27 9 1. 0
22 27 27 1. 0
40 27 45 1. 0
60 27 67 1. 0
5 28 10 1. 0
23 28 28 1. 0
41 28 46 1. 0
61 28 68 1. 0
7 29 11 1. 0
25 29 29 1. 0
43 29 47 1. 0
63 29 69 1. 0
64 29 70 -0.4999999999999998 -0.8660254037844387
65 29 71 -0.4999999999999998 0.8660254037844387
7 30 12 1. 0
25 30 30 1. 0
43 30 48 1. 0
63 30 72 -1. 0
64 30 73 0.5000000000000001 -0.8660254037844386
65 30 74 0.5000000000000001 0.8660254037844386
7 31 13 -0.4999999999999998 -0.8660254037844387
25 31 31 1. 0
43 31 49 -0.4999999999999998 0.8660254037844387
63 31 75 0.5000000000000001 0.8660254037844386
64 31 76 -1. 0
65 31 77 0.5000000000000001 -0.8660254037844386
7 32 14 -0.4999999999999998 0.8660254037844387
25 32 32 1. 0
43 32 50 -0.4999999999999998 -0.8660254037844387
63 32 78 0.5000000000000001 -0.8660254037844386
64 32 79 0.5000000000000001 0.8660254037844386
65 32 80 -1. 0
4 33 17 1. 0
22 33 33 1. 0
40 33 52 1. 0
60 33 81 0.5773502691896258 0
60 33 82 -0.288675134594813 0.5
60 33 83 -0.288675134594813 -0.5
5 34 15 1. 0
23 34 34 1. 0
41 34 53 1. 0
61 34 81 0.5773502691896258 0
61 34 82 0.5773502691896258 0
61 34 83 0.5773502691896258 0
6 35 16 1. 0
24 35 35 1. 0
42 35 51 1. 0
62 35 81 0.5773502691896258 0
62 35 82 -0.2886751345948128 -0.5000000000000001
62 35 83 -0.2886751345948128 0.5000000000000001
10 36 0 1. 0
28 36 18 1. 0
46 36 36 1. 0
68 36 54 1. 0
8 37 1 1. 0
26 37 19 1. 0
44 37 37 1. 0
66 37 55 1. 0
9 38 2 1. 0
27 38 20 1. 0
45 38 38 1. 0
67 38 56 1. 0
11 39 3 1. 0
29 39 21 1. 0
47 39 39 1. 0
69 39 57 1. 0
70 39 58 -0.4999999999999998 -0.8660254037844387
71 39 59 -0.4999999999999998 0.8660254037844387
9 40 4 1. 0
27 40 22 1. 0
45 40 40 1. 0
67 40 60 1. 0
10 41 5 1. 0
28 41 23 1. 0
46 41 41 1. 0
68 41 61 1. 0
8 42 6 1. 0
26 42 24 1. 0
44 42 42 1. 0
66 42 62 1. 0
11 43 7 1. 0
29 43 25 1. 0
47 43 43 1. 0
69 43 63 1. 0
70 43 64 -0.4999999999999998 0.8660254037844387
71 43 65 -0.4999999999999998 -0.8660254037844387
8 44 8 1. 0
26 44 26 1. 0
44 44 44 1. 0
66 44 66 1. 0
9 45 9 1. 0
27 45 27 1. 0
45 45 45 1. 0
67 45 67 1. 0
10 46 10 1. 0
28 46 28 1. 0
46 46 46 1. 0
68 46 68 1. 0
11 47 11 1. 0
29 47 29 1. 0
47 47 47 1. 0
69 47 69 1. 0
70 47 70 1. 0
71 47 71 1. 0
11 48 12 1. 0
29 48 30 1. 0
47 48 48 1. 0
69 48 72 -1. 0
70 48 73 0.5000000000000001 0.8660254037844386
71 48 74 0.5000000000000001 -0.8660254037844386
11 49 13 -0.4999999999999998 0.8660254037844387
29 49 31 -0.4999999999999998 -0.8660254037844387
47 49 49 1. 0
69 49 75 0.5000000000000001 -0.8660254037844386
70 49 76 -1. 0
71 49 77 0.5000000000000001 0.8660254037844386
11 50 14 -0.4999999999999998 -0.8660254037844387
29 50 32 -0.4999999999999998 0.8660254037844387
47 50 50 1. 0
69 50 78 0.5000000000000001 0.8660254037844386
70 50 79 0.5000000000000001 -0.8660254037844386
71 50 80 -1. 0
8 51 16 1. 0
26 51 35 1. 0
44 51 51 1. 0
66 51 81 0.5773502691896258 0
66 51 82 -0.288675134594813 -0.5
66 51 83 -0.288675134594813 0.5
9 52 17 1. 0
27 52 33 1. 0
45 52 52 1. 0
67 52 81 0.5773502691896258 0
67 52 82 -0.2886751345948128 0.5000000000000001
67 52 83 -0.2886751345948128 -0.5000000000000001
10 53 15 1. 0
28 53 34 1. 0
46 53 53 1. 0
68 53 81 0.5773502691896258 0
68 53 82 0.5773502691896258 0
68 53 83 0.5773502691896258 0
15 54 0 1.7320508075688772 0
34 54 18 1.7320508075688772 0
53 54 36 1.7320508075688772 0
81 54 54 1. 0
82 54 54 1. 0
83 54 54 1. 0
16 55 1 1.7320508075688772 0
35 55 19 1.7320508075688772 0
51 55 37 1.7320508075688772 0
81 55 55 1. 0
82 55 55 -0.4999999999999998 0.8660254037844387
83 55 55 -0.4999999999999998 -0.8660254037844387
17 56 2 1.7320508075688772 0
33 56 20 1.7320508075688772 0
52 56 38 1.7320508075688772 0
81 56 56 1. 0
82 56 56 -0.4999999999999998 -0.8660254037844387
83 56 56 -0.4999999999999998 0.8660254037844387
12 57 3 -1. 0
30 57 21 -1. 0
48 57 39 -1. 0
72 57 57 1. 0
73 57 58 1. 0
74 57 59 1. 0
13 58 3 -1. 0
31 58 21 0.5000000000000001 0.8660254037844386
49 58 39 0.5000000000000001 -0.8660254037844386
75 58 57 1. 0
76 58 58 1. 0
77 58 59 1. 0
14 59 3 -1. 0
32 59 21 0.5000000000000001 -0.8660254037844386
50 59 39 0.5000000000000001 0.8660254037844386
78 59 57 1. 0
79 59 58 1. 0
80 59 59 1. 0
17 60 4 1.7320508075688772 0
33 60 22 1.7320508075688772 0
52 60 40 1.7320508075688772 0
81 60 60 1. 0
82 60 60 -0.4999999999999998 -0.8660254037844387
83 60 60 -0.4999999999999998 0.8660254037844387
15 61 5 1.7320508075688772 0
34 61 23 1.7320508075688772 0
53 61 41 1.7320508075688772 0
81 61 61 1. 0
82 61 61 1. 0
83 61 61 1. 0
16 62 6 1.7320508075688772 0
35 62 24 1.7320508075688772 0
51 62 42 1.7320508075688772 0
81 62 62 1. 0
82 62 62 -0.4999999999999998 0.8660254037844387
83 62 62 -0.4999999999999998 -0.8660254037844387
12 63 7 -1. 0
30 63 25 -1. 0
48 63 43 -1. 0
72 63 63 1. 0
73 63 64 -0.4999999999999998 -0.8660254037844387
74 63 65 -0.4999999999999998 0.8660254037844387
13 64 7 0.5000000000000001 -0.8660254037844386
31 64 25 -1. 0
49 64 43 0.5000000000000001 0.8660254037844386
75 64 63 -0.4999999999999998 0.8660254037844387
76 64 64 1. 0
77 64 65 -0.4999999999999998 -0.8660254037844387
14 65 7 0.5000000000000001 0.8660254037844386
32 65 25 -1. 0
50 65 43 0.5000000000000001 -0.8660254037844386
78 65 63 -0.4999999999999998 -0.8660254037844387
79 65 64 -0.4999999999999998 0.8660254037844387
80 65 65 1. 0
16 66 8 1.7320508075688772 0
35 66 26 1.7320508075688772 0
51 66 44 1.7320508075688772 0
81 66 66 1. 0
82 66 66 -0.4999999999999998 0.8660254037844387
83 66 66 -0.4999999999999998 -0.8660254037844387
17 67 9 1.7320508075688772 0
33 67 27 1.7320508075688772 0
52 67 45 1.7320508075688772 0
81 67 67 1. 0
82 67 67 -0.4999999999999998 -0.8660254037844387
83 67 67 -0.4999999999999998 0.8660254037844387
15 68 10 1.7320508075688772 0
34 68 28 1.7320508075688772 0
53 68 46 1.7320508075688772 0
81 68 68 1. 0
82 68 68 1. 0
83 68 68 1. 0
12 69 11 -1. 0
30 69 29 -1. 0
48 69 47 -1. 0
72 69 69 1. 0
73 69 70 -0.4999999999999998 0.8660254037844387
74 69 71 -0.4999999999999998 -0.8660254037844387
13 70 11 0.5000000000000001 0.8660254037844386
31 70 29 0.5000000000000001 -0.8660254037844386
49 70 47 -1. 0
75 70 69 -0.4999999999999998 -0.8660254037844387
76 70 70 1. 0
77 70 71 -0.4999999999999998 0.8660254037844387
14 71 11 0.5000000000000001 -0.8660254037844386
32 71 29 0.5000000000000001 0.8660254037844386
50 71 47 -1. 0
78 71 69 -0.4999999999999998 0.8660254037844387
79 71 70 -0.4999999999999998 -0.8660254037844387
80 71 71 1. 0
12 72 12 1. 0
30 72 30 1. 0
48 72 48 1. 0
72 72 72 1. 0
73 72 73 1. 0
74 72 74 1. 0
13 73 12 1. 0
31 73 30 -0.4999999999999998 -0.8660254037844387
49 73 48 -0.4999999999999998 0.8660254037844387
75 73 72 1. 0
76 73 73 1. 0
77 73 74 1. 0
14 74 12 1. 0
32 74 30 -0.4999999999999998 0.8660254037844387
50 74 48 -0.4999999999999998 -0.8660254037844387
78 74 72 1. 0
79 74 73 1. 0
80 74 74 1. 0
12 75 13 1. 0
30 75 31 -0.4999999999999998 0.8660254037844387
48 75 49 -0.4999999999999998 -0.8660254037844387
72 75 75 1. 0
73 75 76 1. 0
74 75 77 1. 0
13 76 13 1. 0
31 76 31 1. 0
49 76 49 1. 0
75 76 75 1. 0
76 76 76 1. 0
77 76 77 1. 0
14 77 13 1. 0
32 77 31 -0.4999999999999998 -0.8660254037844387
50 77 49 -0.4999999999999998 0.8660254037844387
78 77 75 1. 0
79 77 76 1. 0
80 77 77 1. 0
12 78 14 1. 0
30 78 32 -0.4999999999999998 -0.8660254037844387
48 78 50 -0.4999999999999998 0.8660254037844387
72 78 78 1. 0
73 78 79 1. 0
74 78 80 1. 0
13 79 14 1. 0
31 79 32 -0.4999999999999998 0.8660254037844387
49 79 50 -0.4999999999999998 -0.8660254037844387
75 79 78 1. 0
76 79 79 1. 0
77 79 80 1. 0
14 80 14 1. 0
32 80 32 1. 0
50 80 50 1. 0
78 80 78 1. 0
79 80 79 1. 0
80 80 80 1. 0
15 81 15 1. 0
15 82 15 1. 0
15 83 15 1. 0
16 81 16 1. 0
16 82 16 -0.4999999999999998 0.8660254037844387
16 83 16 -0.4999999999999998 -0.8660254037844387
17 81 17 1. 0
17 82 17 -0.4999999999999998 -0.8660254037844387
17 83 17 -0.4999999999999998 0.8660254037844387
33 81 33 1. 0
33 82 33 -0.4999999999999998 -0.8660254037844387
33 83 33 -0.4999999999999998 0.8660254037844387
34 81 34 1. 0
34 82 34 1. 0
34 83 34 1. 0
35 81 35 1. 0
35 82 35 -0.4999999999999998 0.8660254037844387
35 83 35 -0.4999999999999998 -0.8660254037844387
51 81 51 1. 0
51 82 51 -0.4999999999999998 0.8660254037844387
51 83 51 -0.4999999999999998 -0.8660254037844387
52 81 52 1. 0
52 82 52 -0.4999999999999998 -0.8660254037844387
52 83 52 -0.4999999999999998 0.8660254037844387
53 81 53 1. 0
53 82 53 1. 0
53 83 53 1. 0
81 81 81 1. 0
81 82 82 1. 0
81 83 83 1. 0
82 81 82 1. 0
82 82 83 1. 0
82 83 81 1. 0
83 81 83 1. 0
83 82 81 1. 0
83 83 82 1. 0