1 1 1 1 1 1 0 0 0 0 0 0 0 0 0 0 0 0 0 0 0 0 0 0 0 0 0 0 0 0 0 0 0 0 0 0 0 0 0 0 0 0 1 1 1 1 1 1 0 0 0 0 0 0 0 0 0 0 0 0 0 0 0 0 0 0 0 0 0 0 0 0 0 0 0 0 0 0 0 0 0 0 0 0 1 1 1 1 1 1 0 0 0 0 0 0 0 0 0 0 0 0 0 0 0 0 0 0 0 0 0 0 0 0 0 0 0 0 0 0 0 0 0 0 0 0 1 1 1 1 1 1 0 0 0 0 0 0 0 0 0 0 0 0 0 0 0 0 0 0 0 0 0 0 0 0 0 0 0 0 0 0 0 0 0 0 0 0 1 1 1 1 1 1 0 0 0 0 0 0 0 0 0 0 0 0 0 0 0 0 0 0 0 0 0 0 0 0 0 0 0 0 0 0 0 0 0 0 0 0 1 1 1 1 1 1
0 0 0 1. 0
36 0 36 1. 0
72 0 72 1. 0
108 0 108 1. 0
144 0 144 1. 0
180 0 180 1. 0
1 1 1 1. 0
37 1 37 1. 0
73 1 73 1. 0
109 1 109 1. 0
145 1 145 1. 0
181 1 181 1. 0
2 2 2 1. 0
38 2 38 1. 0
74 2 74 1. 0
110 2 110 1. 0
146 2 146 1. 0
182 2 182 1. 0
3 3 3 1. 0
39 3 39 1. 0
75 3 75 1. 0
111 3 111 1. 0
147 3 147 1. 0
183 3 183 1. 0
4 4 4 1. 0
40 4 40 1. 0
76 4 76 1. 0
112 4 112 1. 0
148 4 148 1. 0
184 4 184 1. 0
5 5 5 1. 0
41 5 41 1. 0
77 5 77 1. 0
113 5 113 1. 0
149 5 149 1. 0
185 5 185 1. 0
1 6 6 1. 0
37 6 42 -1. 0
73 6 78 1. 0
109 6 114 1. 0
145 6 150 -1. 0
181 6 186 -1. 0
0 7 7 1. 0
36 7 43 1. 0
72 7 79 1. 0
108 7 115 1. 0
144 7 151 1. 0
180 7 187 1. 0
5 8 8 1. 0
41 8 44 -1. 0
77 8 80 1. 0
113 8 116 1. 0
149 8 152 -1. 0
185 8 188 1. 0
4 9 9 1. 0
40 9 45 -1. 0
76 9 81 1. 0
112 9 117 -1. 0
148 9 153 -1. 0
184 9 189 -1. 0
3 10 10 1. 0
39 10 46 1. 0
75 10 82 1. 0
111 10 118 1. 0
147 10 154 1. 0
183 10 190 -1. 0
2 11 11 1. 0
38 11 47 1. 0
74 11 83 1. 0
110 11 119 -1. 0
146 11 155 1. 0
182 11 191 1. 0
2 12 12 1. 0
38 12 48 1. 0
74 12 84 -1. 0
110 12 120 -1. 0
146 12 156 1. 0
182 12 192 -1. 0
4 13 13 1. 0
40 13 49 1. 0
76 13 85 -1. 0
112 13 121 -1. 0
148 13 157 -1. 0
184 13 193 -1. 0
0 14 14 1. 0
36 14 50 1. 0
72 14 86 1. 0
108 14 122 1. 0
144 14 158 1. 0
180 14 194 1. 0
5 15 15 1. 0
41 15 51 1. 0
77 15 87 1. 0
113 15 123 1. 0
149 15 159 -1. 0
185 15 195 1. 0
1 16 16 1. 0
37 16 52 1. 0
73 16 88 1. 0
109 16 124 -1. 0
145 16 160 1. 0
181 16 196 1. 0
3 17 17 1. 0
39 17 53 1. 0
75 17 89 -1. 0
111 17 125 1. 0
147 17 161 1. 0
183 17 197 -1. 0
3 18 18 1. 0
39 18 54 1. 0
75 18 90 1. 0
111 18 126 -1. 0
147 18 162 -1. 0
183 18 198 -1. 0
5 19 19 1. 0
41 19 55 1. 0
77 19 91 1. 0
113 19 127 -1. 0
149 19 163 -1. 0
185 19 199 1. 0
4 20 20 1. 0
40 20 56 1. 0
76 20 92 1. 0
112 20 128 -1. 0
148 20 164 -1. 0
184 20 200 -1. 0
0 21 21 1. 0
36 21 57 1. 0
72 21 93 1. 0
108 21 129 1. 0
144 21 165 1. 0
180 21 201 1. 0
2 22 22 1. 0
38 22 58 1. 0
74 22 94 1. 0
110 22 130 1. 0
146 22 166 1. 0
182 22 202 1. 0
1 23 23 1. 0
37 23 59 1. 0
73 23 95 -1. 0
109 23 131 1. 0
145 23 167 1. 0
181 23 203 1. 0
5 24 24 1. 0
41 24 60 -1. 0
77 24 96 1. 0
113 24 132 -1. 0
149 24 168 1. 0
185 24 204 1. 0
3 25 25 1. 0
39 25 61 1. 0
75 25 97 -1. 0
111 25 133 -1. 0
147 25 169 -1. 0
183 25 205 -1. 0
1 26 26 1. 0
37 26 62 -1. 0
73 26 98 1. 0
109 26 134 1. 0
145 26 170 -1. 0
181 26 206 1. 0
2 27 27 1. 0
38 27 63 1. 0
74 27 99 -1. 0
110 27 135 -1. 0
146 27 171 1. 0
182 27 207 -1. 0
0 28 28 1. 0
36 28 64 1. 0
72 28 100 1. 0
108 28 136 1. 0
144 28 172 1. 0
180 28 208 1. 0
4 29 29 1. 0
40 29 65 -1. 0
76 29 101 1. 0
112 29 137 1. 0
148 29 173 1. 0
184 29 209 1. 0
4 30 30 1. 0
40 30 66 -1. 0
76 30 102 -1. 0
112 30 138 1. 0
148 30 174 1. 0
184 30 210 1. 0
2 31 31 1. 0
38 31 67 1. 0
74 31 103 -1. 0
110 31 139 -1. 0
146 31 175 -1. 0
182 31 211 -1. 0
3 32 32 1. 0
39 32 68 1. 0
75 32 104 -1. 0
111 32 140 -1. 0
147 32 176 -1. 0
183 32 212 1. 0
1 33 33 1. 0
37 33 69 -1. 0
73 33 105 1. 0
109 33 141 1. 0
145 33 177 1. 0
181 33 213 -1. 0
5 34 34 1. 0
41 34 70 -1. 0
77 34 106 1. 0
113 34 142 1. 0
149 34 178 1. 0
185 34 214 1. 0
0 35 35 1. 0
36 35 71 1. 0
72 35 107 1. 0
108 35 143 1. 0
144 35 179 1. 0
180 35 215 1. 0
7 36 0 1. 0
43 36 36 1. 0
79 36 72 1. 0
115 36 108 1. 0
151 36 144 1. 0
187 36 180 1. 0
6 37 1 -1. 0
42 37 37 1. 0
78 37 73 -1. 0
114 37 109 -1. 0
150 37 145 1. 0
186 37 181 1. 0
11 38 2 1. 0
47 38 38 1. 0
83 38 74 1. 0
119 38 110 -1. 0
155 38 146 1. 0
191 38 182 1. 0
10 39 3 1. 0
46 39 39 1. 0
82 39 75 1. 0
118 39 111 1. 0
154 39 147 1. 0
190 39 183 -1. 0
9 40 4 -1. 0
45 40 40 1. 0
81 40 76 -1. 0
117 40 112 1. 0
153 40 148 1. 0
189 40 184 1. 0
8 41 5 -1. 0
44 41 41 1. 0
80 41 77 -1. 0
116 41 113 -1. 0
152 41 149 1. 0
188 41 185 -1. 0
6 42 6 1. 0
42 42 42 1. 0
78 42 78 1. 0
114 42 114 1. 0
150 42 150 1. 0
186 42 186 1. 0
7 43 7 1. 0
43 43 43 1. 0
79 43 79 1. 0
115 43 115 1. 0
151 43 151 1. 0
187 43 187 1. 0
8 44 8 1. 0
44 44 44 1. 0
80 44 80 1. 0
116 44 116 1. 0
152 44 152 1. 0
188 44 188 1. 0
9 45 9 1. 0
45 45 45 1. 0
81 45 81 1. 0
117 45 117 1. 0
153 45 153 1. 0
189 45 189 1. 0
10 46 10 1. 0
46 46 46 1. 0
82 46 82 1. 0
118 46 118 1. 0
154 46 154 1. 0
190 46 190 1. 0
11 47 11 1. 0
47 47 47 1. 0
83 47 83 1. 0
119 47 119 1. 0
155 47 155 1. 0
191 47 191 1. 0
11 48 12 1. 0
47 48 48 1. 0
83 48 84 -1. 0
119 48 120 1. 0
155 48 156 1. 0
191 48 192 -1. 0
9 49 13 -1. 0
45 49 49 1. 0
81 49 85 1. 0
117 49 121 -1. 0
153 49 157 -1. 0
189 49 193 -1. 0
7 50 14 1. 0
43 50 50 1. 0
79 50 86 1. 0
115 50 122 1. 0
151 50 158 1. 0
187 50 194 1. 0
8 51 15 -1. 0
44 51 51 1. 0
80 51 87 -1. 0
116 51 123 -1. 0
152 51 159 -1. 0
188 51 195 -1. 0
6 52 16 -1. 0
42 52 52 1. 0
78 52 88 -1. 0
114 52 124 1. 0
150 52 160 1. 0
186 52 196 1. 0
10 53 17 1. 0
46 53 53 1. 0
82 53 89 -1. 0
118 53 125 1. 0
154 53 161 1. 0
190 53 197 1. 0
10 54 18 1. 0
46 54 54 1. 0
82 54 90 1. 0
118 54 126 -1. 0
154 54 162 -1. 0
190 54 198 1. 0
8 55 19 -1. 0
44 55 55 1. 0
80 55 91 -1. 0
116 55 127 1. 0
152 55 163 -1. 0
188 55 199 -1. 0
9 56 20 -1. 0
45 56 56 1. 0
81 56 92 -1. 0
117 56 128 -1. 0
153 56 164 -1. 0
189 56 200 -1. 0
7 57 21 1. 0
43 57 57 1. 0
79 57 93 1. 0
115 57 129 1. 0
151 57 165 1. 0
187 57 201 1. 0
11 58 22 1. 0
47 58 58 1. 0
83 58 94 1. 0
119 58 130 -1. 0
155 58 166 1. 0
191 58 202 1. 0
6 59 23 -1. 0
42 59 59 1. 0
78 59 95 1. 0
114 59 131 -1. 0
150 59 167 1. 0
186 59 203 1. 0
8 60 24 1. 0
44 60 60 1. 0
80 60 96 1. 0
116 60 132 -1. 0
152 60 168 -1. 0
188 60 204 1. 0
10 61 25 1. 0
46 61 61 1. 0
82 61 97 -1. 0
118 61 133 -1. 0
154 61 169 -1. 0
190 61 205 1. 0
6 62 26 1. 0
42 62 62 1. 0
78 62 98 1. 0
114 62 134 1. 0
150 62 170 1. 0
186 62 206 -1. 0
11 63 27 1. 0
47 63 63 1. 0
83 63 99 -1. 0
119 63 135 1. 0
155 63 171 1. 0
191 63 207 -1. 0
7 64 28 1. 0
43 64 64 1. 0
79 64 100 1. 0
115 64 136 1. 0
151 64 172 1. 0
187 64 208 1. 0
9 65 29 1. 0
45 65 65 1. 0
81 65 101 1. 0
117 65 137 -1. 0
153 65 173 -1. 0
189 65 209 -1. 0
9 66 30 1. 0
45 66 66 1. 0
81 66 102 -1. 0
117 66 138 -1. 0
153 66 174 -1. 0
189 66 210 -1. 0
11 67 31 1. 0
47 67 67 1. 0
83 67 103 -1. 0
119 67 139 1. 0
155 67 175 -1. 0
191 67 211 -1. 0
10 68 32 1. 0
46 68 68 1. 0
82 68 104 -1. 0
118 68 140 -1. 0
154 68 176 -1. 0
190 68 212 -1. 0
6 69 33 1. 0
42 69 69 1. 0
78 69 105 1. 0
114 69 141 1. 0
150 69 177 -1. 0
186 69 213 1. 0
8 70 34 1. 0
44 70 70 1. 0
80 70 106 1. 0
116 70 142 1. 0
152 70 178 -1. 0
188 70 214 1. 0
7 71 35 1. 0
43 71 71 1. 0
79 71 107 1. 0
115 71 143 1. 0
151 71 179 1. 0
187 71 215 1. 0
14 72 0 1. 0
50 72 36 1. 0
86 72 72 1. 0
122 72 108 1. 0
158 72 144 1. 0
194 72 180 1. 0
16 73 1 1. 0
52 73 37 1. 0
88 73 73 1. 0
124 73 109 -1. 0
160 73 145 1. 0
196 73 181 1. 0
12 74 2 -1. 0
48 74 38 -1. 0
84 74 74 1. 0
120 74 110 1. 0
156 74 146 -1. 0
192 74 182 1. 0
17 75 3 -1. 0
53 75 39 -1. 0
89 75 75 1. 0
125 75 111 -1. 0
161 75 147 -1. 0
197 75 183 1. 0
13 76 4 -1. 0
49 76 40 -1. 0
85 76 76 1. 0
121 76 112 1. 0
157 76 148 1. 0
193 76 184 1. 0
15 77 5 1. 0
51 77 41 1. 0
87 77 77 1. 0
123 77 113 1. 0
159 77 149 -1. 0
195 77 185 1. 0
16 78 6 1. 0
52 78 42 -1. 0
88 78 78 1. 0
124 78 114 -1. 0
160 78 150 -1. 0
196 78 186 -1. 0
14 79 7 1. 0
50 79 43 1. 0
86 79 79 1. 0
122 79 115 1. 0
158 79 151 1. 0
194 79 187 1. 0
15 80 8 1. 0
51 80 44 -1. 0
87 80 80 1. 0
123 80 116 1. 0
159 80 152 1. 0
195 80 188 1. 0
13 81 9 -1. 0
49 81 45 1. 0
85 81 81 1. 0
121 81 117 -1. 0
157 81 153 -1. 0
193 81 189 -1. 0
17 82 10 -1. 0
53 82 46 -1. 0
89 82 82 1. 0
125 82 118 -1. 0
161 82 154 -1. 0
197 82 190 -1. 0
12 83 11 -1. 0
48 83 47 -1. 0
84 83 83 1. 0
120 83 119 -1. 0
156 83 155 -1. 0
192 83 191 1. 0
12 84 12 1. 0
48 84 48 1. 0
84 84 84 1. 0
120 84 120 1. 0
156 84 156 1. 0
192 84 192 1. 0
13 85 13 1. 0
49 85 49 1. 0
85 85 85 1. 0
121 85 121 1. 0
157 85 157 1. 0
193 85 193 1. 0
14 86 14 1. 0
50 86 50 1. 0
86 86 86 1. 0
122 86 122 1. 0
158 86 158 1. 0
194 86 194 1. 0
15 87 15 1. 0
51 87 51 1. 0
87 87 87 1. 0
123 87 123 1. 0
159 87 159 1. 0
195 87 195 1. 0
16 88 16 1. 0
52 88 52 1. 0
88 88 88 1. 0
124 88 124 1. 0
160 88 160 1. 0
196 88 196 1. 0
17 89 17 1. 0
53 89 53 1. 0
89 89 89 1. 0
125 89 125 1. 0
161 89 161 1. 0
197 89 197 1. 0
17 90 18 -1. 0
53 90 54 -1. 0
89 90 90 1. 0
125 90 126 1. 0
161 90 162 1. 0
197 90 198 -1. 0
15 91 19 1. 0
51 91 55 1. 0
87 91 91 1. 0
123 91 127 -1. 0
159 91 163 1. 0
195 91 199 1. 0
13 92 20 -1. 0
49 92 56 -1. 0
85 92 92 1. 0
121 92 128 -1. 0
157 92 164 -1. 0
193 92 200 -1. 0
14 93 21 1. 0
50 93 57 1. 0
86 93 93 1. 0
122 93 129 1. 0
158 93 165 1. 0
194 93 201 1. 0
12 94 22 -1. 0
48 94 58 -1. 0
84 94 94 1. 0
120 94 130 1. 0
156 94 166 -1. 0
192 94 202 1. 0
16 95 23 -1. 0
52 95 59 -1. 0
88 95 95 1. 0
124 95 131 1. 0
160 95 167 -1. 0
196 95 203 -1. 0
15 96 24 1. 0
51 96 60 -1. 0
87 96 96 1. 0
123 96 132 -1. 0
159 96 168 -1. 0
195 96 204 1. 0
17 97 25 1. 0
53 97 61 1. 0
89 97 97 1. 0
125 97 133 -1. 0
161 97 169 -1. 0
197 97 205 1. 0
16 98 26 1. 0
52 98 62 -1. 0
88 98 98 1. 0
124 98 134 -1. 0
160 98 170 -1. 0
196 98 206 1. 0
12 99 27 1. 0
48 99 63 1. 0
84 99 99 1. 0
120 99 135 1. 0
156 99 171 1. 0
192 99 207 1. 0
14 100 28 1. 0
50 100 64 1. 0
86 100 100 1. 0
122 100 136 1. 0
158 100 172 1. 0
194 100 208 1. 0
13 101 29 -1. 0
49 101 65 1. 0
85 101 101 1. 0
121 101 137 1. 0
157 101 173 1. 0
193 101 209 1. 0
13 102 30 1. 0
49 102 66 -1. 0
85 102 102 1. 0
121 102 138 -1. 0
157 102 174 -1. 0
193 102 210 -1. 0
12 103 31 1. 0
48 103 67 1. 0
84 103 103 1. 0
120 103 139 1. 0
156 103 175 -1. 0
192 103 211 1. 0
17 104 32 1. 0
53 104 68 1. 0
89 104 104 1. 0
125 104 140 -1. 0
161 104 176 -1. 0
197 104 212 -1. 0
16 105 33 1. 0
52 105 69 -1. 0
88 105 105 1. 0
124 105 141 -1. 0
160 105 177 1. 0
196 105 213 -1. 0
15 106 34 1. 0
51 106 70 -1. 0
87 106 106 1. 0
123 106 142 1. 0
159 106 178 -1. 0
195 106 214 1. 0
14 107 35 1. 0
50 107 71 1. 0
86 107 107 1. 0
122 107 143 1. 0
158 107 179 1. 0
194 107 215 1. 0
21 108 0 1. 0
57 108 36 1. 0
93 108 72 1. 0
129 108 108 1. 0
165 108 144 1. 0
201 108 180 1. 0
23 109 1 1. 0
59 109 37 1. 0
95 109 73 -1. 0
131 109 109 1. 0
167 109 145 1. 0
203 109 181 1. 0
22 110 2 1. 0
58 110 38 1. 0
94 110 74 1. 0
130 110 110 1. 0
166 110 146 1. 0
202 110 182 1. 0
18 111 3 -1. 0
54 111 39 -1. 0
90 111 75 -1. 0
126 111 111 1. 0
162 111 147 1. 0
198 111 183 1. 0
20 112 4 -1. 0
56 112 40 -1. 0
92 112 76 -1. 0
128 112 112 1. 0
164 112 148 1. 0
200 112 184 1. 0
19 113 5 -1. 0
55 113 41 -1. 0
91 113 77 -1. 0
127 113 113 1. 0
163 113 149 1. 0
199 113 185 -1. 0
23 114 6 1. 0
59 114 42 -1. 0
95 114 78 -1. 0
131 114 114 1. 0
167 114 150 -1. 0
203 114 186 -1. 0
21 115 7 1. 0
57 115 43 1. 0
93 115 79 1. 0
129 115 115 1. 0
165 115 151 1. 0
201 115 187 1. 0
19 116 8 -1. 0
55 116 44 1. 0
91 116 80 -1. 0
127 116 116 1. 0
163 116 152 -1. 0
199 116 188 -1. 0
20 117 9 1. 0
56 117 45 -1. 0
92 117 81 1. 0
128 117 117 1. 0
164 117 153 1. 0
200 117 189 1. 0
18 118 10 -1. 0
54 118 46 -1. 0
90 118 82 -1. 0
126 118 118 1. 0
162 118 154 1. 0
198 118 190 -1. 0
22 119 11 -1. 0
58 119 47 -1. 0
94 119 83 -1. 0
130 119 119 1. 0
166 119 155 -1. 0
202 119 191 -1. 0
22 120 12 -1. 0
58 120 48 -1. 0
94 120 84 1. 0
130 120 120 1. 0
166 120 156 -1. 0
202 120 192 1. 0
20 121 13 1. 0
56 121 49 1. 0
92 121 85 -1. 0
128 121 121 1. 0
164 121 157 1. 0
200 121 193 1. 0
21 122 14 1. 0
57 122 50 1. 0
93 122 86 1. 0
129 122 122 1. 0
165 122 158 1. 0
201 122 194 1. 0
19 123 15 -1. 0
55 123 51 -1. 0
91 123 87 -1. 0
127 123 123 1. 0
163 123 159 -1. 0
199 123 195 -1. 0
23 124 16 -1. 0
59 124 52 -1. 0
95 124 88 1. 0
131 124 124 1. 0
167 124 160 -1. 0
203 124 196 -1. 0
18 125 17 -1. 0
54 125 53 -1. 0
90 125 89 1. 0
126 125 125 1. 0
162 125 161 1. 0
198 125 197 -1. 0
18 126 18 1. 0
54 126 54 1. 0
90 126 90 1. 0
126 126 126 1. 0
162 126 162 1. 0
198 126 198 1. 0
19 127 19 1. 0
55 127 55 1. 0
91 127 91 1. 0
127 127 127 1. 0
163 127 163 1. 0
199 127 199 1. 0
20 128 20 1. 0
56 128 56 1. 0
92 128 92 1. 0
128 128 128 1. 0
164 128 164 1. 0
200 128 200 1. 0
21 129 21 1. 0
57 129 57 1. 0
93 129 93 1. 0
129 129 129 1. 0
165 129 165 1. 0
201 129 201 1. 0
22 130 22 1. 0
58 130 58 1. 0
94 130 94 1. 0
130 130 130 1. 0
166 130 166 1. 0
202 130 202 1. 0
23 131 23 1. 0
59 131 59 1. 0
95 131 95 1. 0
131 131 131 1. 0
167 131 167 1. 0
203 131 203 1. 0
19 132 24 1. 0
55 132 60 -1. 0
91 132 96 1. 0
127 132 132 1. 0
163 132 168 -1. 0
199 132 204 1. 0
18 133 25 1. 0
54 133 61 1. 0
90 133 97 -1. 0
126 133 133 1. 0
162 133 169 1. 0
198 133 205 1. 0
23 134 26 1. 0
59 134 62 -1. 0
95 134 98 -1. 0
131 134 134 1. 0
167 134 170 -1. 0
203 134 206 1. 0
22 135 27 -1. 0
58 135 63 -1. 0
94 135 99 1. 0
130 135 135 1. 0
166 135 171 -1. 0
202 135 207 1. 0
21 136 28 1. 0
57 136 64 1. 0
93 136 100 1. 0
129 136 136 1. 0
165 136 172 1. 0
201 136 208 1. 0
20 137 29 -1. 0
56 137 65 1. 0
92 137 101 -1. 0
128 137 137 1. 0
164 137 173 1. 0
200 137 209 1. 0
20 138 30 -1. 0
56 138 66 1. 0
92 138 102 1. 0
128 138 138 1. 0
164 138 174 1. 0
200 138 210 1. 0
22 139 31 -1. 0
58 139 67 -1. 0
94 139 103 1. 0
130 139 139 1. 0
166 139 175 1. 0
202 139 211 1. 0
18 140 32 1. 0
54 140 68 1. 0
90 140 104 -1. 0
126 140 140 1. 0
162 140 176 1. 0
198 140 212 -1. 0
23 141 33 1. 0
59 141 69 -1. 0
95 141 105 -1. 0
131 141 141 1. 0
167 141 177 1. 0
203 141 213 -1. 0
19 142 34 -1. 0
55 142 70 1. 0
91 142 106 -1. 0
127 142 142 1. 0
163 142 178 1. 0
199 142 214 -1. 0
21 143 35 1. 0
57 143 71 1. 0
93 143 107 1. 0
129 143 143 1. 0
165 143 179 1. 0
201 143 215 1. 0
28 144 0 1. 0
64 144 36 1. 0
100 144 72 1. 0
136 144 108 1. 0
172 144 144 1. 0
208 144 180 1. 0
26 145 1 -1. 0
62 145 37 1. 0
98 145 73 -1. 0
134 145 109 -1. 0
170 145 145 1. 0
206 145 181 -1. 0
27 146 2 1. 0
63 146 38 1. 0
99 146 74 -1. 0
135 146 110 -1. 0
171 146 146 1. 0
207 146 182 -1. 0
25 147 3 -1. 0
61 147 39 -1. 0
97 147 75 1. 0
133 147 111 1. 0
169 147 147 1. 0
205 147 183 1. 0
29 148 4 1. 0
65 148 40 -1. 0
101 148 76 1. 0
137 148 112 1. 0
173 148 148 1. 0
209 148 184 1. 0
24 149 5 1. 0
60 149 41 -1. 0
96 149 77 1. 0
132 149 113 -1. 0
168 149 149 1. 0
204 149 185 1. 0
26 150 6 1. 0
62 150 42 1. 0
98 150 78 1. 0
134 150 114 1. 0
170 150 150 1. 0
206 150 186 -1. 0
28 151 7 1. 0
64 151 43 1. 0
100 151 79 1. 0
136 151 115 1. 0
172 151 151 1. 0
208 151 187 1. 0
24 152 8 -1. 0
60 152 44 -1. 0
96 152 80 -1. 0
132 152 116 1. 0
168 152 152 1. 0
204 152 188 -1. 0
29 153 9 -1. 0
65 153 45 -1. 0
101 153 81 -1. 0
137 153 117 1. 0
173 153 153 1. 0
209 153 189 1. 0
25 154 10 -1. 0
61 154 46 -1. 0
97 154 82 1. 0
133 154 118 1. 0
169 154 154 1. 0
205 154 190 -1. 0
27 155 11 1. 0
63 155 47 1. 0
99 155 83 -1. 0
135 155 119 1. 0
171 155 155 1. 0
207 155 191 -1. 0
27 156 12 1. 0
63 156 48 1. 0
99 156 84 1. 0
135 156 120 1. 0
171 156 156 1. 0
207 156 192 1. 0
29 157 13 -1. 0
65 157 49 1. 0
101 157 85 1. 0
137 157 121 1. 0
173 157 157 1. 0
209 157 193 1. 0
28 158 14 1. 0
64 158 50 1. 0
100 158 86 1. 0
136 158 122 1. 0
172 158 158 1. 0
208 158 194 1. 0
24 159 15 -1. 0
60 159 51 1. 0
96 159 87 -1. 0
132 159 123 1. 0
168 159 159 1. 0
204 159 195 -1. 0
26 160 16 -1. 0
62 160 52 1. 0
98 160 88 -1. 0
134 160 124 1. 0
170 160 160 1. 0
206 160 196 -1. 0
25 161 17 -1. 0
61 161 53 -1. 0
97 161 89 -1. 0
133 161 125 1. 0
169 161 161 1. 0
205 161 197 -1. 0
25 162 18 1. 0
61 162 54 1. 0
97 162 90 -1. 0
133 162 126 1. 0
169 162 162 1. 0
205 162 198 1. 0
24 163 19 -1. 0
60 163 55 1. 0
96 163 91 -1. 0
132 163 127 -1. 0
168 163 163 1. 0
204 163 199 -1. 0
29 164 20 -1. 0
65 164 56 1. 0
101 164 92 -1. 0
137 164 128 1. 0
173 164 164 1. 0
209 164 200 1. 0
28 165 21 1. 0
64 165 57 1. 0
100 165 93 1. 0
136 165 129 1. 0
172 165 165 1. 0
208 165 201 1. 0
27 166 22 1. 0
63 166 58 1. 0
99 166 94 -1. 0
135 166 130 -1. 0
171 166 166 1. 0
207 166 202 -1. 0
26 167 23 -1. 0
62 167 59 1. 0
98 167 95 1. 0
134 167 131 -1. 0
170 167 167 1. 0
206 167 203 -1. 0
24 168 24 1. 0
60 168 60 1. 0
96 168 96 1. 0
132 168 132 1. 0
168 168 168 1. 0
204 168 204 1. 0
25 169 25 1. 0
61 169 61 1. 0
97 169 97 1. 0
133 169 133 1. 0
169 169 169 1. 0
205 169 205 1. 0
26 170 26 1. 0
62 170 62 1. 0
98 170 98 1. 0
134 170 134 1. 0
170 170 170 1. 0
206 170 206 1. 0
27 171 27 1. 0
63 171 63 1. 0
99 171 99 1. 0
135 171 135 1. 0
171 171 171 1. 0
207 171 207 1. 0
28 172 28 1. 0
64 172 64 1. 0
100 172 100 1. 0
136 172 136 1. 0
172 172 172 1. 0
208 172 208 1. 0
29 173 29 1. 0
65 173 65 1. 0
101 173 101 1. 0
137 173 137 1. 0
173 173 173 1. 0
209 173 209 1. 0
29 174 30 1. 0
65 174 66 1. 0
101 174 102 -1. 0
137 174 138 1. 0
173 174 174 1. 0
209 174 210 1. 0
27 175 31 -1. 0
63 175 67 -1. 0
99 175 103 -1. 0
135 175 139 -1. 0
171 175 175 1. 0
207 175 211 -1. 0
25 176 32 1. 0
61 176 68 1. 0
97 176 104 1. 0
133 176 140 1. 0
169 176 176 1. 0
205 176 212 -1. 0
26 177 33 -1. 0
62 177 69 -1. 0
98 177 105 -1. 0
134 177 141 -1. 0
170 177 177 1. 0
206 177 213 1. 0
24 178 34 1. 0
60 178 70 1. 0
96 178 106 1. 0
132 178 142 -1. 0
168 178 178 1. 0
204 178 214 1. 0
28 179 35 1. 0
64 179 71 1. 0
100 179 107 1. 0
136 179 143 1. 0
172 179 179 1. 0
208 179 215 1. 0
35 180 0 1. 0
71 180 36 1. 0
107 180 72 1. 0
143 180 108 1. 0
179 180 144 1. 0
215 180 180 1. 0
33 181 1 -1. 0
69 181 37 1. 0
105 181 73 -1. 0
141 181 109 -1. 0
177 181 145 -1. 0
213 181 181 1. 0
31 182 2 -1. 0
67 182 38 -1. 0
103 182 74 1. 0
139 182 110 1. 0
175 182 146 1. 0
211 182 182 1. 0
32 183 3 1. 0
68 183 39 1. 0
104 183 75 -1. 0
140 183 111 -1. 0
176 183 147 -1. 0
212 183 183 1. 0
30 184 4 1. 0
66 184 40 -1. 0
102 184 76 -1. 0
138 184 112 1. 0
174 184 148 1. 0
210 184 184 1. 0
34 185 5 1. 0
70 185 41 -1. 0
106 185 77 1. 0
142 185 113 1. 0
178 185 149 1. 0
214 185 185 1. 0
33 186 6 1. 0
69 186 42 1. 0
105 186 78 1. 0
141 186 114 1. 0
177 186 150 -1. 0
213 186 186 1. 0
35 187 7 1. 0
71 187 43 1. 0
107 187 79 1. 0
143 187 115 1. 0
179 187 151 1. 0
215 187 187 1. 0
34 188 8 1. 0
70 188 44 1. 0
106 188 80 1. 0
142 188 116 1. 0
178 188 152 -1. 0
214 188 188 1. 0
30 189 9 -1. 0
66 189 45 -1. 0
102 189 81 1. 0
138 189 117 1. 0
174 189 153 1. 0
210 189 189 1. 0
32 190 10 -1. 0
68 190 46 -1. 0
104 190 82 1. 0
140 190 118 1. 0
176 190 154 1. 0
212 190 190 1. 0
31 191 11 -1. 0
67 191 47 -1. 0
103 191 83 1. 0
139 191 119 -1. 0
175 191 155 1. 0
211 191 191 1. 0
31 192 12 1. 0
67 192 48 1. 0
103 192 84 1. 0
139 192 120 1. 0
175 192 156 -1. 0
211 192 192 1. 0
30 193 13 -1. 0
66 193 49 1. 0
102 193 85 -1. 0
138 193 121 1. 0
174 193 157 1. 0
210 193 193 1. 0
35 194 14 1. 0
71 194 50 1. 0
107 194 86 1. 0
143 194 122 1. 0
179 194 158 1. 0
215 194 194 1. 0
34 195 15 1. 0
70 195 51 -1. 0
106 195 87 1. 0
142 195 123 1. 0
178 195 159 -1. 0
214 195 195 1. 0
33 196 16 -1. 0
69 196 52 1. 0
105 196 88 -1. 0
141 196 124 1. 0
177 196 160 -1. 0
213 196 196 1. 0
32 197 17 -1. 0
68 197 53 -1. 0
104 197 89 -1. 0
140 197 125 1. 0
176 197 161 1. 0
212 197 197 1. 0
32 198 18 -1. 0
68 198 54 -1. 0
104 198 90 1. 0
140 198 126 -1. 0
176 198 162 -1. 0
212 198 198 1. 0
34 199 19 1. 0
70 199 55 -1. 0
106 199 91 1. 0
142 199 127 -1. 0
178 199 163 -1. 0
214 199 199 1. 0
30 200 20 -1. 0
66 200 56 1. 0
102 200 92 1. 0
138 200 128 1. 0
174 200 164 1. 0
210 200 200 1. 0
35 201 21 1. 0
71 201 57 1. 0
107 201 93 1. 0
143 201 129 1. 0
179 201 165 1. 0
215 201 201 1. 0
31 202 22 -1. 0
67 202 58 -1. 0
103 202 94 1. 0
139 202 130 1. 0
175 202 166 1. 0
211 202 202 1. 0
33 203 23 -1. 0
69 203 59 1. 0
105 203 95 1. 0
141 203 131 -1. 0
177 203 167 -1. 0
213 203 203 1. 0
34 204 24 1. 0
70 204 60 1. 0
106 204 96 1. 0
142 204 132 -1. 0
178 204 168 1. 0
214 204 204 1. 0
32 205 25 -1. 0
68 205 61 -1. 0
104 205 97 -1. 0
140 205 133 -1. 0
176 205 169 -1. 0
212 205 205 1. 0
33 206 26 -1. 0
69 206 62 -1. 0
105 206 98 -1. 0
141 206 134 -1. 0
177 206 170 1. 0
213 206 206 1. 0
31 207 27 1. 0
67 207 63 1. 0
103 207 99 1. 0
139 207 135 1. 0
175 207 171 -1. 0
211 207 207 1. 0
35 208 28 1. 0
71 208 64 1. 0
107 208 100 1. 0
143 208 136 1. 0
179 208 172 1. 0
215 208 208 1. 0
30 209 29 1. 0
66 209 65 1. 0
102 209 101 -1. 0
138 209 137 1. 0
174 209 173 1. 0
210 209 209 1. 0
30 210 30 1. 0
66 210 66 1. 0
102 210 102 1. 0
138 210 138 1. 0
174 210 174 1. 0
210 210 210 1. 0
31 211 31 1. 0
67 211 67 1. 0
103 211 103 1. 0
139 211 139 1. 0
175 211 175 1. 0
211 211 211 1. 0
32 212 32 1. 0
68 212 68 1. 0
104 212 104 1. 0
140 212 140 1. 0
176 212 176 1. 0
212 212 212 1. 0
33 213 33 1. 0
69 213 69 1. 0
105 213 105 1. 0
141 213 141 1. 0
177 213 177 1. 0
213 213 213 1. 0
34 214 34 1. 0
70 214 70 1. 0
106 214 106 1. 0
142 214 142 1. 0
178 214 178 1. 0
214 214 214 1. 0
35 215 35 1. 0
71 215 71 1. 0
107 215 107 1. 0
143 215 143 1. 0
179 215 179 1. 0
215 215 215 1. 0