1 1 1 1 1 0 0 0 0 0 0 0 0 0 0 0 0 0 0 0 0 0 0 0 0 0 0 0 0 0 0 0 0 1 1 1 1 1 0 0 0 0 0 0 0 0 0 0 0 0 0 0 0 0 0 0 0 0 0 0 0 0 0 0 0 0 1 1 1 1 1 0 0 0 0 0 0 0 0 0 0 0 0 0 0 0 0 0 0 0 0 0 0 0 0 0 0 0 0 1 1 1 1 1 0 0 0 0 0 0 0 0 0 0 0 0 0 0 0 0 0 0 0 0 0 0 0 0 0 0 0 0 0 0 0 0 0 0 0 0 0 0 0 0 1 0 0 0 0 1 0 0 0 0 1 0 0 0 0 1 1 0 0 0
0 0 0 1. 0
28 0 28 1. 0
56 0 56 1. 0
84 0 84 1. 0
112 0 112 1. 0
1 1 1 1. 0
29 1 29 1. 0
57 1 57 1. 0
85 1 85 1. 0
113 1 113 1. 0
2 2 2 1. 0
30 2 30 1. 0
58 2 58 1. 0
86 2 86 1. 0
114 2 114 1. 0
3 3 3 1. 0
31 3 31 1. 0
59 3 59 1. 0
87 3 87 1. 0
115 3 115 1. 0
4 4 4 1. 0
32 4 32 1. 0
60 4 60 1. 0
88 4 88 1. 0
116 4 116 1. 0
117 4 117 1. 0
118 4 118 1. 0
119 4 119 1. 0
1 5 5 1. 0
29 5 33 1. 0
57 5 61 1. 0
85 5 89 1. 0
113 5 120 1. 0
0 6 6 1. 0
28 6 34 1. 0
56 6 62 1. 0
84 6 90 1. 0
112 6 121 1. 0
3 7 7 1. 0
31 7 35 1. 0
59 7 63 1. 0
87 7 91 1. 0
115 7 122 1. 0
2 8 8 1. 0
30 8 36 1. 0
58 8 64 1. 0
86 8 92 1. 0
114 8 123 1. 0
4 9 9 1. 0
32 9 37 1. 0
60 9 65 1. 0
88 9 93 1. 0
116 9 124 1. 0
117 9 125 1. 0
118 9 126 -1. 0
119 9 127 -1. 0
3 10 10 1. 0
31 10 38 1. 0
59 10 66 1. 0
87 10 94 1. 0
115 10 128 1. 0
2 11 11 1. 0
30 11 39 1. 0
58 11 67 1. 0
86 11 95 1. 0
114 11 129 1. 0
0 12 12 1. 0
28 12 40 1. 0
56 12 68 1. 0
84 12 96 1. 0
112 12 130 1. 0
1 13 13 1. 0
29 13 41 1. 0
57 13 69 1. 0
85 13 97 1. 0
113 13 131 1. 0
4 14 14 1. 0
32 14 42 1. 0
60 14 70 1. 0
88 14 98 1. 0
116 14 132 1. 0
117 14 133 -1. 0
118 14 134 0. 1.
119 14 135 0. -1.
2 15 15 1. 0
30 15 43 1. 0
58 15 71 1. 0
86 15 99 1. 0
114 15 136 1. 0
3 16 16 1. 0
31 16 44 1. 0
59 16 72 1. 0
87 16 100 1. 0
115 16 137 1. 0
1 17 17 1. 0
29 17 45 1. 0
57 17 73 1. 0
85 17 101 1. 0
113 17 138 1. 0
0 18 18 1. 0
28 18 46 1. 0
56 18 74 1. 0
84 18 102 1. 0
112 18 139 1. 0
4 19 19 1. 0
32 19 47 1. 0
60 19 75 1. 0
88 19 103 1. 0
116 19 140 1. 0
117 19 141 -1. 0
118 19 142 0. -1.
119 19 143 0. 1.
4 20 20 1. 0
32 20 48 1. 0
60 20 76 1. 0
88 20 104 1. 0
116 20 144 -1. 0
117 20 145 -1. 0
118 20 146 -1. 0
119 20 147 -1. 0
4 21 21 1. 0
32 21 49 1. 0
60 21 77 -1. 0
88 21 105 -1. 0
116 21 148 -1. 0
117 21 149 -1. 0
118 21 150 -1. 0
119 21 151 -1. 0
4 22 22 1. 0
32 22 50 -1. 0
60 22 78 0. -1.
88 22 106 0. 1.
116 22 152 -1. 0
117 22 153 -1. 0
118 22 154 -1. 0
119 22 155 -1. 0
4 23 23 1. 0
32 23 51 -1. 0
60 23 79 0. 1.
88 23 107 0. -1.
116 23 156 -1. 0
117 23 157 -1. 0
118 23 158 -1. 0
119 23 159 -1. 0
0 24 24 1. 0
28 24 53 1. 0
56 24 82 1. 0
84 24 111 1. 0
112 24 160 0.5 0
112 24 161 0.5 0
112 24 162 0.5 0
112 24 163 0.5 0
1 25 25 1. 0
29 25 52 1. 0
57 25 83 1. 0
85 25 110 1. 0
113 25 160 0.5 0
113 25 161 0.5 0
113 25 162 -0.5 0
113 25 163 -0.5 0
2 26 26 1. 0
30 26 55 1. 0
58 26 81 1. 0
86 26 108 1. 0
114 26 160 0.5 0
114 26 161 -0.5 0
114 26 162 0. 0.5
114 26 163 0. -0.5
3 27 27 1. 0
31 27 54 1. 0
59 27 80 1. 0
87 27 109 1. 0
115 27 160 0.5 0
115 27 161 -0.5 0
115 27 162 0. -0.5
115 27 163 0. 0.5
6 28 0 1. 0
34 28 28 1. 0
62 28 56 1. 0
90 28 84 1. 0
121 28 112 1. 0
5 29 1 1. 0
33 29 29 1. 0
61 29 57 1. 0
89 29 85 1. 0
120 29 113 1. 0
8 30 2 1. 0
36 30 30 1. 0
64 30 58 1. 0
92 30 86 1. 0
123 30 114 1. 0
7 31 3 1. 0
35 31 31 1. 0
63 31 59 1. 0
91 31 87 1. 0
122 31 115 1. 0
9 32 4 1. 0
37 32 32 1. 0
65 32 60 1. 0
93 32 88 1. 0
124 32 116 1. 0
125 32 117 1. 0
126 32 118 -1. 0
127 32 119 -1. 0
5 33 5 1. 0
33 33 33 1. 0
61 33 61 1. 0
89 33 89 1. 0
120 33 120 1. 0
6 34 6 1. 0
34 34 34 1. 0
62 34 62 1. 0
90 34 90 1. 0
121 34 121 1. 0
7 35 7 1. 0
35 35 35 1. 0
63 35 63 1. 0
91 35 91 1. 0
122 35 122 1. 0
8 36 8 1. 0
36 36 36 1. 0
64 36 64 1. 0
92 36 92 1. 0
123 36 123 1. 0
9 37 9 1. 0
37 37 37 1. 0
65 37 65 1. 0
93 37 93 1. 0
124 37 124 1. 0
125 37 125 1. 0
126 37 126 1. 0
127 37 127 1. 0
7 38 10 1. 0
35 38 38 1. 0
63 38 66 1. 0
91 38 94 1. 0
122 38 128 1. 0
8 39 11 1. 0
36 39 39 1. 0
64 39 67 1. 0
92 39 95 1. 0
123 39 129 1. 0
6 40 12 1. 0
34 40 40 1. 0
62 40 68 1. 0
90 40 96 1. 0
121 40 130 1. 0
5 41 13 1. 0
33 41 41 1. 0
61 41 69 1. 0
89 41 97 1. 0
120 41 131 1. 0
9 42 14 1. 0
37 42 42 1. 0
65 42 70 1. 0
93 42 98 1. 0
124 42 132 1. 0
125 42 133 -1. 0
126 42 134 0. -1.
127 42 135 0. 1.
8 43 15 1. 0
36 43 43 1. 0
64 43 71 1. 0
92 43 99 1. 0
123 43 136 1. 0
7 44 16 1. 0
35 44 44 1. 0
63 44 72 1. 0
91 44 100 1. 0
122 44 137 1. 0
5 45 17 1. 0
33 45 45 1. 0
61 45 73 1. 0
89 45 101 1. 0
120 45 138 1. 0
6 46 18 1. 0
34 46 46 1. 0
62 46 74 1. 0
90 46 102 1. 0
121 46 139 1. 0
9 47 19 1. 0
37 47 47 1. 0
65 47 75 1. 0
93 47 103 1. 0
124 47 140 1. 0
125 47 141 -1. 0
126 47 142 0. 1.
127 47 143 0. -1.
9 48 20 1. 0
37 48 48 1. 0
65 48 76 1. 0
93 48 104 1. 0
124 48 144 -1. 0
125 48 145 -1. 0
126 48 146 1. 0
127 48 147 1. 0
9 49 21 1. 0
37 49 49 1. 0
65 49 77 -1. 0
93 49 105 -1. 0
124 49 148 -1. 0
125 49 149 -1. 0
126 49 150 1. 0
127 49 151 1. 0
9 50 22 -1. 0
37 50 50 1. 0
65 50 78 0. 1.
93 50 106 0. -1.
124 50 152 1. 0
125 50 153 1. 0
126 50 154 -1. 0
127 50 155 -1. 0
9 51 23 -1. 0
37 51 51 1. 0
65 51 79 0. -1.
93 51 107 0. 1.
124 51 156 1. 0
125 51 157 1. 0
126 51 158 -1. 0
127 51 159 -1. 0
5 52 25 1. 0
33 52 52 1. 0
61 52 83 1. 0
89 52 110 1. 0
120 52 160 0.5 0
120 52 161 0.5 0
120 52 162 -0.5 0
120 52 163 -0.5 0
6 53 24 1. 0
34 53 53 1. 0
62 53 82 1. 0
90 53 111 1. 0
121 53 160 0.5 0
121 53 161 0.5 0
121 53 162 0.5 0
121 53 163 0.5 0
7 54 27 1. 0
35 54 54 1. 0
63 54 80 1. 0
91 54 109 1. 0
122 54 160 0.5 0
122 54 161 -0.5 0
122 54 162 0. -0.5
122 54 163 0. 0.5
8 55 26 1. 0
36 55 55 1. 0
64 55 81 1. 0
92 55 108 1. 0
123 55 160 0.5 0
123 55 161 -0.5 0
123 55 162 0. 0.5
123 55 163 0. -0.5
12 56 0 1. 0
40 56 28 1. 0
68 56 56 1. 0
96 56 84 1. 0
130 56 112 1. 0
13 57 1 1. 0
41 57 29 1. 0
69 57 57 1. 0
97 57 85 1. 0
131 57 113 1. 0
11 58 2 1. 0
39 58 30 1. 0
67 58 58 1. 0
95 58 86 1. 0
129 58 114 1. 0
10 59 3 1. 0
38 59 31 1. 0
66 59 59 1. 0
94 59 87 1. 0
128 59 115 1. 0
14 60 4 1. 0
42 60 32 1. 0
70 60 60 1. 0
98 60 88 1. 0
132 60 116 1. 0
133 60 117 -1. 0
134 60 118 0. -1.
135 60 119 0. 1.
13 61 5 1. 0
41 61 33 1. 0
69 61 61 1. 0
97 61 89 1. 0
131 61 120 1. 0
12 62 6 1. 0
40 62 34 1. 0
68 62 62 1. 0
96 62 90 1. 0
130 62 121 1. 0
10 63 7 1. 0
38 63 35 1. 0
66 63 63 1. 0
94 63 91 1. 0
128 63 122 1. 0
11 64 8 1. 0
39 64 36 1. 0
67 64 64 1. 0
95 64 92 1. 0
129 64 123 1. 0
14 65 9 1. 0
42 65 37 1. 0
70 65 65 1. 0
98 65 93 1. 0
132 65 124 1. 0
133 65 125 -1. 0
134 65 126 0. 1.
135 65 127 0. -1.
10 66 10 1. 0
38 66 38 1. 0
66 66 66 1. 0
94 66 94 1. 0
128 66 128 1. 0
11 67 11 1. 0
39 67 39 1. 0
67 67 67 1. 0
95 67 95 1. 0
129 67 129 1. 0
12 68 12 1. 0
40 68 40 1. 0
68 68 68 1. 0
96 68 96 1. 0
130 68 130 1. 0
13 69 13 1. 0
41 69 41 1. 0
69 69 69 1. 0
97 69 97 1. 0
131 69 131 1. 0
14 70 14 1. 0
42 70 42 1. 0
70 70 70 1. 0
98 70 98 1. 0
132 70 132 1. 0
133 70 133 1. 0
134 70 134 1. 0
135 70 135 1. 0
11 71 15 1. 0
39 71 43 1. 0
67 71 71 1. 0
95 71 99 1. 0
129 71 136 1. 0
10 72 16 1. 0
38 72 44 1. 0
66 72 72 1. 0
94 72 100 1. 0
128 72 137 1. 0
13 73 17 1. 0
41 73 45 1. 0
69 73 73 1. 0
97 73 101 1. 0
131 73 138 1. 0
12 74 18 1. 0
40 74 46 1. 0
68 74 74 1. 0
96 74 102 1. 0
130 74 139 1. 0
14 75 19 1. 0
42 75 47 1. 0
70 75 75 1. 0
98 75 103 1. 0
132 75 140 1. 0
133 75 141 1. 0
134 75 142 -1. 0
135 75 143 -1. 0
14 76 20 1. 0
42 76 48 1. 0
70 76 76 1. 0
98 76 104 1. 0
132 76 144 -1. 0
133 76 145 1. 0
134 76 146 0. 1.
135 76 147 0. -1.
14 77 21 -1. 0
42 77 49 -1. 0
70 77 77 1. 0
98 77 105 1. 0
132 77 148 1. 0
133 77 149 -1. 0
134 77 150 0. -1.
135 77 151 0. 1.
14 78 22 0. 1.
42 78 50 0. -1.
70 78 78 1. 0
98 78 106 -1. 0
132 78 152 0. -1.
133 78 153 0. 1.
134 78 154 -1. 0
135 78 155 1. 0
14 79 23 0. -1.
42 79 51 0. 1.
70 79 79 1. 0
98 79 107 -1. 0
132 79 156 0. 1.
133 79 157 0. -1.
134 79 158 1. 0
135 79 159 -1. 0
10 80 27 1. 0
38 80 54 1. 0
66 80 80 1. 0
94 80 109 1. 0
128 80 160 0.5 0
128 80 161 -0.5 0
128 80 162 0. -0.5
128 80 163 0. 0.5
11 81 26 1. 0
39 81 55 1. 0
67 81 81 1. 0
95 81 108 1. 0
129 81 160 0.5 0
129 81 161 -0.5 0
129 81 162 0. 0.5
129 81 163 0. -0.5
12 82 24 1. 0
40 82 53 1. 0
68 82 82 1. 0
96 82 111 1. 0
130 82 160 0.5 0
130 82 161 0.5 0
130 82 162 0.5 0
130 82 163 0.5 0
13 83 25 1. 0
41 83 52 1. 0
69 83 83 1. 0
97 83 110 1. 0
131 83 160 0.5 0
131 83 161 0.5 0
131 83 162 -0.5 0
131 83 163 -0.5 0
18 84 0 1. 0
46 84 28 1. 0
74 84 56 1. 0
102 84 84 1. 0
139 84 112 1. 0
17 85 1 1. 0
45 85 29 1. 0
73 85 57 1. 0
101 85 85 1. 0
138 85 113 1. 0
15 86 2 1. 0
43 86 30 1. 0
71 86 58 1. 0
99 86 86 1. 0
136 86 114 1. 0
16 87 3 1. 0
44 87 31 1. 0
72 87 59 1. 0
100 87 87 1. 0
137 87 115 1. 0
19 88 4 1. 0
47 88 32 1. 0
75 88 60 1. 0
103 88 88 1. 0
140 88 116 1. 0
141 88 117 -1. 0
142 88 118 0. 1.
143 88 119 0. -1.
17 89 5 1. 0
45 89 33 1. 0
73 89 61 1. 0
101 89 89 1. 0
138 89 120 1. 0
18 90 6 1. 0
46 90 34 1. 0
74 90 62 1. 0
102 90 90 1. 0
139 90 121 1. 0
16 91 7 1. 0
44 91 35 1. 0
72 91 63 1. 0
100 91 91 1. 0
137 91 122 1. 0
15 92 8 1. 0
43 92 36 1. 0
71 92 64 1. 0
99 92 92 1. 0
136 92 123 1. 0
19 93 9 1. 0
47 93 37 1. 0
75 93 65 1. 0
103 93 93 1. 0
140 93 124 1. 0
141 93 125 -1. 0
142 93 126 0. -1.
143 93 127 0. 1.
16 94 10 1. 0
44 94 38 1. 0
72 94 66 1. 0
100 94 94 1. 0
137 94 128 1. 0
15 95 11 1. 0
43 95 39 1. 0
71 95 67 1. 0
99 95 95 1. 0
136 95 129 1. 0
18 96 12 1. 0
46 96 40 1. 0
74 96 68 1. 0
102 96 96 1. 0
139 96 130 1. 0
17 97 13 1. 0
45 97 41 1. 0
73 97 69 1. 0
101 97 97 1. 0
138 97 131 1. 0
19 98 14 1. 0
47 98 42 1. 0
75 98 70 1. 0
103 98 98 1. 0
140 98 132 1. 0
141 98 133 1. 0
142 98 134 -1. 0
143 98 135 -1. 0
15 99 15 1. 0
43 99 43 1. 0
71 99 71 1. 0
99 99 99 1. 0
136 99 136 1. 0
16 100 16 1. 0
44 100 44 1. 0
72 100 72 1. 0
100 100 100 1. 0
137 100 137 1. 0
17 101 17 1. 0
45 101 45 1. 0
73 101 73 1. 0
101 101 101 1. 0
138 101 138 1. 0
18 102 18 1. 0
46 102 46 1. 0
74 102 74 1. 0
102 102 102 1. 0
139 102 139 1. 0
19 103 19 1. 0
47 103 47 1. 0
75 103 75 1. 0
103 103 103 1. 0
140 103 140 1. 0
141 103 141 1. 0
142 103 142 1. 0
143 103 143 1. 0
19 104 20 1. 0
47 104 48 1. 0
75 104 76 1. 0
103 104 104 1. 0
140 104 144 -1. 0
141 104 145 1. 0
142 104 146 0. -1.
143 104 147 0. 1.
19 105 21 -1. 0
47 105 49 -1. 0
75 105 77 1. 0
103 105 105 1. 0
140 105 148 1. 0
141 105 149 -1. 0
142 105 150 0. 1.
143 105 151 0. -1.
19 106 22 0. -1.
47 106 50 0. 1.
75 106 78 -1. 0
103 106 106 1. 0
140 106 152 0. 1.
141 106 153 0. -1.
142 106 154 -1. 0
143 106 155 1. 0
19 107 23 0. 1.
47 107 51 0. -1.
75 107 79 -1. 0
103 107 107 1. 0
140 107 156 0. -1.
141 107 157 0. 1.
142 107 158 1. 0
143 107 159 -1. 0
15 108 26 1. 0
43 108 55 1. 0
71 108 81 1. 0
99 108 108 1. 0
136 108 160 0.5 0
136 108 161 -0.5 0
136 108 162 0. 0.5
136 108 163 0. -0.5
16 109 27 1. 0
44 109 54 1. 0
72 109 80 1. 0
100 109 109 1. 0
137 109 160 0.5 0
137 109 161 -0.5 0
137 109 162 0. -0.5
137 109 163 0. 0.5
17 110 25 1. 0
45 110 52 1. 0
73 110 83 1. 0
101 110 110 1. 0
138 110 160 0.5 0
138 110 161 0.5 0
138 110 162 -0.5 0
138 110 163 -0.5 0
18 111 24 1. 0
46 111 53 1. 0
74 111 82 1. 0
102 111 111 1. 0
139 111 160 0.5 0
139 111 161 0.5 0
139 111 162 0.5 0
139 111 163 0.5 0
24 112 0 2. 0
53 112 28 2. 0
82 112 56 2. 0
111 112 84 2. 0
160 112 112 1. 0
161 112 112 1. 0
162 112 112 1. 0
163 112 112 1. 0
25 113 1 2. 0
52 113 29 2. 0
83 113 57 2. 0
110 113 85 2. 0
160 113 113 1. 0
161 113 113 1. 0
162 113 113 -1. 0
163 113 113 -1. 0
26 114 2 2. 0
55 114 30 2. 0
81 114 58 2. 0
108 114 86 2. 0
160 114 114 1. 0
161 114 114 -1. 0
162 114 114 0. -1.
163 114 114 0. 1.
27 115 3 2. 0
54 115 31 2. 0
80 115 59 2. 0
109 115 87 2. 0
160 115 115 1. 0
161 115 115 -1. 0
162 115 115 0. 1.
163 115 115 0. -1.
20 116 4 -1. 0
48 116 32 -1. 0
76 116 60 -1. 0
104 116 88 -1. 0
144 116 116 1. 0
145 116 117 1. 0
146 116 118 1. 0
147 116 119 1. 0
21 117 4 -1. 0
49 117 32 -1. 0
77 117 60 1. 0
105 117 88 1. 0
148 117 116 1. 0
149 117 117 1. 0
150 117 118 1. 0
151 117 119 1. 0
22 118 4 -1. 0
50 118 32 1. 0
78 118 60 0. -1.
106 118 88 0. 1.
152 118 116 1. 0
153 118 117 1. 0
154 118 118 1. 0
155 118 119 1. 0
23 119 4 -1. 0
51 119 32 1. 0
79 119 60 0. 1.
107 119 88 0. -1.
156 119 116 1. 0
157 119 117 1. 0
158 119 118 1. 0
159 119 119 1. 0
25 120 5 2. 0
52 120 33 2. 0
83 120 61 2. 0
110 120 89 2. 0
160 120 120 1. 0
161 120 120 1. 0
162 120 120 -1. 0
163 120 120 -1. 0
24 121 6 2. 0
53 121 34 2. 0
82 121 62 2. 0
111 121 90 2. 0
160 121 121 1. 0
161 121 121 1. 0
162 121 121 1. 0
163 121 121 1. 0
27 122 7 2. 0
54 122 35 2. 0
80 122 63 2. 0
109 122 91 2. 0
160 122 122 1. 0
161 122 122 -1. 0
162 122 122 0. 1.
163 122 122 0. -1.
26 123 8 2. 0
55 123 36 2. 0
81 123 64 2. 0
108 123 92 2. 0
160 123 123 1. 0
161 123 123 -1. 0
162 123 123 0. -1.
163 123 123 0. 1.
20 124 9 -1. 0
48 124 37 -1. 0
76 124 65 -1. 0
104 124 93 -1. 0
144 124 124 1. 0
145 124 125 1. 0
146 124 126 -1. 0
147 124 127 -1. 0
21 125 9 -1. 0
49 125 37 -1. 0
77 125 65 1. 0
105 125 93 1. 0
148 125 124 1. 0
149 125 125 1. 0
150 125 126 -1. 0
151 125 127 -1. 0
22 126 9 1. 0
50 126 37 -1. 0
78 126 65 0. 1.
106 126 93 0. -1.
152 126 124 -1. 0
153 126 125 -1. 0
154 126 126 1. 0
155 126 127 1. 0
23 127 9 1. 0
51 127 37 -1. 0
79 127 65 0. -1.
107 127 93 0. 1.
156 127 124 -1. 0
157 127 125 -1. 0
158 127 126 1. 0
159 127 127 1. 0
27 128 10 2. 0
54 128 38 2. 0
80 128 66 2. 0
109 128 94 2. 0
160 128 128 1. 0
161 128 128 -1. 0
162 128 128 0. 1.
163 128 128 0. -1.
26 129 11 2. 0
55 129 39 2. 0
81 129 67 2. 0
108 129 95 2. 0
160 129 129 1. 0
161 129 129 -1. 0
162 129 129 0. -1.
163 129 129 0. 1.
24 130 12 2. 0
53 130 40 2. 0
82 130 68 2. 0
111 130 96 2. 0
160 130 130 1. 0
161 130 130 1. 0
162 130 130 1. 0
163 130 130 1. 0
25 131 13 2. 0
52 131 41 2. 0
83 131 69 2. 0
110 131 97 2. 0
160 131 131 1. 0
161 131 131 1. 0
162 131 131 -1. 0
163 131 131 -1. 0
20 132 14 -1. 0
48 132 42 -1. 0
76 132 70 -1. 0
104 132 98 -1. 0
144 132 132 1. 0
145 132 133 -1. 0
146 132 134 0. 1.
147 132 135 0. -1.
21 133 14 1. 0
49 133 42 1. 0
77 133 70 -1. 0
105 133 98 -1. 0
148 133 132 -1. 0
149 133 133 1. 0
150 133 134 0. -1.
151 133 135 0. 1.
22 134 14 0. 1.
50 134 42 0. -1.
78 134 70 -1. 0
106 134 98 1. 0
152 134 132 0. -1.
153 134 133 0. 1.
154 134 134 1. 0
155 134 135 -1. 0
23 135 14 0. -1.
51 135 42 0. 1.
79 135 70 -1. 0
107 135 98 1. 0
156 135 132 0. 1.
157 135 133 0. -1.
158 135 134 -1. 0
159 135 135 1. 0
26 136 15 2. 0
55 136 43 2. 0
81 136 71 2. 0
108 136 99 2. 0
160 136 136 1. 0
161 136 136 -1. 0
162 136 136 0. -1.
163 136 136 0. 1.
27 137 16 2. 0
54 137 44 2. 0
80 137 72 2. 0
109 137 100 2. 0
160 137 137 1. 0
161 137 137 -1. 0
162 137 137 0. 1.
163 137 137 0. -1.
25 138 17 2. 0
52 138 45 2. 0
83 138 73 2. 0
110 138 101 2. 0
160 138 138 1. 0
161 138 138 1. 0
162 138 138 -1. 0
163 138 138 -1. 0
24 139 18 2. 0
53 139 46 2. 0
82 139 74 2. 0
111 139 102 2. 0
160 139 139 1. 0
161 139 139 1. 0
162 139 139 1. 0
163 139 139 1. 0
20 140 19 -1. 0
48 140 47 -1. 0
76 140 75 -1. 0
104 140 103 -1. 0
144 140 140 1. 0
145 140 141 -1. 0
146 140 142 0. -1.
147 140 143 0. 1.
21 141 19 1. 0
49 141 47 1. 0
77 141 75 -1. 0
105 141 103 -1. 0
148 141 140 -1. 0
149 141 141 1. 0
150 141 142 0. 1.
151 141 143 0. -1.
22 142 19 0. -1.
50 142 47 0. 1.
78 142 75 1. 0
106 142 103 -1. 0
152 142 140 0. 1.
153 142 141 0. -1.
154 142 142 1. 0
155 142 143 -1. 0
23 143 19 0. 1.
51 143 47 0. -1.
79 143 75 1. 0
107 143 103 -1. 0
156 143 140 0. -1.
157 143 141 0. 1.
158 143 142 -1. 0
159 143 143 1. 0
20 144 20 1. 0
48 144 48 1. 0
76 144 76 1. 0
104 144 104 1. 0
144 144 144 1. 0
145 144 145 1. 0
146 144 146 1. 0
147 144 147 1. 0
21 145 20 1. 0
49 145 48 1. 0
77 145 76 -1. 0
105 145 104 -1. 0
148 145 144 1. 0
149 145 145 1. 0
150 145 146 1. 0
151 145 147 1. 0
22 146 20 1. 0
50 146 48 -1. 0
78 146 76 0. 1.
106 146 104 0. -1.
152 146 144 1. 0
153 146 145 1. 0
154 146 146 1. 0
155 146 147 1. 0
23 147 20 1. 0
51 147 48 -1. 0
79 147 76 0. -1.
107 147 104 0. 1.
156 147 144 1. 0
157 147 145 1. 0
158 147 146 1. 0
159 147 147 1. 0
20 148 21 1. 0
48 148 49 1. 0
76 148 77 -1. 0
104 148 105 -1. 0
144 148 148 1. 0
145 148 149 1. 0
146 148 150 1. 0
147 148 151 1. 0
21 149 21 1. 0
49 149 49 1. 0
77 149 77 1. 0
105 149 105 1. 0
148 149 148 1. 0
149 149 149 1. 0
150 149 150 1. 0
151 149 151 1. 0
22 150 21 1. 0
50 150 49 -1. 0
78 150 77 0. -1.
106 150 105 0. 1.
152 150 148 1. 0
153 150 149 1. 0
154 150 150 1. 0
155 150 151 1. 0
23 151 21 1. 0
51 151 49 -1. 0
79 151 77 0. 1.
107 151 105 0. -1.
156 151 148 1. 0
157 151 149 1. 0
158 151 150 1. 0
159 151 151 1. 0
20 152 22 1. 0
48 152 50 -1. 0
76 152 78 0. -1.
104 152 106 0. 1.
144 152 152 1. 0
145 152 153 1. 0
146 152 154 1. 0
147 152 155 1. 0
21 153 22 1. 0
49 153 50 -1. 0
77 153 78 0. 1.
105 153 106 0. -1.
148 153 152 1. 0
149 153 153 1. 0
150 153 154 1. 0
151 153 155 1. 0
22 154 22 1. 0
50 154 50 1. 0
78 154 78 1. 0
106 154 106 1. 0
152 154 152 1. 0
153 154 153 1. 0
154 154 154 1. 0
155 154 155 1. 0
23 155 22 1. 0
51 155 50 1. 0
79 155 78 -1. 0
107 155 106 -1. 0
156 155 152 1. 0
157 155 153 1. 0
158 155 154 1. 0
159 155 155 1. 0
20 156 23 1. 0
48 156 51 -1. 0
76 156 79 0. 1.
104 156 107 0. -1.
144 156 156 1. 0
145 156 157 1. 0
146 156 158 1. 0
147 156 159 1. 0
21 157 23 1. 0
49 157 51 -1. 0
77 157 79 0. -1.
105 157 107 0. 1.
148 157 156 1. 0
149 157 157 1. 0
150 157 158 1. 0
151 157 159 1. 0
22 158 23 1. 0
50 158 51 1. 0
78 158 79 -1. 0
106 158 107 -1. 0
152 158 156 1. 0
153 158 157 1. 0
154 158 158 1. 0
155 158 159 1. 0
23 159 23 1. 0
51 159 51 1. 0
79 159 79 1. 0
107 159 107 1. 0
156 159 156 1. 0
157 159 157 1. 0
158 159 158 1. 0
159 159 159 1. 0
24 160 24 1. 0
24 161 24 1. 0
24 162 24 1. 0
24 163 24 1. 0
25 160 25 1. 0
25 161 25 1. 0
25 162 25 -1. 0
25 163 25 -1. 0
26 160 26 1. 0
26 161 26 -1. 0
26 162 26 0. -1.
26 163 26 0. 1.
27 160 27 1. 0
27 161 27 -1. 0
27 162 27 0. 1.
27 163 27 0. -1.
52 160 52 1. 0
52 161 52 1. 0
52 162 52 -1. 0
52 163 52 -1. 0
53 160 53 1. 0
53 161 53 1. 0
53 162 53 1. 0
53 163 53 1. 0
54 160 54 1. 0
54 161 54 -1. 0
54 162 54 0. 1.
54 163 54 0. -1.
55 160 55 1. 0
55 161 55 -1. 0
55 162 55 0. -1.
55 163 55 0. 1.
80 160 80 1. 0
80 161 80 -1. 0
80 162 80 0. 1.
80 163 80 0. -1.
81 160 81 1. 0
81 161 81 -1. 0
81 162 81 0. -1.
81 163 81 0. 1.
82 160 82 1. 0
82 161 82 1. 0
82 162 82 1. 0
82 163 82 1. 0
83 160 83 1. 0
83 161 83 1. 0
83 162 83 -1. 0
83 163 83 -1. 0
108 160 108 1. 0
108 161 108 -1. 0
108 162 108 0. -1.
108 163 108 0. 1.
109 160 109 1. 0
109 161 109 -1. 0
109 162 109 0. 1.
109 163 109 0. -1.
110 160 110 1. 0
110 161 110 1. 0
110 162 110 -1. 0
110 163 110 -1. 0
111 160 111 1. 0
111 161 111 1. 0
111 162 111 1. 0
111 163 111 1. 0
160 160 160 1. 0
160 161 161 1. 0
160 162 162 1. 0
160 163 163 1. 0
161 160 161 1. 0
161 161 160 1. 0
161 162 163 1. 0
161 163 162 1. 0
162 160 162 1. 0
162 161 163 1. 0
162 162 161 1. 0
162 163 160 1. 0
163 160 163 1. 0
163 161 162 1. 0
163 162 160 1. 0
163 163 161 1. 0