1 1 1 1 0 0 0 0 0 0 0 0 0 0 0 0 0 0 0 0 0 0 0 0 0 0 0 0 0 0 0 1 0 0 1 0 1 0 0 1 0 0 0 0 0 0 0 0 0 0 0 0 0 0 0 0 0 0 0 0 0 0 0 0 0 0 0 0 0 0 0 0 0 0 0 0 0 0 0 0 1 0 1 0 0 1 0 0 1 0 0 0 0 0 0 0 0 0 0 0 0 0 0 0 0 0 0 0 0 0 0 0 0 0 0 0 0 0 0 0 0 0 0 0 0 0 0 0 0 0 0 0 0 0 0 0 0 0 0 0 0 0 0 0 1 0 0 0 0 1 0 0 0 0 0 0 1 0 0 0 0 0 0 0 0 1 0 0 0
0 0 0 1. 0
25 0 25 1. 0
65 0 65 1. 0
105 0 105 1. 0
1 1 1 1. 0
26 1 26 1. 0
27 1 27 1. 0
66 1 66 1. 0
106 1 106 1. 0
107 1 107 1. 0
2 2 2 1. 0
28 2 28 1. 0
67 2 67 1. 0
68 2 68 1. 0
108 2 108 1. 0
109 2 109 1. 0
3 3 3 1. 0
29 3 29 1. 0
30 3 30 1. 0
69 3 69 1. 0
70 3 70 1. 0
110 3 110 1. 0
111 3 111 1. 0
112 3 112 1. 0
113 3 113 1. 0
1 4 4 1. 0
26 4 31 1.0000000000000002 0
27 4 32 1. 0
66 4 71 0.9999999999999999 0
106 4 114 1.0000000000000002 0
107 4 115 1. 0
0 5 5 1. 0
25 5 34 0.618033988749895 0
25 5 35 0.7861513777574233 0
65 5 72 0.9999999999999999 0
105 5 117 0.618033988749895 0
105 5 118 0.7861513777574233 0
1 6 6 1. 0
26 6 33 1. 0
27 6 34 0.7861513777574234 0
27 6 35 -0.6180339887498949 0
66 6 73 0.9999999999999999 0
106 6 116 1. 0
107 6 117 0.7861513777574234 0
107 6 118 -0.6180339887498949 0
3 7 7 1. 0
29 7 36 1.0000000000000002 0
30 7 37 -1. 0
69 7 74 0.9999999999999999 0
70 7 75 -0.9999999999999999 0
110 7 119 1.0000000000000002 0
111 7 120 1. 0
112 7 121 1.0000000000000002 0
113 7 122 1. 0
2 8 8 1. 0
28 8 39 0.618033988749895 0
28 8 40 -0.7861513777574233 0
67 8 76 0.9999999999999999 0
68 8 78 0.9999999999999999 0
108 8 124 0.618033988749895 0
108 8 125 0.7861513777574233 0
109 8 127 -0.618033988749895 0
109 8 128 0.7861513777574233 0
3 9 9 1. 0
29 9 38 -1. 0
30 9 39 0.7861513777574234 0
30 9 40 0.6180339887498949 0
69 9 77 -0.9999999999999999 0
70 9 79 0.9999999999999999 0
110 9 123 -1. 0
111 9 124 -0.7861513777574234 0
111 9 125 0.6180339887498949 0
112 9 126 -1. 0
113 9 127 0.7861513777574234 0
113 9 128 0.6180339887498949 0
2 10 10 1. 0
28 10 41 0.9999999999999999 0
67 10 80 1.0000000000000002 0
68 10 81 1. 0
108 10 129 1.0000000000000002 0
109 10 130 1. 0
3 11 11 1. 0
29 11 42 0.9999999999999999 0
30 11 43 0.9999999999999999 0
69 11 82 1.0000000000000002 0
70 11 83 1. 0
110 11 131 1.0000000000000002 0
111 11 132 -1.0000000000000002 0
112 11 133 -1. 0
113 11 134 -1. 0
0 12 12 1. 0
25 12 44 0.9999999999999999 0
65 12 85 0.618033988749895 0
65 12 86 0.7861513777574233 0
105 12 136 0.618033988749895 0
105 12 137 0.7861513777574233 0
2 13 13 1. 0
28 13 45 0.9999999999999999 0
67 13 84 1. 0
68 13 85 0.7861513777574234 0
68 13 86 -0.6180339887498949 0
108 13 135 1. 0
109 13 136 0.7861513777574234 0
109 13 137 -0.6180339887498949 0
1 14 14 1. 0
26 14 46 0.9999999999999999 0
27 14 47 -0.9999999999999999 0
66 14 88 0.618033988749895 0
66 14 89 0.7861513777574233 0
106 14 140 0.618033988749895 0
106 14 141 -0.7861513777574233 0
107 14 142 0.618033988749895 0
107 14 143 -0.7861513777574233 0
3 15 15 1. 0
29 15 48 -0.9999999999999999 0
30 15 49 -0.9999999999999999 0
69 15 87 1. 0
70 15 88 0.7861513777574234 0
70 15 89 -0.6180339887498949 0
110 15 138 1. 0
111 15 139 1. 0
112 15 140 -0.7861513777574234 0
112 15 141 -0.6180339887498949 0
113 15 142 -0.7861513777574234 0
113 15 143 -0.6180339887498949 0
3 16 16 1. 0
29 16 50 1.0000000000000002 0
30 16 51 1. 0
69 16 90 1.0000000000000002 0
70 16 91 1. 0
110 16 144 0.9999999999999999 0
111 16 145 1.0000000000000002 0
112 16 146 1.0000000000000002 0
113 16 147 -1.0000000000000002 0
2 17 17 1. 0
28 17 53 0.618033988749895 0
28 17 54 0.7861513777574233 0
67 17 92 1.0000000000000002 0
68 17 94 1. 0
108 17 149 0.6180339887498949 0
108 17 150 -0.7861513777574235 0
109 17 152 -0.618033988749895 0
109 17 153 0.7861513777574234 0
3 18 18 1. 0
29 18 52 1. 0
30 18 53 0.7861513777574234 0
30 18 54 -0.6180339887498949 0
69 18 93 1.0000000000000002 0
70 18 95 1. 0
110 18 148 -1.0000000000000002 0
111 18 149 -0.7861513777574233 0
111 18 150 -0.618033988749895 0
112 18 151 -1.0000000000000002 0
113 18 152 0.7861513777574235 0
113 18 153 0.618033988749895 0
1 19 19 1. 0
26 19 55 1.0000000000000002 0
27 19 56 -1. 0
66 19 97 0.618033988749895 0
66 19 98 -0.7861513777574233 0
106 19 156 0.6180339887498949 0
106 19 157 0.7861513777574235 0
107 19 158 0.618033988749895 0
107 19 159 -0.7861513777574234 0
3 20 20 1. 0
29 20 57 1.0000000000000002 0
30 20 58 1. 0
69 20 96 -1. 0
70 20 97 -0.7861513777574234 0
70 20 98 -0.6180339887498949 0
110 20 154 1.0000000000000002 0
111 20 155 -1.0000000000000002 0
112 20 156 0.7861513777574233 0
112 20 157 -0.618033988749895 0
113 20 158 0.7861513777574235 0
113 20 159 0.618033988749895 0
0 21 21 1. 0
25 21 60 0.618033988749895 0
25 21 61 0.7861513777574233 0
65 21 101 0.618033988749895 0
65 21 102 0.7861513777574233 0
105 21 165 0.38196601125010504 0
105 21 166 0.4858682717566459 0
105 21 167 0.4858682717566459 0
105 21 168 0.618033988749895 0
1 22 22 1. 0
26 22 59 1. 0
27 22 60 -0.7861513777574234 0
27 22 61 0.6180339887498949 0
66 22 103 -0.618033988749895 0
66 22 104 -0.7861513777574233 0
106 22 163 -0.618033988749895 0
106 22 164 -0.7861513777574234 0
107 22 165 -0.4858682717566457 0
107 22 166 0.3819660112501052 0
107 22 167 -0.618033988749895 0
107 22 168 0.4858682717566459 0
2 23 23 1. 0
28 23 63 -0.618033988749895 0
28 23 64 0.7861513777574233 0
67 23 99 1. 0
68 23 101 0.7861513777574234 0
68 23 102 -0.6180339887498949 0
108 23 161 -0.618033988749895 0
108 23 162 0.7861513777574234 0
109 23 165 0.4858682717566457 0
109 23 166 0.618033988749895 0
109 23 167 -0.3819660112501052 0
109 23 168 -0.4858682717566459 0
3 24 24 1. 0
29 24 62 1. 0
30 24 63 -0.7861513777574234 0
30 24 64 -0.6180339887498949 0
69 24 100 -1. 0
70 24 103 0.7861513777574234 0
70 24 104 -0.6180339887498949 0
110 24 160 -1.0000000000000002 0
111 24 161 0.7861513777574235 0
111 24 162 0.618033988749895 0
112 24 163 -0.7861513777574235 0
112 24 164 0.618033988749895 0
113 24 165 -0.6180339887498948 0
113 24 166 0.4858682717566459 0
113 24 167 0.4858682717566459 0
113 24 168 -0.38196601125010515 0
5 25 0 1.618033988749895 0
34 25 25 1. 0
35 25 25 1.272019649514069 0
72 25 65 1.618033988749895 0
117 25 105 0.9999999999999999 0
118 25 105 1.272019649514069 0
4 26 1 1.0000000000000002 0
31 26 26 1. 0
32 26 27 1. 0
71 26 66 1.0000000000000002 0
114 26 106 0.9999999999999999 0
115 26 107 1. 0
6 27 1 1.272019649514069 0
33 27 26 1.272019649514069 0
34 27 27 1. 0
35 27 27 -0.7861513777574234 0
73 27 66 1.272019649514069 0
116 27 106 1.272019649514069 0
117 27 107 0.9999999999999999 0
118 27 107 -0.7861513777574234 0
8 28 2 1.618033988749895 0
39 28 28 1. 0
40 28 28 -1.272019649514069 0
76 28 67 1.618033988749895 0
78 28 68 1.618033988749895 0
124 28 108 0.9999999999999999 0
125 28 108 1.272019649514069 0
127 28 109 -0.9999999999999999 0
128 28 109 1.272019649514069 0
7 29 3 1.0000000000000002 0
36 29 29 1. 0
37 29 30 -1. 0
74 29 69 1.0000000000000002 0
75 29 70 -1.0000000000000002 0
119 29 110 0.9999999999999999 0
120 29 111 1. 0
121 29 112 0.9999999999999999 0
122 29 113 1. 0
9 30 3 1.272019649514069 0
38 30 29 -1.272019649514069 0
39 30 30 1. 0
40 30 30 0.7861513777574234 0
77 30 69 -1.272019649514069 0
79 30 70 1.272019649514069 0
123 30 110 -1.272019649514069 0
124 30 111 -0.9999999999999999 0
125 30 111 0.7861513777574234 0
126 30 112 -1.272019649514069 0
127 30 113 0.9999999999999999 0
128 30 113 0.7861513777574234 0
4 31 4 1. 0
31 31 31 1. 0
32 31 32 1. 0
71 31 71 1. 0
114 31 114 1. 0
115 31 115 1. 0
6 32 4 1.272019649514069 0
33 32 31 1.272019649514069 0
34 32 32 1. 0
35 32 32 -0.7861513777574234 0
73 32 71 1.272019649514069 0
116 32 114 1.272019649514069 0
117 32 115 0.9999999999999999 0
118 32 115 -0.7861513777574234 0
4 33 6 1. 0
31 33 33 1. 0
32 33 34 0.7861513777574234 0
32 33 35 -0.6180339887498949 0
71 33 73 1. 0
114 33 116 0.9999999999999999 0
115 33 117 0.7861513777574234 0
115 33 118 -0.6180339887498949 0
5 34 5 1. 0
5 35 5 1.272019649514069 0
6 34 6 1. 0
6 35 6 -0.7861513777574234 0
33 34 33 1. 0
33 35 33 -0.7861513777574234 0
34 34 34 1. 0
34 35 35 1. 0
35 34 35 1. 0
35 35 34 0.9999999999999999 0
35 35 35 0.48586827175664576 0
72 34 72 1. 0
72 35 72 1.272019649514069 0
73 34 73 1. 0
73 35 73 -0.7861513777574234 0
116 34 116 1. 0
116 35 116 -0.7861513777574234 0
117 34 117 1. 0
117 35 118 0.9999999999999999 0
118 34 118 1. 0
118 35 117 0.9999999999999999 0
118 35 118 0.48586827175664576 0
7 36 7 1. 0
36 36 36 1. 0
37 36 37 1. 0
74 36 74 1. 0
75 36 75 1. 0
119 36 119 1. 0
120 36 120 1. 0
121 36 121 1. 0
122 36 122 1. 0
9 37 7 -1.272019649514069 0
38 37 36 1.272019649514069 0
39 37 37 1. 0
40 37 37 0.7861513777574234 0
77 37 74 1.272019649514069 0
79 37 75 1.272019649514069 0
123 37 119 1.272019649514069 0
124 37 120 0.9999999999999999 0
125 37 120 -0.7861513777574234 0
126 37 121 1.272019649514069 0
127 37 122 -0.9999999999999999 0
128 37 122 -0.7861513777574234 0
7 38 9 -1. 0
36 38 38 1. 0
37 38 39 0.7861513777574234 0
37 38 40 0.6180339887498949 0
74 38 77 1. 0
75 38 79 1. 0
119 38 123 0.9999999999999999 0
120 38 124 0.7861513777574234 0
120 38 125 -0.6180339887498949 0
121 38 126 0.9999999999999999 0
122 38 127 -0.7861513777574234 0
122 38 128 -0.6180339887498949 0
8 39 8 1. 0
8 40 8 -1.272019649514069 0
9 39 9 1. 0
9 40 9 0.7861513777574234 0
38 39 38 1. 0
38 40 38 0.7861513777574234 0
39 39 39 1. 0
39 40 40 1. 0
40 39 40 1. 0
40 40 39 0.9999999999999999 0
40 40 40 -0.48586827175664576 0
76 39 76 1. 0
76 40 76 -1.272019649514069 0
77 39 77 1. 0
77 40 77 0.7861513777574234 0
78 39 78 1. 0
78 40 78 -1.272019649514069 0
79 39 79 1. 0
79 40 79 0.7861513777574234 0
123 39 123 1. 0
123 40 123 0.7861513777574234 0
124 39 124 1. 0
124 40 125 -0.9999999999999999 0
125 39 125 1. 0
125 40 124 -1. 0
125 40 125 -0.48586827175664576 0
126 39 126 1. 0
126 40 126 0.7861513777574234 0
127 39 127 1. 0
127 40 128 0.9999999999999999 0
128 39 128 1. 0
128 40 127 0.9999999999999999 0
128 40 128 -0.48586827175664576 0
8 41 10 1.618033988749895 0
39 41 41 1. 0
40 41 41 -1.272019649514069 0
76 41 80 1.6180339887498951 0
78 41 81 1.618033988749895 0
124 41 129 1.0000000000000002 0
125 41 129 1.2720196495140692 0
127 41 130 -1. 0
128 41 130 1.272019649514069 0
7 42 11 1.0000000000000002 0
36 42 42 1. 0
37 42 43 -1. 0
74 42 82 1.0000000000000002 0
75 42 83 -1.0000000000000002 0
119 42 131 1.0000000000000002 0
120 42 132 -1.0000000000000002 0
121 42 133 -1. 0
122 42 134 -1. 0
9 43 11 1.272019649514069 0
38 43 42 -1.272019649514069 0
39 43 43 1. 0
40 43 43 0.7861513777574234 0
77 43 82 -1.2720196495140692 0
79 43 83 1.272019649514069 0
123 43 131 -1.2720196495140692 0
124 43 132 1.0000000000000002 0
125 43 132 -0.7861513777574235 0
126 43 133 1.272019649514069 0
127 43 134 -1. 0
128 43 134 -0.7861513777574234 0
5 44 12 1.618033988749895 0
34 44 44 1. 0
35 44 44 1.272019649514069 0
72 44 85 1.0000000000000002 0
72 44 86 1.272019649514069 0
117 44 136 0.618033988749895 0
117 44 137 0.7861513777574233 0
118 44 136 0.7861513777574235 0
118 44 137 0.9999999999999999 0
8 45 13 1.618033988749895 0
39 45 45 1. 0
40 45 45 -1.272019649514069 0
76 45 84 1.618033988749895 0
78 45 85 1.2720196495140692 0
78 45 86 -1.0000000000000002 0
124 45 135 1. 0
125 45 135 1.272019649514069 0
127 45 136 -0.7861513777574234 0
127 45 137 0.6180339887498949 0
128 45 136 1.0000000000000002 0
128 45 137 -0.7861513777574234 0
4 46 14 1.0000000000000002 0
31 46 46 1. 0
32 46 47 -1. 0
71 46 88 0.6180339887498949 0
71 46 89 0.7861513777574235 0
114 46 140 0.618033988749895 0
114 46 141 -0.7861513777574233 0
115 46 142 0.618033988749895 0
115 46 143 -0.7861513777574234 0
6 47 14 -1.272019649514069 0
33 47 46 -1.272019649514069 0
34 47 47 1. 0
35 47 47 -0.7861513777574234 0
73 47 88 -0.7861513777574236 0
73 47 89 -1.0000000000000002 0
116 47 140 -0.7861513777574235 0
116 47 141 0.9999999999999999 0
117 47 142 -0.618033988749895 0
117 47 143 0.7861513777574233 0
118 47 142 0.4858682717566457 0
118 47 143 -0.618033988749895 0
7 48 15 -1.0000000000000002 0
36 48 48 1. 0
37 48 49 -1. 0
74 48 87 -1.0000000000000002 0
75 48 88 0.7861513777574236 0
75 48 89 -0.6180339887498948 0
119 48 138 -1. 0
120 48 139 -1. 0
121 48 140 0.7861513777574234 0
121 48 141 0.6180339887498949 0
122 48 142 0.7861513777574235 0
122 48 143 0.618033988749895 0
9 49 15 -1.272019649514069 0
38 49 48 -1.272019649514069 0
39 49 49 1. 0
40 49 49 0.7861513777574234 0
77 49 87 1.272019649514069 0
79 49 88 -1.0000000000000002 0
79 49 89 0.7861513777574235 0
123 49 138 1.272019649514069 0
124 49 139 1. 0
125 49 139 -0.7861513777574234 0
126 49 140 -1.0000000000000002 0
126 49 141 -0.7861513777574234 0
127 49 142 0.7861513777574234 0
127 49 143 0.6180339887498949 0
128 49 142 0.618033988749895 0
128 49 143 0.4858682717566456 0
7 50 16 0.9999999999999999 0
36 50 50 1. 0
37 50 51 -0.9999999999999999 0
74 50 90 1.0000000000000002 0
75 50 91 -1. 0
119 50 144 1.0000000000000002 0
120 50 145 1.0000000000000002 0
121 50 146 1. 0
122 50 147 -1. 0
9 51 16 1.272019649514069 0
38 51 50 -1.272019649514069 0
39 51 51 1. 0
40 51 51 0.7861513777574234 0
77 51 90 -1.2720196495140692 0
79 51 91 1.272019649514069 0
123 51 144 -1.2720196495140692 0
124 51 145 -1.0000000000000002 0
125 51 145 0.7861513777574233 0
126 51 146 -1.2720196495140692 0
127 51 147 -1. 0
128 51 147 -0.7861513777574235 0
7 52 18 1. 0
36 52 52 1. 0
37 52 53 -0.7861513777574234 0
37 52 54 0.6180339887498949 0
74 52 93 1.0000000000000002 0
75 52 95 -1. 0
119 52 148 -1.0000000000000002 0
120 52 149 -0.7861513777574236 0
120 52 150 -0.6180339887498948 0
121 52 151 -1. 0
122 52 152 0.7861513777574235 0
122 52 153 0.618033988749895 0
8 53 17 0.9999999999999999 0
8 54 17 1.272019649514069 0
9 53 18 0.9999999999999999 0
9 54 18 -0.7861513777574234 0
38 53 52 -0.9999999999999999 0
38 54 52 0.7861513777574234 0
39 53 53 1. 0
39 54 54 1. 0
40 53 54 -0.9999999999999999 0
40 54 53 -1. 0
40 54 54 -0.48586827175664576 0
76 53 92 1.0000000000000002 0
76 54 92 1.2720196495140692 0
77 53 93 -1.0000000000000002 0
77 54 93 0.7861513777574235 0
78 53 94 1. 0
78 54 94 1.272019649514069 0
79 53 95 1. 0
79 54 95 -0.7861513777574234 0
123 53 148 1.0000000000000002 0
123 54 148 -0.7861513777574233 0
124 53 149 1.0000000000000002 0
124 54 150 -1.0000000000000002 0
125 53 150 -1.0000000000000002 0
125 54 149 1.0000000000000002 0
125 54 150 -0.4858682717566457 0
126 53 151 1. 0
126 54 151 -0.7861513777574235 0
127 53 152 1. 0
127 54 153 -1. 0
128 53 153 1. 0
128 54 152 -1.0000000000000002 0
128 54 153 0.4858682717566459 0
4 55 19 0.9999999999999999 0
31 55 55 1. 0
32 55 56 -0.9999999999999999 0
71 55 97 0.618033988749895 0
71 55 98 -0.7861513777574233 0
114 55 156 0.618033988749895 0
114 55 157 0.7861513777574233 0
115 55 158 0.618033988749895 0
115 55 159 -0.7861513777574233 0
6 56 19 -1.272019649514069 0
33 56 55 -1.272019649514069 0
34 56 56 1. 0
35 56 56 -0.7861513777574234 0
73 56 97 -0.7861513777574235 0
73 56 98 0.9999999999999999 0
116 56 156 -0.7861513777574236 0
116 56 157 -1.0000000000000002 0
117 56 158 -0.618033988749895 0
117 56 159 0.7861513777574233 0
118 56 158 0.4858682717566457 0
118 56 159 -0.618033988749895 0
7 57 20 0.9999999999999999 0
36 57 57 1. 0
37 57 58 -0.9999999999999999 0
74 57 96 -1. 0
75 57 97 0.7861513777574234 0
75 57 98 0.6180339887498949 0
119 57 154 1. 0
120 57 155 -1. 0
121 57 156 0.7861513777574234 0
121 57 157 -0.6180339887498949 0
122 57 158 0.7861513777574234 0
122 57 159 0.6180339887498949 0
9 58 20 1.272019649514069 0
38 58 57 -1.272019649514069 0
39 58 58 1. 0
40 58 58 0.7861513777574234 0
77 58 96 1.272019649514069 0
79 58 97 -1.0000000000000002 0
79 58 98 -0.7861513777574234 0
123 58 154 -1.2720196495140692 0
124 58 155 1. 0
125 58 155 -0.7861513777574235 0
126 58 156 -1.0000000000000002 0
126 58 157 0.7861513777574235 0
127 58 158 0.7861513777574234 0
127 58 159 0.6180339887498949 0
128 58 158 0.6180339887498948 0
128 58 159 0.4858682717566459 0
4 59 22 1. 0
31 59 59 1. 0
32 59 60 -0.7861513777574234 0
32 59 61 0.6180339887498949 0
71 59 103 -0.618033988749895 0
71 59 104 -0.7861513777574234 0
114 59 163 -0.618033988749895 0
114 59 164 -0.7861513777574233 0
115 59 165 -0.4858682717566457 0
115 59 166 0.3819660112501052 0
115 59 167 -0.618033988749895 0
115 59 168 0.4858682717566459 0
5 60 21 0.9999999999999999 0
5 61 21 1.272019649514069 0
6 60 22 -0.9999999999999999 0
6 61 22 0.7861513777574234 0
33 60 59 -0.9999999999999999 0
33 61 59 0.7861513777574234 0
34 60 60 1. 0
34 61 61 1. 0
35 60 61 0.9999999999999999 0
35 61 60 0.9999999999999999 0
35 61 61 0.48586827175664576 0
72 60 101 0.618033988749895 0
72 60 102 0.7861513777574233 0
72 61 101 0.7861513777574235 0
72 61 102 0.9999999999999999 0
73 60 103 0.618033988749895 0
73 60 104 0.7861513777574233 0
73 61 103 -0.4858682717566457 0
73 61 104 -0.618033988749895 0
116 60 163 0.618033988749895 0
116 60 164 0.7861513777574233 0
116 61 163 -0.4858682717566457 0
116 61 164 -0.618033988749895 0
117 60 165 0.618033988749895 0
117 60 167 0.7861513777574233 0
117 61 166 0.618033988749895 0
117 61 168 0.7861513777574233 0
118 60 166 0.618033988749895 0
118 60 168 0.7861513777574233 0
118 61 165 0.6180339887498951 0
118 61 166 0.3002831060007775 0
118 61 167 0.7861513777574235 0
118 61 168 0.3819660112501053 0
7 62 24 1. 0
36 62 62 1. 0
37 62 63 0.7861513777574234 0
37 62 64 0.6180339887498949 0
74 62 100 -1. 0
75 62 103 -0.7861513777574235 0
75 62 104 0.618033988749895 0
119 62 160 -1. 0
120 62 161 0.7861513777574235 0
120 62 162 0.618033988749895 0
121 62 163 -0.7861513777574234 0
121 62 164 0.6180339887498949 0
122 62 165 -0.6180339887498951 0
122 62 166 0.4858682717566457 0
122 62 167 0.4858682717566457 0
122 62 168 -0.3819660112501053 0
8 63 23 -0.9999999999999999 0
8 64 23 1.272019649514069 0
9 63 24 -0.9999999999999999 0
9 64 24 -0.7861513777574234 0
38 63 62 0.9999999999999999 0
38 64 62 0.7861513777574234 0
39 63 63 1. 0
39 64 64 1. 0
40 63 64 0.9999999999999999 0
40 64 63 0.9999999999999999 0
40 64 64 -0.48586827175664576 0
76 63 99 -1. 0
76 64 99 1.272019649514069 0
77 63 100 -1. 0
77 64 100 -0.7861513777574234 0
78 63 101 -0.7861513777574234 0
78 63 102 0.6180339887498949 0
78 64 101 1.0000000000000002 0
78 64 102 -0.7861513777574234 0
79 63 103 -0.7861513777574234 0
79 63 104 0.6180339887498949 0
79 64 103 -0.618033988749895 0
79 64 104 0.4858682717566456 0
123 63 160 -1. 0
123 64 160 -0.7861513777574235 0
124 63 161 1. 0
124 64 162 1. 0
125 63 162 -1. 0
125 64 161 -1.0000000000000002 0
125 64 162 0.4858682717566459 0
126 63 163 -0.7861513777574234 0
126 63 164 0.6180339887498949 0
126 64 163 -0.6180339887498948 0
126 64 164 0.4858682717566459 0
127 63 165 0.7861513777574234 0
127 63 167 -0.6180339887498949 0
127 64 166 -0.7861513777574234 0
127 64 168 0.6180339887498949 0
128 63 166 -0.7861513777574234 0
128 63 168 0.6180339887498949 0
128 64 165 0.7861513777574235 0
128 64 166 0.3819660112501052 0
128 64 167 -0.618033988749895 0
128 64 168 -0.3002831060007776 0
12 65 0 1.618033988749895 0
44 65 25 1.618033988749895 0
85 65 65 1. 0
86 65 65 1.272019649514069 0
136 65 105 0.9999999999999999 0
137 65 105 1.272019649514069 0
14 66 1 1.618033988749895 0
46 66 26 1.618033988749895 0
47 66 27 -1.618033988749895 0
88 66 66 1. 0
89 66 66 1.272019649514069 0
140 66 106 0.9999999999999999 0
141 66 106 -1.272019649514069 0
142 66 107 0.9999999999999999 0
143 66 107 -1.272019649514069 0
10 67 2 1.0000000000000002 0
41 67 28 1.0000000000000002 0
80 67 67 1. 0
81 67 68 1. 0
129 67 108 0.9999999999999999 0
130 67 109 1. 0
13 68 2 1.272019649514069 0
45 68 28 1.272019649514069 0
84 68 67 1.272019649514069 0
85 68 68 1. 0
86 68 68 -0.7861513777574234 0
135 68 108 1.272019649514069 0
136 68 109 0.9999999999999999 0
137 68 109 -0.7861513777574234 0
11 69 3 1.0000000000000002 0
42 69 29 1.0000000000000002 0
43 69 30 1.0000000000000002 0
82 69 69 1. 0
83 69 70 1. 0
131 69 110 0.9999999999999999 0
132 69 111 -0.9999999999999999 0
133 69 112 -1. 0
134 69 113 -1. 0
15 70 3 1.272019649514069 0
48 70 29 -1.272019649514069 0
49 70 30 -1.272019649514069 0
87 70 69 1.272019649514069 0
88 70 70 1. 0
89 70 70 -0.7861513777574234 0
138 70 110 1.272019649514069 0
139 70 111 1.272019649514069 0
140 70 112 -0.9999999999999999 0
141 70 112 -0.7861513777574234 0
142 70 113 -0.9999999999999999 0
143 70 113 -0.7861513777574234 0
14 71 4 1.618033988749895 0
46 71 31 1.6180339887498951 0
47 71 32 -1.618033988749895 0
88 71 71 1. 0
89 71 71 1.272019649514069 0
140 71 114 1.0000000000000002 0
141 71 114 -1.2720196495140692 0
142 71 115 1. 0
143 71 115 -1.272019649514069 0
12 72 5 1.618033988749895 0
44 72 34 1.0000000000000002 0
44 72 35 1.272019649514069 0
85 72 72 1. 0
86 72 72 1.272019649514069 0
136 72 117 0.618033988749895 0
136 72 118 0.7861513777574233 0
137 72 117 0.7861513777574235 0
137 72 118 0.9999999999999999 0
14 73 6 1.618033988749895 0
46 73 33 1.618033988749895 0
47 73 34 -1.2720196495140692 0
47 73 35 1.0000000000000002 0
88 73 73 1. 0
89 73 73 1.272019649514069 0
140 73 116 1. 0
141 73 116 -1.272019649514069 0
142 73 117 0.7861513777574234 0
142 73 118 -0.6180339887498949 0
143 73 117 -1.0000000000000002 0
143 73 118 0.7861513777574234 0
11 74 7 1.0000000000000002 0
42 74 36 1.0000000000000002 0
43 74 37 -1.0000000000000002 0
82 74 74 1. 0
83 74 75 -1. 0
131 74 119 1.0000000000000002 0
132 74 120 -1. 0
133 74 121 -1.0000000000000002 0
134 74 122 -1. 0
15 75 7 -1.272019649514069 0
48 75 36 1.2720196495140692 0
49 75 37 -1.272019649514069 0
87 75 74 -1.272019649514069 0
88 75 75 1. 0
89 75 75 -0.7861513777574234 0
138 75 119 -1.2720196495140692 0
139 75 120 -1.272019649514069 0
140 75 121 1.0000000000000002 0
141 75 121 0.7861513777574235 0
142 75 122 1. 0
143 75 122 0.7861513777574234 0
10 76 8 1.0000000000000002 0
41 76 39 0.6180339887498949 0
41 76 40 -0.7861513777574235 0
80 76 76 1. 0
81 76 78 1. 0
129 76 124 0.618033988749895 0
129 76 125 0.7861513777574233 0
130 76 127 -0.618033988749895 0
130 76 128 0.7861513777574234 0
11 77 9 -1.0000000000000002 0
42 77 38 1.0000000000000002 0
43 77 39 -0.7861513777574236 0
43 77 40 -0.6180339887498948 0
82 77 77 1. 0
83 77 79 -1. 0
131 77 123 1. 0
132 77 124 -0.7861513777574234 0
132 77 125 0.6180339887498949 0
133 77 126 -1. 0
134 77 127 0.7861513777574235 0
134 77 128 0.618033988749895 0
13 78 8 1.272019649514069 0
45 78 39 0.7861513777574236 0
45 78 40 -1.0000000000000002 0
84 78 76 1.272019649514069 0
85 78 78 1. 0
86 78 78 -0.7861513777574234 0
135 78 124 0.7861513777574235 0
135 78 125 0.9999999999999999 0
136 78 127 -0.618033988749895 0
136 78 128 0.7861513777574233 0
137 78 127 0.4858682717566457 0
137 78 128 -0.618033988749895 0
15 79 9 1.272019649514069 0
48 79 38 1.272019649514069 0
49 79 39 -1.0000000000000002 0
49 79 40 -0.7861513777574235 0
87 79 77 -1.272019649514069 0
88 79 79 1. 0
89 79 79 -0.7861513777574234 0
138 79 123 -1.272019649514069 0
139 79 124 -1.0000000000000002 0
139 79 125 0.7861513777574234 0
140 79 126 1. 0
141 79 126 0.7861513777574234 0
142 79 127 -0.7861513777574234 0
142 79 128 -0.6180339887498949 0
143 79 127 -0.618033988749895 0
143 79 128 -0.4858682717566456 0
10 80 10 1. 0
41 80 41 1. 0
80 80 80 1. 0
81 80 81 1. 0
129 80 129 1. 0
130 80 130 1. 0
13 81 10 1.272019649514069 0
45 81 41 1.272019649514069 0
84 81 80 1.272019649514069 0
85 81 81 1. 0
86 81 81 -0.7861513777574234 0
135 81 129 1.272019649514069 0
136 81 130 0.9999999999999999 0
137 81 130 -0.7861513777574234 0
11 82 11 1. 0
42 82 42 1. 0
43 82 43 1. 0
82 82 82 1. 0
83 82 83 1. 0
131 82 131 1. 0
132 82 132 1. 0
133 82 133 1. 0
134 82 134 1. 0
15 83 11 1.272019649514069 0
48 83 42 -1.272019649514069 0
49 83 43 -1.272019649514069 0
87 83 82 1.272019649514069 0
88 83 83 1. 0
89 83 83 -0.7861513777574234 0
138 83 131 1.272019649514069 0
139 83 132 -1.272019649514069 0
140 83 133 0.9999999999999999 0
141 83 133 0.7861513777574234 0
142 83 134 0.9999999999999999 0
143 83 134 0.7861513777574234 0
10 84 13 1. 0
41 84 45 1. 0
80 84 84 1. 0
81 84 85 0.7861513777574234 0
81 84 86 -0.6180339887498949 0
129 84 135 0.9999999999999999 0
130 84 136 0.7861513777574234 0
130 84 137 -0.6180339887498949 0
12 85 12 1. 0
12 86 12 1.272019649514069 0
13 85 13 1. 0
13 86 13 -0.7861513777574234 0
44 85 44 1. 0
44 86 44 1.272019649514069 0
45 85 45 1. 0
45 86 45 -0.7861513777574234 0
84 85 84 1. 0
84 86 84 -0.7861513777574234 0
85 85 85 1. 0
85 86 86 1. 0
86 85 86 1. 0
86 86 85 0.9999999999999999 0
86 86 86 0.48586827175664576 0
135 85 135 1. 0
135 86 135 -0.7861513777574234 0
136 85 136 1. 0
136 86 137 0.9999999999999999 0
137 85 137 1. 0
137 86 136 0.9999999999999999 0
137 86 137 0.48586827175664576 0
11 87 15 1. 0
42 87 48 -1. 0
43 87 49 -1. 0
82 87 87 1. 0
83 87 88 0.7861513777574234 0
83 87 89 -0.6180339887498949 0
131 87 138 0.9999999999999999 0
132 87 139 -0.9999999999999999 0
133 87 140 0.7861513777574234 0
133 87 141 0.6180339887498949 0
134 87 142 0.7861513777574234 0
134 87 143 0.6180339887498949 0
14 88 14 1. 0
14 89 14 1.272019649514069 0
15 88 15 1. 0
15 89 15 -0.7861513777574234 0
46 88 46 1. 0
46 89 46 1.272019649514069 0
47 88 47 1. 0
47 89 47 1.272019649514069 0
48 88 48 1. 0
48 89 48 -0.7861513777574234 0
49 88 49 1. 0
49 89 49 -0.7861513777574234 0
87 88 87 1. 0
87 89 87 -0.7861513777574234 0
88 88 88 1. 0
88 89 89 1. 0
89 88 89 1. 0
89 89 88 0.9999999999999999 0
89 89 89 0.48586827175664576 0
138 88 138 1. 0
138 89 138 -0.7861513777574234 0
139 88 139 1. 0
139 89 139 -0.7861513777574234 0
140 88 140 1. 0
140 89 141 -0.9999999999999999 0
141 88 141 1. 0
141 89 140 -1. 0
141 89 141 0.48586827175664576 0
142 88 142 1. 0
142 89 143 -0.9999999999999999 0
143 88 143 1. 0
143 89 142 -1. 0
143 89 143 0.48586827175664576 0
11 90 16 0.9999999999999999 0
42 90 50 1.0000000000000002 0
43 90 51 1. 0
82 90 90 1. 0
83 90 91 0.9999999999999999 0
131 90 144 1.0000000000000002 0
132 90 145 -1. 0
133 90 146 -1.0000000000000002 0
134 90 147 1. 0
15 91 16 1.272019649514069 0
48 91 50 -1.2720196495140692 0
49 91 51 -1.272019649514069 0
87 91 90 1.272019649514069 0
88 91 91 1. 0
89 91 91 -0.7861513777574234 0
138 91 144 1.2720196495140692 0
139 91 145 1.2720196495140692 0
140 91 146 -1.0000000000000002 0
141 91 146 -0.7861513777574233 0
142 91 147 1. 0
143 91 147 0.7861513777574235 0
10 92 17 0.9999999999999999 0
41 92 53 0.618033988749895 0
41 92 54 0.7861513777574233 0
80 92 92 1. 0
81 92 94 0.9999999999999999 0
129 92 149 0.618033988749895 0
129 92 150 -0.7861513777574233 0
130 92 152 -0.618033988749895 0
130 92 153 0.7861513777574233 0
11 93 18 0.9999999999999999 0
42 93 52 1. 0
43 93 53 0.7861513777574234 0
43 93 54 -0.6180339887498949 0
82 93 93 1. 0
83 93 95 0.9999999999999999 0
131 93 148 -1. 0
132 93 149 0.7861513777574234 0
132 93 150 0.6180339887498949 0
133 93 151 1. 0
134 93 152 -0.7861513777574234 0
134 93 153 -0.6180339887498949 0
13 94 17 1.272019649514069 0
45 94 53 0.7861513777574235 0
45 94 54 0.9999999999999999 0
84 94 92 1.272019649514069 0
85 94 94 1. 0
86 94 94 -0.7861513777574234 0
135 94 149 0.7861513777574236 0
135 94 150 -1.0000000000000002 0
136 94 152 -0.618033988749895 0
136 94 153 0.7861513777574233 0
137 94 152 0.4858682717566457 0
137 94 153 -0.618033988749895 0
15 95 18 1.272019649514069 0
48 95 52 -1.272019649514069 0
49 95 53 -1.0000000000000002 0
49 95 54 0.7861513777574234 0
87 95 93 1.272019649514069 0
88 95 95 1. 0
89 95 95 -0.7861513777574234 0
138 95 148 -1.2720196495140692 0
139 95 149 -1.0000000000000002 0
139 95 150 -0.7861513777574235 0
140 95 151 1. 0
141 95 151 0.7861513777574235 0
142 95 152 -0.7861513777574234 0
142 95 153 -0.6180339887498949 0
143 95 152 -0.6180339887498948 0
143 95 153 -0.4858682717566459 0
11 96 20 -1. 0
42 96 57 -1.0000000000000002 0
43 96 58 -1. 0
82 96 96 1. 0
83 96 97 0.7861513777574234 0
83 96 98 0.6180339887498949 0
131 96 154 -1.0000000000000002 0
132 96 155 -1. 0
133 96 156 0.7861513777574236 0
133 96 157 -0.6180339887498948 0
134 96 158 0.7861513777574235 0
134 96 159 0.618033988749895 0
14 97 19 0.9999999999999999 0
14 98 19 -1.272019649514069 0
15 97 20 -0.9999999999999999 0
15 98 20 -0.7861513777574234 0
46 97 55 1.0000000000000002 0
46 98 55 -1.2720196495140692 0
47 97 56 1. 0
47 98 56 -1.272019649514069 0
48 97 57 1.0000000000000002 0
48 98 57 0.7861513777574235 0
49 97 58 1. 0
49 98 58 0.7861513777574234 0
87 97 96 0.9999999999999999 0
87 98 96 0.7861513777574234 0
88 97 97 1. 0
88 98 98 1. 0
89 97 98 -0.9999999999999999 0
89 98 97 -1. 0
89 98 98 0.48586827175664576 0
138 97 154 -1.0000000000000002 0
138 98 154 -0.7861513777574233 0
139 97 155 1. 0
139 98 155 0.7861513777574235 0
140 97 156 1.0000000000000002 0
140 98 157 -1.0000000000000002 0
141 97 157 -1.0000000000000002 0
141 98 156 1.0000000000000002 0
141 98 157 0.4858682717566457 0
142 97 158 1. 0
142 98 159 1. 0
143 97 159 1. 0
143 98 158 1.0000000000000002 0
143 98 159 -0.4858682717566459 0
10 99 23 1. 0
41 99 63 -0.618033988749895 0
41 99 64 0.7861513777574234 0
80 99 99 1. 0
81 99 101 0.7861513777574234 0
81 99 102 -0.6180339887498949 0
129 99 161 -0.618033988749895 0
129 99 162 0.7861513777574233 0
130 99 165 0.4858682717566457 0
130 99 166 0.618033988749895 0
130 99 167 -0.3819660112501052 0
130 99 168 -0.4858682717566459 0
11 100 24 -1. 0
42 100 62 -1. 0
43 100 63 0.7861513777574235 0
43 100 64 0.618033988749895 0
82 100 100 1. 0
83 100 103 -0.7861513777574234 0
83 100 104 0.6180339887498949 0
131 100 160 1. 0
132 100 161 0.7861513777574234 0
132 100 162 0.6180339887498949 0
133 100 163 -0.7861513777574235 0
133 100 164 0.618033988749895 0
134 100 165 -0.6180339887498951 0
134 100 166 0.4858682717566457 0
134 100 167 0.4858682717566457 0
134 100 168 -0.3819660112501053 0
12 101 21 0.9999999999999999 0
12 102 21 1.272019649514069 0
13 101 23 0.9999999999999999 0
13 102 23 -0.7861513777574234 0
44 101 60 0.618033988749895 0
44 101 61 0.7861513777574233 0
44 102 60 0.7861513777574235 0
44 102 61 0.9999999999999999 0
45 101 63 -0.618033988749895 0
45 101 64 0.7861513777574233 0
45 102 63 0.4858682717566457 0
45 102 64 -0.618033988749895 0
84 101 99 0.9999999999999999 0
84 102 99 -0.7861513777574234 0
85 101 101 1. 0
85 102 102 1. 0
86 101 102 0.9999999999999999 0
86 102 101 0.9999999999999999 0
86 102 102 0.48586827175664576 0
135 101 161 -0.618033988749895 0
135 101 162 0.7861513777574233 0
135 102 161 0.4858682717566457 0
135 102 162 -0.618033988749895 0
136 101 165 0.618033988749895 0
136 101 166 0.7861513777574233 0
136 102 167 0.618033988749895 0
136 102 168 0.7861513777574233 0
137 101 167 0.618033988749895 0
137 101 168 0.7861513777574233 0
137 102 165 0.6180339887498951 0
137 102 166 0.7861513777574235 0
137 102 167 0.3002831060007775 0
137 102 168 0.3819660112501053 0
14 103 22 -0.9999999999999999 0
14 104 22 -1.272019649514069 0
15 103 24 0.9999999999999999 0
15 104 24 -0.7861513777574234 0
46 103 59 -1. 0
46 104 59 -1.272019649514069 0
47 103 60 -0.7861513777574234 0
47 103 61 0.6180339887498949 0
47 104 60 -1.0000000000000002 0
47 104 61 0.7861513777574234 0
48 103 62 -1. 0
48 104 62 0.7861513777574234 0
49 103 63 0.7861513777574234 0
49 103 64 0.6180339887498949 0
49 104 63 -0.618033988749895 0
49 104 64 -0.4858682717566456 0
87 103 100 -0.9999999999999999 0
87 104 100 0.7861513777574234 0
88 103 103 1. 0
88 104 104 1. 0
89 103 104 0.9999999999999999 0
89 104 103 0.9999999999999999 0
89 104 104 0.48586827175664576 0
138 103 160 -1. 0
138 104 160 0.7861513777574235 0
139 103 161 0.7861513777574234 0
139 103 162 0.6180339887498949 0
139 104 161 -0.6180339887498948 0
139 104 162 -0.4858682717566459 0
140 103 163 1. 0
140 104 164 1. 0
141 103 164 -1. 0
141 104 163 -1.0000000000000002 0
141 104 164 -0.4858682717566459 0
142 103 165 0.7861513777574234 0
142 103 166 -0.6180339887498949 0
142 104 167 0.7861513777574234 0
142 104 168 -0.6180339887498949 0
143 103 167 -0.7861513777574234 0
143 103 168 0.6180339887498949 0
143 104 165 -0.7861513777574235 0
143 104 166 0.618033988749895 0
143 104 167 -0.3819660112501052 0
143 104 168 0.3002831060007776 0
21 105 0 2.618033988749895 0
60 105 25 1.618033988749895 0
61 105 25 2.0581710272714924 0
101 105 65 1.618033988749895 0
102 105 65 2.0581710272714924 0
165 105 105 1. 0
166 105 105 1.272019649514069 0
167 105 105 1.272019649514069 0
168 105 105 1.618033988749895 0
19 106 1 1.6180339887498951 0
55 106 26 1.618033988749895 0
56 106 27 -1.618033988749895 0
97 106 66 1.0000000000000002 0
98 106 66 -1.2720196495140692 0
156 106 106 1. 0
157 106 106 1.272019649514069 0
158 106 107 1. 0
159 106 107 -1.272019649514069 0
22 107 1 -2.0581710272714924 0
59 107 26 -2.0581710272714924 0
60 107 27 1.618033988749895 0
61 107 27 -1.2720196495140692 0
103 107 66 1.272019649514069 0
104 107 66 1.618033988749895 0
163 107 106 1.272019649514069 0
164 107 106 1.618033988749895 0
165 107 107 1. 0
166 107 107 -0.7861513777574234 0
167 107 107 1.272019649514069 0
168 107 107 -1.0000000000000002 0
17 108 2 1.6180339887498951 0
53 108 28 1.0000000000000002 0
54 108 28 1.2720196495140692 0
92 108 67 1.618033988749895 0
94 108 68 1.618033988749895 0
149 108 108 1. 0
150 108 108 -1.272019649514069 0
152 108 109 -1. 0
153 108 109 1.272019649514069 0
23 109 2 2.0581710272714924 0
63 109 28 -1.272019649514069 0
64 109 28 1.618033988749895 0
99 109 67 2.0581710272714924 0
101 109 68 1.618033988749895 0
102 109 68 -1.2720196495140692 0
161 109 108 -1.272019649514069 0
162 109 108 1.618033988749895 0
165 109 109 1. 0
166 109 109 1.272019649514069 0
167 109 109 -0.7861513777574234 0
168 109 109 -1.0000000000000002 0
16 110 3 0.9999999999999999 0
50 110 29 1.0000000000000002 0
51 110 30 1.0000000000000002 0
90 110 69 1.0000000000000002 0
91 110 70 1.0000000000000002 0
144 110 110 1. 0
145 110 111 1. 0
146 110 112 1. 0
147 110 113 -1.0000000000000002 0
18 111 3 -1.2720196495140692 0
52 111 29 -1.2720196495140692 0
53 111 30 -1.0000000000000002 0
54 111 30 0.7861513777574233 0
93 111 69 -1.272019649514069 0
95 111 70 -1.2720196495140692 0
148 111 110 1.272019649514069 0
149 111 111 1. 0
150 111 111 0.7861513777574234 0
151 111 112 1.272019649514069 0
152 111 113 -1. 0
153 111 113 -0.7861513777574235 0
20 112 3 1.2720196495140692 0
57 112 29 1.272019649514069 0
58 112 30 1.2720196495140692 0
96 112 69 -1.2720196495140692 0
97 112 70 -1.0000000000000002 0
98 112 70 -0.7861513777574233 0
154 112 110 1.272019649514069 0
155 112 111 -1.272019649514069 0
156 112 112 1. 0
157 112 112 -0.7861513777574234 0
158 112 113 1. 0
159 112 113 0.7861513777574235 0
24 113 3 -1.6180339887498951 0
62 113 29 -1.618033988749895 0
63 113 30 1.272019649514069 0
64 113 30 1.0000000000000002 0
100 113 69 1.618033988749895 0
103 113 70 -1.272019649514069 0
104 113 70 1.0000000000000002 0
160 113 110 1.618033988749895 0
161 113 111 -1.272019649514069 0
162 113 111 -1.0000000000000002 0
163 113 112 1.272019649514069 0
164 113 112 -1.0000000000000002 0
165 113 113 1. 0
166 113 113 -0.7861513777574234 0
167 113 113 -0.7861513777574234 0
168 113 113 0.6180339887498948 0
19 114 4 1.618033988749895 0
55 114 31 1.618033988749895 0
56 114 32 -1.618033988749895 0
97 114 71 0.9999999999999999 0
98 114 71 -1.272019649514069 0
156 114 114 1. 0
157 114 114 1.272019649514069 0
158 114 115 0.9999999999999999 0
159 114 115 -1.272019649514069 0
22 115 4 -2.0581710272714924 0
59 115 31 -2.0581710272714924 0
60 115 32 1.618033988749895 0
61 115 32 -1.2720196495140692 0
103 115 71 1.272019649514069 0
104 115 71 1.618033988749895 0
163 115 114 1.272019649514069 0
164 115 114 1.618033988749895 0
165 115 115 1. 0
166 115 115 -0.7861513777574234 0
167 115 115 1.272019649514069 0
168 115 115 -1.0000000000000002 0
19 116 6 1.618033988749895 0
55 116 33 1.618033988749895 0
56 116 34 -1.2720196495140692 0
56 116 35 1.0000000000000002 0
97 116 73 1. 0
98 116 73 -1.272019649514069 0
156 116 116 1. 0
157 116 116 1.272019649514069 0
158 116 117 0.7861513777574234 0
158 116 118 -0.6180339887498949 0
159 116 117 -1.0000000000000002 0
159 116 118 0.7861513777574234 0
21 117 5 1.618033988749895 0
21 118 5 2.0581710272714924 0
22 117 6 -1.618033988749895 0
22 118 6 1.2720196495140692 0
59 117 33 -1.618033988749895 0
59 118 33 1.2720196495140692 0
60 117 34 1.618033988749895 0
60 118 35 1.618033988749895 0
61 117 35 1.618033988749895 0
61 118 34 1.6180339887498947 0
61 118 35 0.7861513777574235 0
101 117 72 0.9999999999999999 0
101 118 72 1.272019649514069 0
102 117 72 1.272019649514069 0
102 118 72 1.618033988749895 0
103 117 73 0.9999999999999999 0
103 118 73 -0.7861513777574234 0
104 117 73 1.272019649514069 0
104 118 73 -1.0000000000000002 0
163 117 116 0.9999999999999999 0
163 118 116 -0.7861513777574234 0
164 117 116 1.272019649514069 0
164 118 116 -1.0000000000000002 0
165 117 117 1. 0
165 118 118 1. 0
166 117 118 0.9999999999999999 0
166 118 117 0.9999999999999999 0
166 118 118 0.48586827175664576 0
167 117 117 1.272019649514069 0
167 118 118 1.272019649514069 0
168 117 118 1.272019649514069 0
168 118 117 1.272019649514069 0
168 118 118 0.618033988749895 0
16 119 7 1.0000000000000002 0
50 119 36 1.0000000000000002 0
51 119 37 -1.0000000000000002 0
90 119 74 0.9999999999999999 0
91 119 75 -1. 0
144 119 119 1. 0
145 119 120 0.9999999999999999 0
146 119 121 1. 0
147 119 122 -1. 0
18 120 7 -1.2720196495140692 0
52 120 36 -1.2720196495140692 0
53 120 37 1.0000000000000002 0
54 120 37 -0.7861513777574235 0
93 120 74 -1.272019649514069 0
95 120 75 1.272019649514069 0
148 120 119 1.272019649514069 0
149 120 120 1. 0
150 120 120 0.7861513777574234 0
151 120 121 1.272019649514069 0
152 120 122 -1. 0
153 120 122 -0.7861513777574234 0
20 121 7 1.272019649514069 0
57 121 36 1.272019649514069 0
58 121 37 -1.272019649514069 0
96 121 74 -1.272019649514069 0
97 121 75 0.9999999999999999 0
98 121 75 0.7861513777574234 0
154 121 119 1.272019649514069 0
155 121 120 -1.272019649514069 0
156 121 121 1. 0
157 121 121 -0.7861513777574234 0
158 121 122 0.9999999999999999 0
159 121 122 0.7861513777574234 0
24 122 7 -1.618033988749895 0
62 122 36 -1.6180339887498947 0
63 122 37 -1.272019649514069 0
64 122 37 -1.0000000000000002 0
100 122 74 1.618033988749895 0
103 122 75 1.272019649514069 0
104 122 75 -1.0000000000000002 0
160 122 119 1.618033988749895 0
161 122 120 -1.272019649514069 0
162 122 120 -1.0000000000000002 0
163 122 121 1.272019649514069 0
164 122 121 -1.0000000000000002 0
165 122 122 1. 0
166 122 122 -0.7861513777574234 0
167 122 122 -0.7861513777574234 0
168 122 122 0.618033988749895 0
16 123 9 -1.0000000000000002 0
50 123 38 1.0000000000000002 0
51 123 39 -0.7861513777574233 0
51 123 40 -0.618033988749895 0
90 123 77 1. 0
91 123 79 -1.0000000000000002 0
144 123 123 1. 0
145 123 124 0.7861513777574234 0
145 123 125 -0.6180339887498949 0
146 123 126 1. 0
147 123 127 0.7861513777574235 0
147 123 128 0.618033988749895 0
17 124 8 1.0000000000000002 0
17 125 8 1.2720196495140692 0
18 124 9 1.0000000000000002 0
18 125 9 -0.7861513777574233 0
52 124 38 -1.0000000000000002 0
52 125 38 0.7861513777574235 0
53 124 39 1.0000000000000002 0
53 125 40 -1.0000000000000002 0
54 124 40 -1.0000000000000002 0
54 125 39 1.0000000000000002 0
54 125 40 -0.4858682717566457 0
92 124 76 0.9999999999999999 0
92 125 76 1.272019649514069 0
93 124 77 -0.9999999999999999 0
93 125 77 0.7861513777574234 0
94 124 78 1. 0
94 125 78 1.272019649514069 0
95 124 79 1. 0
95 125 79 -0.7861513777574235 0
148 124 123 0.9999999999999999 0
148 125 123 -0.7861513777574234 0
149 124 124 1. 0
149 125 125 1. 0
150 124 125 -0.9999999999999999 0
150 125 124 -1. 0
150 125 125 -0.48586827175664576 0
151 124 126 1. 0
151 125 126 -0.7861513777574234 0
152 124 127 1. 0
152 125 128 -1. 0
153 124 128 1. 0
153 125 127 -1.0000000000000002 0
153 125 128 0.4858682717566459 0
20 126 9 -1.2720196495140692 0
57 126 38 1.272019649514069 0
58 126 39 -1.0000000000000002 0
58 126 40 -0.7861513777574235 0
96 126 77 -1.272019649514069 0
97 126 79 1. 0
98 126 79 0.7861513777574235 0
154 126 123 1.272019649514069 0
155 126 124 -1.0000000000000002 0
155 126 125 0.7861513777574234 0
156 126 126 1. 0
157 126 126 -0.7861513777574234 0
158 126 127 -0.7861513777574234 0
158 126 128 -0.6180339887498949 0
159 126 127 -0.6180339887498948 0
159 126 128 -0.4858682717566459 0
23 127 8 -1.272019649514069 0
23 128 8 1.618033988749895 0
24 127 9 -1.272019649514069 0
24 128 9 -1.0000000000000002 0
62 127 38 1.272019649514069 0
62 128 38 1.0000000000000002 0
63 127 39 1.272019649514069 0
63 128 40 1.272019649514069 0
64 127 40 1.272019649514069 0
64 128 39 1.2720196495140692 0
64 128 40 -0.618033988749895 0
99 127 76 -1.272019649514069 0
99 128 76 1.618033988749895 0
100 127 77 -1.272019649514069 0
100 128 77 -1.0000000000000002 0
101 127 78 -0.9999999999999999 0
101 128 78 1.272019649514069 0
102 127 78 0.7861513777574234 0
102 128 78 -1.0000000000000002 0
103 127 79 -0.9999999999999999 0
103 128 79 -0.7861513777574234 0
104 127 79 0.7861513777574234 0
104 128 79 0.6180339887498948 0
160 127 123 -1.272019649514069 0
160 128 123 -1.0000000000000002 0
161 127 124 1.272019649514069 0
161 128 125 -1.272019649514069 0
162 127 125 -1.272019649514069 0
162 128 124 1.272019649514069 0
162 128 125 0.618033988749895 0
163 127 126 -0.9999999999999999 0
163 128 126 -0.7861513777574234 0
164 127 126 0.7861513777574234 0
164 128 126 0.618033988749895 0
165 127 127 1. 0
165 128 128 1. 0
166 127 128 -0.9999999999999999 0
166 128 127 -1. 0
166 128 128 0.48586827175664576 0
167 127 127 -0.7861513777574234 0
167 128 128 -0.7861513777574234 0
168 127 128 0.7861513777574234 0
168 128 127 0.7861513777574235 0
168 128 128 -0.38196601125010515 0
17 129 10 1.618033988749895 0
53 129 41 0.9999999999999999 0
54 129 41 1.272019649514069 0
92 129 80 1.618033988749895 0
94 129 81 1.618033988749895 0
149 129 129 1. 0
150 129 129 -1.272019649514069 0
152 129 130 -0.9999999999999999 0
153 129 130 1.272019649514069 0
23 130 10 2.0581710272714924 0
63 130 41 -1.272019649514069 0
64 130 41 1.618033988749895 0
99 130 80 2.0581710272714924 0
101 130 81 1.618033988749895 0
102 130 81 -1.2720196495140692 0
161 130 129 -1.272019649514069 0
162 130 129 1.618033988749895 0
165 130 130 1. 0
166 130 130 1.272019649514069 0
167 130 130 -0.7861513777574234 0
168 130 130 -1.0000000000000002 0
16 131 11 1.0000000000000002 0
50 131 42 0.9999999999999999 0
51 131 43 1. 0
90 131 82 1.0000000000000002 0
91 131 83 1.0000000000000002 0
144 131 131 1. 0
145 131 132 -1. 0
146 131 133 -0.9999999999999999 0
147 131 134 1. 0
18 132 11 1.272019649514069 0
52 132 42 1.272019649514069 0
53 132 43 0.9999999999999999 0
54 132 43 -0.7861513777574234 0
93 132 82 1.272019649514069 0
95 132 83 1.272019649514069 0
148 132 131 -1.272019649514069 0
149 132 132 1. 0
150 132 132 0.7861513777574234 0
151 132 133 1.272019649514069 0
152 132 134 -0.9999999999999999 0
153 132 134 -0.7861513777574234 0
20 133 11 -1.2720196495140692 0
57 133 42 -1.272019649514069 0
58 133 43 -1.272019649514069 0
96 133 82 1.2720196495140692 0
97 133 83 1.0000000000000002 0
98 133 83 0.7861513777574235 0
154 133 131 -1.272019649514069 0
155 133 132 -1.272019649514069 0
156 133 133 1. 0
157 133 133 -0.7861513777574234 0
158 133 134 1. 0
159 133 134 0.7861513777574234 0
24 134 11 1.618033988749895 0
62 134 42 1.618033988749895 0
63 134 43 -1.272019649514069 0
64 134 43 -1.0000000000000002 0
100 134 82 -1.6180339887498947 0
103 134 83 1.272019649514069 0
104 134 83 -1.0000000000000002 0
160 134 131 -1.618033988749895 0
161 134 132 -1.272019649514069 0
162 134 132 -1.0000000000000002 0
163 134 133 1.272019649514069 0
164 134 133 -1.0000000000000002 0
165 134 134 1. 0
166 134 134 -0.7861513777574234 0
167 134 134 -0.7861513777574234 0
168 134 134 0.618033988749895 0
17 135 13 1.618033988749895 0
53 135 45 1. 0
54 135 45 1.272019649514069 0
92 135 84 1.618033988749895 0
94 135 85 1.2720196495140692 0
94 135 86 -1.0000000000000002 0
149 135 135 1. 0
150 135 135 -1.272019649514069 0
152 135 136 -0.7861513777574234 0
152 135 137 0.6180339887498949 0
153 135 136 1.0000000000000002 0
153 135 137 -0.7861513777574234 0
21 136 12 1.618033988749895 0
21 137 12 2.0581710272714924 0
23 136 13 1.618033988749895 0
23 137 13 -1.2720196495140692 0
60 136 44 0.9999999999999999 0
60 137 44 1.272019649514069 0
61 136 44 1.272019649514069 0
61 137 44 1.618033988749895 0
63 136 45 -0.9999999999999999 0
63 137 45 0.7861513777574234 0
64 136 45 1.272019649514069 0
64 137 45 -1.0000000000000002 0
99 136 84 1.618033988749895 0
99 137 84 -1.2720196495140692 0
101 136 85 1.618033988749895 0
101 137 86 1.618033988749895 0
102 136 86 1.618033988749895 0
102 137 85 1.6180339887498947 0
102 137 86 0.7861513777574235 0
161 136 135 -0.9999999999999999 0
161 137 135 0.7861513777574234 0
162 136 135 1.272019649514069 0
162 137 135 -1.0000000000000002 0
165 136 136 1. 0
165 137 137 1. 0
166 136 136 1.272019649514069 0
166 137 137 1.272019649514069 0
167 136 137 0.9999999999999999 0
167 137 136 0.9999999999999999 0
167 137 137 0.48586827175664576 0
168 136 137 1.272019649514069 0
168 137 136 1.272019649514069 0
168 137 137 0.618033988749895 0
16 138 15 1.0000000000000002 0
50 138 48 -1. 0
51 138 49 -1.0000000000000002 0
90 138 87 1.0000000000000002 0
91 138 88 0.7861513777574233 0
91 138 89 -0.618033988749895 0
144 138 138 1. 0
145 138 139 1. 0
146 138 140 -0.7861513777574234 0
146 138 141 -0.6180339887498949 0
147 138 142 0.7861513777574235 0
147 138 143 0.618033988749895 0
18 139 15 -1.2720196495140692 0
52 139 48 1.272019649514069 0
53 139 49 1. 0
54 139 49 -0.7861513777574235 0
93 139 87 -1.272019649514069 0
95 139 88 -1.0000000000000002 0
95 139 89 0.7861513777574235 0
148 139 138 1.272019649514069 0
149 139 139 1. 0
150 139 139 0.7861513777574234 0
151 139 140 -1.0000000000000002 0
151 139 141 -0.7861513777574234 0
152 139 142 0.7861513777574234 0
152 139 143 0.6180339887498949 0
153 139 142 0.6180339887498948 0
153 139 143 0.4858682717566459 0
19 140 14 1.0000000000000002 0
19 141 14 -1.2720196495140692 0
20 140 15 -1.0000000000000002 0
20 141 15 -0.7861513777574233 0
55 140 46 0.9999999999999999 0
55 141 46 -1.272019649514069 0
56 140 47 1. 0
56 141 47 -1.272019649514069 0
57 140 48 0.9999999999999999 0
57 141 48 0.7861513777574234 0
58 140 49 1. 0
58 141 49 0.7861513777574235 0
96 140 87 1.0000000000000002 0
96 141 87 0.7861513777574235 0
97 140 88 1.0000000000000002 0
97 141 89 -1.0000000000000002 0
98 140 89 -1.0000000000000002 0
98 141 88 1.0000000000000002 0
98 141 89 0.4858682717566457 0
154 140 138 -0.9999999999999999 0
154 141 138 -0.7861513777574234 0
155 140 139 1. 0
155 141 139 0.7861513777574234 0
156 140 140 1. 0
156 141 141 1. 0
157 140 141 -0.9999999999999999 0
157 141 140 -1. 0
157 141 141 0.48586827175664576 0
158 140 142 1. 0
158 141 143 1. 0
159 140 143 1. 0
159 141 142 1.0000000000000002 0
159 141 143 -0.4858682717566459 0
22 142 14 -1.272019649514069 0
22 143 14 1.618033988749895 0
24 142 15 1.272019649514069 0
24 143 15 1.0000000000000002 0
59 142 46 -1.272019649514069 0
59 143 46 1.618033988749895 0
60 142 47 -0.9999999999999999 0
60 143 47 1.272019649514069 0
61 142 47 0.7861513777574234 0
61 143 47 -1.0000000000000002 0
62 142 48 -1.272019649514069 0
62 143 48 -1.0000000000000002 0
63 142 49 0.9999999999999999 0
63 143 49 0.7861513777574234 0
64 142 49 0.7861513777574234 0
64 143 49 0.6180339887498948 0
100 142 87 -1.272019649514069 0
100 143 87 -1.0000000000000002 0
103 142 88 1.272019649514069 0
103 143 89 -1.272019649514069 0
104 142 89 1.272019649514069 0
104 143 88 -1.2720196495140692 0
104 143 89 -0.618033988749895 0
160 142 138 -1.272019649514069 0
160 143 138 -1.0000000000000002 0
161 142 139 0.9999999999999999 0
161 143 139 0.7861513777574234 0
162 142 139 0.7861513777574234 0
162 143 139 0.618033988749895 0
163 142 140 1.272019649514069 0
163 143 141 1.272019649514069 0
164 142 141 -1.272019649514069 0
164 143 140 -1.272019649514069 0
164 143 141 0.618033988749895 0
165 142 142 1. 0
165 143 143 1. 0
166 142 142 -0.7861513777574234 0
166 143 143 -0.7861513777574234 0
167 142 143 -0.9999999999999999 0
167 143 142 -1. 0
167 143 143 0.48586827175664576 0
168 142 143 0.7861513777574234 0
168 143 142 0.7861513777574235 0
168 143 143 -0.38196601125010515 0
16 144 16 1. 0
50 144 50 1. 0
51 144 51 1. 0
90 144 90 1. 0
91 144 91 1. 0
144 144 144 1. 0
145 144 145 1. 0
146 144 146 1. 0
147 144 147 1. 0
18 145 16 -1.272019649514069 0
52 145 50 -1.272019649514069 0
53 145 51 -0.9999999999999999 0
54 145 51 0.7861513777574234 0
93 145 90 -1.272019649514069 0
95 145 91 -1.272019649514069 0
148 145 144 1.272019649514069 0
149 145 145 1. 0
150 145 145 0.7861513777574234 0
151 145 146 1.272019649514069 0
152 145 147 0.9999999999999999 0
153 145 147 0.7861513777574234 0
20 146 16 1.272019649514069 0
57 146 50 1.272019649514069 0
58 146 51 1.272019649514069 0
96 146 90 -1.272019649514069 0
97 146 91 -0.9999999999999999 0
98 146 91 -0.7861513777574234 0
154 146 144 1.272019649514069 0
155 146 145 -1.272019649514069 0
156 146 146 1. 0
157 146 146 -0.7861513777574234 0
158 146 147 -0.9999999999999999 0
159 146 147 -0.7861513777574234 0
24 147 16 1.618033988749895 0
62 147 50 1.618033988749895 0
63 147 51 -1.272019649514069 0
64 147 51 -1.0000000000000002 0
100 147 90 -1.618033988749895 0
103 147 91 1.272019649514069 0
104 147 91 -1.0000000000000002 0
160 147 144 -1.6180339887498951 0
161 147 145 1.272019649514069 0
162 147 145 1.0000000000000002 0
163 147 146 -1.272019649514069 0
164 147 146 1.0000000000000002 0
165 147 147 1. 0
166 147 147 -0.7861513777574234 0
167 147 147 -0.7861513777574234 0
168 147 147 0.6180339887498948 0
16 148 18 -1. 0
50 148 52 -0.9999999999999999 0
51 148 53 -0.7861513777574234 0
51 148 54 0.6180339887498949 0
90 148 93 -1. 0
91 148 95 -1. 0
144 148 148 1. 0
145 148 149 0.7861513777574234 0
145 148 150 0.6180339887498949 0
146 148 151 0.9999999999999999 0
147 148 152 0.7861513777574234 0
147 148 153 0.6180339887498949 0
17 149 17 1. 0
17 150 17 -1.272019649514069 0
18 149 18 1. 0
18 150 18 0.7861513777574234 0
52 149 52 1. 0
52 150 52 0.7861513777574234 0
53 149 53 1. 0
53 150 54 -0.9999999999999999 0
54 149 54 1. 0
54 150 53 -1. 0
54 150 54 -0.48586827175664576 0
92 149 92 1. 0
92 150 92 -1.272019649514069 0
93 149 93 1. 0
93 150 93 0.7861513777574234 0
94 149 94 1. 0
94 150 94 -1.272019649514069 0
95 149 95 1. 0
95 150 95 0.7861513777574234 0
148 149 148 1. 0
148 150 148 0.7861513777574234 0
149 149 149 1. 0
149 150 150 1. 0
150 149 150 1. 0
150 150 149 0.9999999999999999 0
150 150 150 -0.48586827175664576 0
151 149 151 1. 0
151 150 151 0.7861513777574234 0
152 149 152 1. 0
152 150 153 0.9999999999999999 0
153 149 153 1. 0
153 150 152 0.9999999999999999 0
153 150 153 -0.48586827175664576 0
20 151 18 -1.272019649514069 0
57 151 52 -1.272019649514069 0
58 151 53 -1.0000000000000002 0
58 151 54 0.7861513777574234 0
96 151 93 1.272019649514069 0
97 151 95 1. 0
98 151 95 0.7861513777574234 0
154 151 148 1.272019649514069 0
155 151 149 -1.0000000000000002 0
155 151 150 -0.7861513777574235 0
156 151 151 1. 0
157 151 151 -0.7861513777574234 0
158 151 152 -0.7861513777574234 0
158 151 153 -0.6180339887498949 0
159 151 152 -0.618033988749895 0
159 151 153 -0.4858682717566456 0
23 152 17 -1.272019649514069 0
23 153 17 1.618033988749895 0
24 152 18 -1.272019649514069 0
24 153 18 -1.0000000000000002 0
62 152 52 -1.272019649514069 0
62 153 52 -1.0000000000000002 0
63 152 53 1.272019649514069 0
63 153 54 -1.272019649514069 0
64 152 54 -1.272019649514069 0
64 153 53 1.272019649514069 0
64 153 54 0.618033988749895 0
99 152 92 -1.272019649514069 0
99 153 92 1.618033988749895 0
100 152 93 1.272019649514069 0
100 153 93 1.0000000000000002 0
101 152 94 -0.9999999999999999 0
101 153 94 1.272019649514069 0
102 152 94 0.7861513777574234 0
102 153 94 -1.0000000000000002 0
103 152 95 -0.9999999999999999 0
103 153 95 -0.7861513777574234 0
104 152 95 0.7861513777574234 0
104 153 95 0.618033988749895 0
160 152 148 -1.272019649514069 0
160 153 148 -1.0000000000000002 0
161 152 149 1.272019649514069 0
161 153 150 1.272019649514069 0
162 152 150 1.272019649514069 0
162 153 149 1.2720196495140692 0
162 153 150 -0.618033988749895 0
163 152 151 -0.9999999999999999 0
163 153 151 -0.7861513777574234 0
164 152 151 0.7861513777574234 0
164 153 151 0.6180339887498948 0
165 152 152 1. 0
165 153 153 1. 0
166 152 153 -0.9999999999999999 0
166 153 152 -1. 0
166 153 153 0.48586827175664576 0
167 152 152 -0.7861513777574234 0
167 153 153 -0.7861513777574234 0
168 152 153 0.7861513777574234 0
168 153 152 0.7861513777574235 0
168 153 153 -0.38196601125010515 0
16 154 20 1. 0
50 154 57 1. 0
51 154 58 1. 0
90 154 96 -0.9999999999999999 0
91 154 97 -0.7861513777574234 0
91 154 98 -0.6180339887498949 0
144 154 154 1. 0
145 154 155 -0.9999999999999999 0
146 154 156 0.7861513777574234 0
146 154 157 -0.6180339887498949 0
147 154 158 -0.7861513777574234 0
147 154 159 -0.6180339887498949 0
18 155 20 1.272019649514069 0
52 155 57 1.272019649514069 0
53 155 58 1. 0
54 155 58 -0.7861513777574234 0
93 155 96 -1.272019649514069 0
95 155 97 -1.0000000000000002 0
95 155 98 -0.7861513777574234 0
148 155 154 -1.272019649514069 0
149 155 155 1. 0
150 155 155 0.7861513777574234 0
151 155 156 -1.0000000000000002 0
151 155 157 0.7861513777574235 0
152 155 158 0.7861513777574234 0
152 155 159 0.6180339887498949 0
153 155 158 0.618033988749895 0
153 155 159 0.4858682717566456 0
19 156 19 1. 0
19 157 19 1.272019649514069 0
20 156 20 1. 0
20 157 20 -0.7861513777574234 0
55 156 55 1. 0
55 157 55 1.272019649514069 0
56 156 56 1. 0
56 157 56 1.272019649514069 0
57 156 57 1. 0
57 157 57 -0.7861513777574234 0
58 156 58 1. 0
58 157 58 -0.7861513777574234 0
96 156 96 1. 0
96 157 96 -0.7861513777574234 0
97 156 97 1. 0
97 157 98 -0.9999999999999999 0
98 156 98 1. 0
98 157 97 -1. 0
98 157 98 0.48586827175664576 0
154 156 154 1. 0
154 157 154 -0.7861513777574234 0
155 156 155 1. 0
155 157 155 -0.7861513777574234 0
156 156 156 1. 0
156 157 157 1. 0
157 156 157 1. 0
157 157 156 0.9999999999999999 0
157 157 157 0.48586827175664576 0
158 156 158 1. 0
158 157 159 -0.9999999999999999 0
159 156 159 1. 0
159 157 158 -1. 0
159 157 159 0.48586827175664576 0
22 158 19 -1.272019649514069 0
22 159 19 1.618033988749895 0
24 158 20 -1.272019649514069 0
24 159 20 -1.0000000000000002 0
59 158 55 -1.272019649514069 0
59 159 55 1.618033988749895 0
60 158 56 -0.9999999999999999 0
60 159 56 1.272019649514069 0
61 158 56 0.7861513777574234 0
61 159 56 -1.0000000000000002 0
62 158 57 -1.272019649514069 0
62 159 57 -1.0000000000000002 0
63 158 58 0.9999999999999999 0
63 159 58 0.7861513777574234 0
64 158 58 0.7861513777574234 0
64 159 58 0.618033988749895 0
100 158 96 -1.272019649514069 0
100 159 96 -1.0000000000000002 0
103 158 97 1.272019649514069 0
103 159 98 1.272019649514069 0
104 158 98 -1.272019649514069 0
104 159 97 -1.272019649514069 0
104 159 98 0.618033988749895 0
160 158 154 1.272019649514069 0
160 159 154 1.0000000000000002 0
161 158 155 0.9999999999999999 0
161 159 155 0.7861513777574234 0
162 158 155 0.7861513777574234 0
162 159 155 0.6180339887498948 0
163 158 156 1.272019649514069 0
163 159 157 -1.272019649514069 0
164 158 157 1.272019649514069 0
164 159 156 -1.2720196495140692 0
164 159 157 -0.618033988749895 0
165 158 158 1. 0
165 159 159 1. 0
166 158 158 -0.7861513777574234 0
166 159 159 -0.7861513777574234 0
167 158 159 -0.9999999999999999 0
167 159 158 -1. 0
167 159 159 0.48586827175664576 0
168 158 159 0.7861513777574234 0
168 159 158 0.7861513777574235 0
168 159 159 -0.38196601125010515 0
16 160 24 -1.0000000000000002 0
50 160 62 -1. 0
51 160 63 0.7861513777574235 0
51 160 64 0.618033988749895 0
90 160 100 1. 0
91 160 103 -0.7861513777574235 0
91 160 104 0.618033988749895 0
144 160 160 1. 0
145 160 161 -0.7861513777574234 0
145 160 162 -0.6180339887498949 0
146 160 163 0.7861513777574234 0
146 160 164 -0.6180339887498949 0
147 160 165 -0.6180339887498948 0
147 160 166 0.4858682717566459 0
147 160 167 0.4858682717566459 0
147 160 168 -0.38196601125010515 0
17 161 23 -1. 0
17 162 23 1.272019649514069 0
18 161 24 -1. 0
18 162 24 -0.7861513777574235 0
52 161 62 -1. 0
52 162 62 -0.7861513777574234 0
53 161 63 1. 0
53 162 64 1. 0
54 161 64 -1. 0
54 162 63 -1.0000000000000002 0
54 162 64 0.4858682717566459 0
92 161 99 -0.9999999999999999 0
92 162 99 1.272019649514069 0
93 161 100 0.9999999999999999 0
93 162 100 0.7861513777574234 0
94 161 101 -0.7861513777574234 0
94 161 102 0.6180339887498949 0
94 162 101 1.0000000000000002 0
94 162 102 -0.7861513777574234 0
95 161 103 -0.7861513777574234 0
95 161 104 0.6180339887498949 0
95 162 103 -0.6180339887498948 0
95 162 104 0.4858682717566459 0
148 161 160 -0.9999999999999999 0
148 162 160 -0.7861513777574234 0
149 161 161 1. 0
149 162 162 1. 0
150 161 162 0.9999999999999999 0
150 162 161 0.9999999999999999 0
150 162 162 -0.48586827175664576 0
151 161 163 -0.7861513777574234 0
151 161 164 0.6180339887498949 0
151 162 163 -0.618033988749895 0
151 162 164 0.4858682717566456 0
152 161 165 0.7861513777574234 0
152 161 167 -0.6180339887498949 0
152 162 166 -0.7861513777574234 0
152 162 168 0.6180339887498949 0
153 161 166 -0.7861513777574234 0
153 161 168 0.6180339887498949 0
153 162 165 0.7861513777574235 0
153 162 166 0.3819660112501052 0
153 162 167 -0.618033988749895 0
153 162 168 -0.3002831060007776 0
19 163 22 -1. 0
19 164 22 -1.272019649514069 0
20 163 24 -1. 0
20 164 24 0.7861513777574235 0
55 163 59 -0.9999999999999999 0
55 164 59 -1.272019649514069 0
56 163 60 -0.7861513777574234 0
56 163 61 0.6180339887498949 0
56 164 60 -1.0000000000000002 0
56 164 61 0.7861513777574234 0
57 163 62 -0.9999999999999999 0
57 164 62 0.7861513777574234 0
58 163 63 0.7861513777574234 0
58 163 64 0.6180339887498949 0
58 164 63 -0.6180339887498948 0
58 164 64 -0.4858682717566459 0
96 163 100 -1. 0
96 164 100 0.7861513777574234 0
97 163 103 1. 0
97 164 104 1. 0
98 163 104 -1. 0
98 164 103 -1.0000000000000002 0
98 164 104 -0.4858682717566459 0
154 163 160 0.9999999999999999 0
154 164 160 -0.7861513777574234 0
155 163 161 0.7861513777574234 0
155 163 162 0.6180339887498949 0
155 164 161 -0.618033988749895 0
155 164 162 -0.4858682717566456 0
156 163 163 1. 0
156 164 164 1. 0
157 163 164 0.9999999999999999 0
157 164 163 0.9999999999999999 0
157 164 164 0.48586827175664576 0
158 163 165 0.7861513777574234 0
158 163 166 -0.6180339887498949 0
158 164 167 0.7861513777574234 0
158 164 168 -0.6180339887498949 0
159 163 167 -0.7861513777574234 0
159 163 168 0.6180339887498949 0
159 164 165 -0.7861513777574235 0
159 164 166 0.618033988749895 0
159 164 167 -0.3819660112501052 0
159 164 168 0.3002831060007776 0
21 165 21 1. 0
21 166 21 1.272019649514069 0
21 167 21 1.272019649514069 0
21 168 21 1.618033988749895 0
22 165 22 1. 0
22 166 22 -0.7861513777574234 0
22 167 22 1.272019649514069 0
22 168 22 -1.0000000000000002 0
23 165 23 1. 0
23 166 23 1.272019649514069 0
23 167 23 -0.7861513777574234 0
23 168 23 -1.0000000000000002 0
24 165 24 1. 0
24 166 24 -0.7861513777574234 0
24 167 24 -0.7861513777574234 0
24 168 24 0.6180339887498948 0
59 165 59 1. 0
59 166 59 -0.7861513777574234 0
59 167 59 1.272019649514069 0
59 168 59 -1.0000000000000002 0
60 165 60 1. 0
60 166 61 0.9999999999999999 0
60 167 60 1.272019649514069 0
60 168 61 1.272019649514069 0
61 165 61 1. 0
61 166 60 0.9999999999999999 0
61 166 61 0.48586827175664576 0
61 167 61 1.272019649514069 0
61 168 60 1.272019649514069 0
61 168 61 0.618033988749895 0
62 165 62 1. 0
62 166 62 -0.7861513777574234 0
62 167 62 -0.7861513777574234 0
62 168 62 0.618033988749895 0
63 165 63 1. 0
63 166 64 -0.9999999999999999 0
63 167 63 -0.7861513777574234 0
63 168 64 0.7861513777574234 0
64 165 64 1. 0
64 166 63 -1. 0
64 166 64 0.48586827175664576 0
64 167 64 -0.7861513777574234 0
64 168 63 0.7861513777574235 0
64 168 64 -0.38196601125010515 0
99 165 99 1. 0
99 166 99 1.272019649514069 0
99 167 99 -0.7861513777574234 0
99 168 99 -1.0000000000000002 0
100 165 100 1. 0
100 166 100 -0.7861513777574234 0
100 167 100 -0.7861513777574234 0
100 168 100 0.618033988749895 0
101 165 101 1. 0
101 166 101 1.272019649514069 0
101 167 102 0.9999999999999999 0
101 168 102 1.272019649514069 0
102 165 102 1. 0
102 166 102 1.272019649514069 0
102 167 101 0.9999999999999999 0
102 167 102 0.48586827175664576 0
102 168 101 1.272019649514069 0
102 168 102 0.618033988749895 0
103 165 103 1. 0
103 166 103 -0.7861513777574234 0
103 167 104 0.9999999999999999 0
103 168 104 -0.7861513777574234 0
104 165 104 1. 0
104 166 104 -0.7861513777574234 0
104 167 103 0.9999999999999999 0
104 167 104 0.48586827175664576 0
104 168 103 -0.7861513777574235 0
104 168 104 -0.38196601125010515 0
160 165 160 1. 0
160 166 160 -0.7861513777574234 0
160 167 160 -0.7861513777574234 0
160 168 160 0.6180339887498948 0
161 165 161 1. 0
161 166 162 -0.9999999999999999 0
161 167 161 -0.7861513777574234 0
161 168 162 0.7861513777574234 0
162 165 162 1. 0
162 166 161 -1. 0
162 166 162 0.48586827175664576 0
162 167 162 -0.7861513777574234 0
162 168 161 0.7861513777574235 0
162 168 162 -0.38196601125010515 0
163 165 163 1. 0
163 166 163 -0.7861513777574234 0
163 167 164 0.9999999999999999 0
163 168 164 -0.7861513777574234 0
164 165 164 1. 0
164 166 164 -0.7861513777574234 0
164 167 163 0.9999999999999999 0
164 167 164 0.48586827175664576 0
164 168 163 -0.7861513777574235 0
164 168 164 -0.38196601125010515 0
165 165 165 1. 0
165 166 166 1. 0
165 167 167 1. 0
165 168 168 1. 0
166 165 166 1. 0
166 166 165 0.9999999999999999 0
166 166 166 0.48586827175664576 0
166 167 168 0.9999999999999999 0
166 168 167 0.9999999999999999 0
166 168 168 0.48586827175664576 0
167 165 167 1. 0
167 166 168 0.9999999999999999 0
167 167 165 0.9999999999999999 0
167 167 167 0.48586827175664576 0
167 168 166 0.9999999999999999 0
167 168 168 0.48586827175664576 0
168 165 168 1. 0
168 166 167 0.9999999999999999 0
168 166 168 0.48586827175664576 0
168 167 166 0.9999999999999999 0
168 167 168 0.48586827175664576 0
168 168 165 1.0000000000000002 0
168 168 166 0.4858682717566459 0
168 168 167 0.4858682717566459 0
168 168 168 0.2360679774997896 0