1 1 1 1 0 0 0 0 0 0 0 0 0 0 0 0 0 0 0 0 0 0 0 0 0 0 0 0 1 1 1 1 0 0 0 0 0 0 0 0 0 0 0 0 0 0 0 0 0 0 0 0 0 0 0 0 0 0 0 0 0 0 0 0 1 0 0 1 0 0 0 0 1 0 0 0 0 0 0 0 0 1 0 0 0 0 0 0 0 0 0 0 0 0 0 0 0 0 0 0 0 0 0 0 0 0 0 0 0 0 0 0 0 0 0 0 0 0 0 0 0 0 0 0 0 0 0 0 0 0 0 0 0 0 0 0 0 0 0 0 1 0 0 1 0 0 0 0 1 0 0 0 0 0 0 0 0 1 0 0
0 0 0 1. 0
24 0 24 1. 0
48 0 48 1. 0
104 0 104 1. 0
1 1 1 1. 0
25 1 25 1. 0
49 1 49 1. 0
105 1 105 1. 0
2 2 2 1. 0
26 2 26 1. 0
50 2 50 1. 0
51 2 51 1. 0
52 2 52 1. 0
106 2 106 1. 0
107 2 107 1. 0
108 2 108 1. 0
3 3 3 1. 0
27 3 27 1. 0
53 3 53 1. 0
54 3 54 1. 0
55 3 55 1. 0
109 3 109 1. 0
110 3 110 1. 0
111 3 111 1. 0
1 4 4 1. 0
25 4 28 1. 0
49 4 56 1. 0
105 4 112 1. 0
0 5 5 1. 0
24 5 29 1. 0
48 5 57 1. 0
104 5 113 1. 0
3 6 6 1. 0
27 6 30 1. 0
53 6 58 1. 0
54 6 59 -1. 0
55 6 60 1. 0
109 6 114 1. 0
110 6 115 1. 0
111 6 116 1. 0
2 7 7 1. 0
26 7 31 1. 0
50 7 61 1. 0
51 7 62 1. 0
52 7 63 1. 0
106 7 117 1. 0
107 7 118 -1. 0
108 7 119 1. 0
2 8 8 1. 0
26 8 32 1. 0
50 8 64 1.0000000000000002 0
51 8 65 1. 0
52 8 66 1. 0
106 8 120 1.0000000000000002 0
107 8 121 1. 0
108 8 122 1. 0
3 9 9 1. 0
27 9 33 1. 0
53 9 67 1.0000000000000002 0
54 9 68 1. 0
55 9 69 1. 0
109 9 123 1.0000000000000002 0
110 9 124 1. 0
111 9 125 -1. 0
0 10 10 1. 0
24 10 34 1. 0
48 10 72 0.41421356237309526 0
48 10 73 0.6435942529055828 0
48 10 74 0.6435942529055828 0
104 10 130 0.41421356237309526 0
104 10 131 0.6435942529055828 0
104 10 132 0.6435942529055828 0
2 11 11 1. 0
26 11 36 1. 0
50 11 70 1. 0
51 11 72 0.6435942529055828 0
51 11 73 0.29289321881345254 0
51 11 74 -0.7071067811865476 0
52 11 75 -0.7071067811865476 0
52 11 76 -0.7071067811865476 0
106 11 127 1. 0
107 11 128 -0.7071067811865476 0
107 11 129 -0.7071067811865476 0
108 11 130 0.6435942529055828 0
108 11 131 -0.7071067811865476 0
108 11 132 0.29289321881345254 0
3 12 12 1. 0
27 12 35 1. 0
53 12 71 -1. 0
54 12 72 0.6435942529055828 0
54 12 73 -0.7071067811865476 0
54 12 74 0.29289321881345254 0
55 12 75 -0.7071067811865476 0
55 12 76 0.7071067811865476 0
109 12 126 -1. 0
110 12 128 0.7071067811865476 0
110 12 129 -0.7071067811865476 0
111 12 130 -0.6435942529055828 0
111 12 131 -0.29289321881345254 0
111 12 132 0.7071067811865476 0
1 13 13 1. 0
25 13 37 1. 0
49 13 81 0.41421356237309526 0
49 13 82 0.6435942529055828 0
49 13 83 -0.6435942529055828 0
105 13 135 0.41421356237309526 0
105 13 136 0.6435942529055828 0
105 13 137 0.6435942529055828 0
2 14 14 1. 0
26 14 39 -1. 0
50 14 77 -1. 0
51 14 79 -0.7071067811865476 0
51 14 80 0.7071067811865476 0
52 14 81 0.6435942529055828 0
52 14 82 -0.7071067811865476 0
52 14 83 -0.29289321881345254 0
106 14 134 -1. 0
107 14 135 0.6435942529055828 0
107 14 136 0.29289321881345254 0
107 14 137 -0.7071067811865476 0
108 14 138 0.7071067811865476 0
108 14 139 0.7071067811865476 0
3 15 15 1. 0
27 15 38 1. 0
53 15 78 1. 0
54 15 79 -0.7071067811865476 0
54 15 80 -0.7071067811865476 0
55 15 81 0.6435942529055828 0
55 15 82 0.29289321881345254 0
55 15 83 0.7071067811865476 0
109 15 133 1. 0
110 15 135 0.6435942529055828 0
110 15 136 -0.7071067811865476 0
110 15 137 0.29289321881345254 0
111 15 138 0.7071067811865476 0
111 15 139 -0.7071067811865476 0
3 16 16 1. 0
27 16 40 1. 0
53 16 84 1.0000000000000002 0
54 16 85 -1. 0
55 16 86 1. 0
109 16 140 1.0000000000000002 0
110 16 141 1. 0
111 16 142 -1. 0
2 17 17 1. 0
26 17 41 1. 0
50 17 87 1.0000000000000002 0
51 17 88 1. 0
52 17 89 -1. 0
106 17 143 1.0000000000000002 0
107 17 144 1. 0
108 17 145 1. 0
1 18 18 1. 0
25 18 42 1. 0
49 18 94 0.41421356237309526 0
49 18 95 0.6435942529055828 0
49 18 96 0.6435942529055828 0
105 18 148 0.41421356237309526 0
105 18 149 0.6435942529055828 0
105 18 150 -0.6435942529055828 0
2 19 19 1. 0
26 19 44 1. 0
50 19 90 -1. 0
51 19 92 0.7071067811865476 0
51 19 93 -0.7071067811865476 0
52 19 94 -0.6435942529055828 0
52 19 95 -0.29289321881345254 0
52 19 96 0.7071067811865476 0
106 19 147 1. 0
107 19 148 -0.6435942529055828 0
107 19 149 0.7071067811865476 0
107 19 150 0.29289321881345254 0
108 19 151 -0.7071067811865476 0
108 19 152 -0.7071067811865476 0
3 20 20 1. 0
27 20 43 1. 0
53 20 91 1. 0
54 20 92 0.7071067811865476 0
54 20 93 0.7071067811865476 0
55 20 94 0.6435942529055828 0
55 20 95 -0.7071067811865476 0
55 20 96 0.29289321881345254 0
109 20 146 1. 0
110 20 148 0.6435942529055828 0
110 20 149 0.29289321881345254 0
110 20 150 0.7071067811865476 0
111 20 151 -0.7071067811865476 0
111 20 152 0.7071067811865476 0
0 21 21 1. 0
24 21 45 1. 0
48 21 99 0.41421356237309526 0
48 21 100 0.6435942529055828 0
48 21 101 0.6435942529055828 0
104 21 157 0.41421356237309526 0
104 21 158 0.6435942529055828 0
104 21 159 0.6435942529055828 0
2 22 22 1. 0
26 22 47 1. 0
50 22 97 1. 0
51 22 99 0.6435942529055828 0
51 22 100 -0.7071067811865476 0
51 22 101 0.29289321881345254 0
52 22 102 0.7071067811865476 0
52 22 103 -0.7071067811865476 0
106 22 154 1. 0
107 22 155 0.7071067811865476 0
107 22 156 -0.7071067811865476 0
108 22 157 0.6435942529055828 0
108 22 158 0.29289321881345254 0
108 22 159 -0.7071067811865476 0
3 23 23 1. 0
27 23 46 -1. 0
53 23 98 1. 0
54 23 99 0.6435942529055828 0
54 23 100 0.29289321881345254 0
54 23 101 -0.7071067811865476 0
55 23 102 -0.7071067811865476 0
55 23 103 -0.7071067811865476 0
109 23 153 -1. 0
110 23 155 0.7071067811865476 0
110 23 156 0.7071067811865476 0
111 23 157 -0.6435942529055828 0
111 23 158 0.7071067811865476 0
111 23 159 -0.29289321881345254 0
5 24 0 1. 0
29 24 24 1. 0
57 24 48 1. 0
113 24 104 1. 0
4 25 1 1. 0
28 25 25 1. 0
56 25 49 1. 0
112 25 105 1. 0
7 26 2 1. 0
31 26 26 1. 0
61 26 50 1. 0
62 26 51 1. 0
63 26 52 1. 0
117 26 106 1. 0
118 26 107 -1. 0
119 26 108 1. 0
6 27 3 1. 0
30 27 27 1. 0
58 27 53 1. 0
59 27 54 -1. 0
60 27 55 1. 0
114 27 109 1. 0
115 27 110 1. 0
116 27 111 1. 0
4 28 4 1. 0
28 28 28 1. 0
56 28 56 1. 0
112 28 112 1. 0
5 29 5 1. 0
29 29 29 1. 0
57 29 57 1. 0
113 29 113 1. 0
6 30 6 1. 0
30 30 30 1. 0
58 30 58 1. 0
59 30 59 1. 0
60 30 60 1. 0
114 30 114 1. 0
115 30 115 1. 0
116 30 116 1. 0
7 31 7 1. 0
31 31 31 1. 0
61 31 61 1. 0
62 31 62 1. 0
63 31 63 1. 0
117 31 117 1. 0
118 31 118 1. 0
119 31 119 1. 0
7 32 8 1. 0
31 32 32 1. 0
61 32 64 1.0000000000000002 0
62 32 65 1. 0
63 32 66 1. 0
117 32 120 1.0000000000000002 0
118 32 121 -1. 0
119 32 122 1. 0
6 33 9 1. 0
30 33 33 1. 0
58 33 67 1.0000000000000002 0
59 33 68 -1. 0
60 33 69 1. 0
114 33 123 1.0000000000000002 0
115 33 124 1. 0
116 33 125 -1. 0
5 34 10 1. 0
29 34 34 1. 0
57 34 72 0.41421356237309526 0
57 34 73 0.6435942529055828 0
57 34 74 0.6435942529055828 0
113 34 130 0.41421356237309526 0
113 34 131 0.6435942529055828 0
113 34 132 0.6435942529055828 0
6 35 12 1. 0
30 35 35 1. 0
58 35 71 -1. 0
59 35 72 -0.6435942529055828 0
59 35 73 0.7071067811865476 0
59 35 74 -0.29289321881345254 0
60 35 75 -0.7071067811865476 0
60 35 76 0.7071067811865476 0
114 35 126 -1. 0
115 35 128 0.7071067811865476 0
115 35 129 -0.7071067811865476 0
116 35 130 -0.6435942529055828 0
116 35 131 -0.29289321881345254 0
116 35 132 0.7071067811865476 0
7 36 11 1. 0
31 36 36 1. 0
61 36 70 1. 0
62 36 72 0.6435942529055828 0
62 36 73 0.29289321881345254 0
62 36 74 -0.7071067811865476 0
63 36 75 -0.7071067811865476 0
63 36 76 -0.7071067811865476 0
117 36 127 1. 0
118 36 128 0.7071067811865476 0
118 36 129 0.7071067811865476 0
119 36 130 0.6435942529055828 0
119 36 131 -0.7071067811865476 0
119 36 132 0.29289321881345254 0
4 37 13 1. 0
28 37 37 1. 0
56 37 81 0.41421356237309526 0
56 37 82 0.6435942529055828 0
56 37 83 -0.6435942529055828 0
112 37 135 0.41421356237309526 0
112 37 136 0.6435942529055828 0
112 37 137 0.6435942529055828 0
6 38 15 1. 0
30 38 38 1. 0
58 38 78 1. 0
59 38 79 0.7071067811865476 0
59 38 80 0.7071067811865476 0
60 38 81 0.6435942529055828 0
60 38 82 0.29289321881345254 0
60 38 83 0.7071067811865476 0
114 38 133 1. 0
115 38 135 0.6435942529055828 0
115 38 136 -0.7071067811865476 0
115 38 137 0.29289321881345254 0
116 38 138 0.7071067811865476 0
116 38 139 -0.7071067811865476 0
7 39 14 -1. 0
31 39 39 1. 0
61 39 77 1. 0
62 39 79 0.7071067811865476 0
62 39 80 -0.7071067811865476 0
63 39 81 -0.6435942529055828 0
63 39 82 0.7071067811865476 0
63 39 83 0.29289321881345254 0
117 39 134 1. 0
118 39 135 0.6435942529055828 0
118 39 136 0.29289321881345254 0
118 39 137 -0.7071067811865476 0
119 39 138 -0.7071067811865476 0
119 39 139 -0.7071067811865476 0
6 40 16 1. 0
30 40 40 1. 0
58 40 84 1.0000000000000002 0
59 40 85 1. 0
60 40 86 1. 0
114 40 140 1.0000000000000002 0
115 40 141 1. 0
116 40 142 -1. 0
7 41 17 1. 0
31 41 41 1. 0
61 41 87 1.0000000000000002 0
62 41 88 1. 0
63 41 89 -1. 0
117 41 143 1.0000000000000002 0
118 41 144 -1. 0
119 41 145 1. 0
4 42 18 1. 0
28 42 42 1. 0
56 42 94 0.41421356237309526 0
56 42 95 0.6435942529055828 0
56 42 96 0.6435942529055828 0
112 42 148 0.41421356237309526 0
112 42 149 0.6435942529055828 0
112 42 150 -0.6435942529055828 0
6 43 20 1. 0
30 43 43 1. 0
58 43 91 1. 0
59 43 92 -0.7071067811865476 0
59 43 93 -0.7071067811865476 0
60 43 94 0.6435942529055828 0
60 43 95 -0.7071067811865476 0
60 43 96 0.29289321881345254 0
114 43 146 1. 0
115 43 148 0.6435942529055828 0
115 43 149 0.29289321881345254 0
115 43 150 0.7071067811865476 0
116 43 151 -0.7071067811865476 0
116 43 152 0.7071067811865476 0
7 44 19 1. 0
31 44 44 1. 0
61 44 90 -1. 0
62 44 92 0.7071067811865476 0
62 44 93 -0.7071067811865476 0
63 44 94 -0.6435942529055828 0
63 44 95 -0.29289321881345254 0
63 44 96 0.7071067811865476 0
117 44 147 1. 0
118 44 148 0.6435942529055828 0
118 44 149 -0.7071067811865476 0
118 44 150 -0.29289321881345254 0
119 44 151 -0.7071067811865476 0
119 44 152 -0.7071067811865476 0
5 45 21 1. 0
29 45 45 1. 0
57 45 99 0.41421356237309526 0
57 45 100 0.6435942529055828 0
57 45 101 0.6435942529055828 0
113 45 157 0.41421356237309526 0
113 45 158 0.6435942529055828 0
113 45 159 0.6435942529055828 0
6 46 23 -1. 0
30 46 46 1. 0
58 46 98 -1. 0
59 46 99 0.6435942529055828 0
59 46 100 0.29289321881345254 0
59 46 101 -0.7071067811865476 0
60 46 102 0.7071067811865476 0
60 46 103 0.7071067811865476 0
114 46 153 1. 0
115 46 155 -0.7071067811865476 0
115 46 156 -0.7071067811865476 0
116 46 157 0.6435942529055828 0
116 46 158 -0.7071067811865476 0
116 46 159 0.29289321881345254 0
7 47 22 1. 0
31 47 47 1. 0
61 47 97 1. 0
62 47 99 0.6435942529055828 0
62 47 100 -0.7071067811865476 0
62 47 101 0.29289321881345254 0
63 47 102 0.7071067811865476 0
63 47 103 -0.7071067811865476 0
117 47 154 1. 0
118 47 155 -0.7071067811865476 0
118 47 156 0.7071067811865476 0
119 47 157 0.6435942529055828 0
119 47 158 0.29289321881345254 0
119 47 159 -0.7071067811865476 0
10 48 0 2.414213562373095 0
34 48 24 2.414213562373095 0
72 48 48 1. 0
73 48 48 1.5537739740300374 0
74 48 48 1.5537739740300374 0
130 48 104 1. 0
131 48 104 1.5537739740300374 0
132 48 104 1.5537739740300374 0
13 49 1 2.414213562373095 0
37 49 25 2.414213562373095 0
81 49 49 1. 0
82 49 49 1.5537739740300374 0
83 49 49 -1.5537739740300374 0
135 49 105 1. 0
136 49 105 1.5537739740300374 0
137 49 105 1.5537739740300374 0
8 50 2 1.0000000000000002 0
32 50 26 1.0000000000000002 0
64 50 50 1. 0
65 50 51 1. 0
66 50 52 1. 0
120 50 106 1. 0
121 50 107 1. 0
122 50 108 1. 0
11 51 2 1.5537739740300374 0
36 51 26 1.5537739740300374 0
70 51 50 1.5537739740300374 0
72 51 51 1. 0
73 51 51 0.45508986056222744 0
74 51 51 -1.09868411346781 0
75 51 52 -1.09868411346781 0
76 51 52 -1.09868411346781 0
127 51 106 1.5537739740300374 0
128 51 107 -1.09868411346781 0
129 51 107 -1.09868411346781 0
130 51 108 1. 0
131 51 108 -1.09868411346781 0
132 51 108 0.45508986056222744 0
14 52 2 1.5537739740300374 0
39 52 26 -1.5537739740300374 0
77 52 50 -1.5537739740300374 0
79 52 51 -1.09868411346781 0
80 52 51 1.09868411346781 0
81 52 52 1. 0
82 52 52 -1.09868411346781 0
83 52 52 -0.45508986056222744 0
134 52 106 -1.5537739740300374 0
135 52 107 1. 0
136 52 107 0.45508986056222744 0
137 52 107 -1.09868411346781 0
138 52 108 1.09868411346781 0
139 52 108 1.09868411346781 0
9 53 3 1.0000000000000002 0
33 53 27 1.0000000000000002 0
67 53 53 1. 0
68 53 54 1. 0
69 53 55 1. 0
123 53 109 1. 0
124 53 110 1. 0
125 53 111 -1. 0
12 54 3 1.5537739740300374 0
35 54 27 1.5537739740300374 0
71 54 53 -1.5537739740300374 0
72 54 54 1. 0
73 54 54 -1.09868411346781 0
74 54 54 0.45508986056222744 0
75 54 55 -1.09868411346781 0
76 54 55 1.09868411346781 0
126 54 109 -1.5537739740300374 0
128 54 110 1.09868411346781 0
129 54 110 -1.09868411346781 0
130 54 111 -1. 0
131 54 111 -0.45508986056222744 0
132 54 111 1.09868411346781 0
15 55 3 1.5537739740300374 0
38 55 27 1.5537739740300374 0
78 55 53 1.5537739740300374 0
79 55 54 -1.09868411346781 0
80 55 54 -1.09868411346781 0
81 55 55 1. 0
82 55 55 0.45508986056222744 0
83 55 55 1.09868411346781 0
133 55 109 1.5537739740300374 0
135 55 110 1. 0
136 55 110 -1.09868411346781 0
137 55 110 0.45508986056222744 0
138 55 111 1.09868411346781 0
139 55 111 -1.09868411346781 0
13 56 4 2.414213562373095 0
37 56 28 2.414213562373095 0
81 56 56 1. 0
82 56 56 1.5537739740300374 0
83 56 56 -1.5537739740300374 0
135 56 112 1. 0
136 56 112 1.5537739740300374 0
137 56 112 1.5537739740300374 0
10 57 5 2.414213562373095 0
34 57 29 2.414213562373095 0
72 57 57 1. 0
73 57 57 1.5537739740300374 0
74 57 57 1.5537739740300374 0
130 57 113 1. 0
131 57 113 1.5537739740300374 0
132 57 113 1.5537739740300374 0
9 58 6 1.0000000000000002 0
33 58 30 1.0000000000000002 0
67 58 58 1. 0
68 58 59 -1. 0
69 58 60 1. 0
123 58 114 1. 0
124 58 115 1. 0
125 58 116 -1. 0
12 59 6 -1.5537739740300374 0
35 59 30 -1.5537739740300374 0
71 59 58 1.5537739740300374 0
72 59 59 1. 0
73 59 59 -1.09868411346781 0
74 59 59 0.45508986056222744 0
75 59 60 1.09868411346781 0
76 59 60 -1.09868411346781 0
126 59 114 1.5537739740300374 0
128 59 115 -1.09868411346781 0
129 59 115 1.09868411346781 0
130 59 116 1. 0
131 59 116 0.45508986056222744 0
132 59 116 -1.09868411346781 0
15 60 6 1.5537739740300374 0
38 60 30 1.5537739740300374 0
78 60 58 1.5537739740300374 0
79 60 59 1.09868411346781 0
80 60 59 1.09868411346781 0
81 60 60 1. 0
82 60 60 0.45508986056222744 0
83 60 60 1.09868411346781 0
133 60 114 1.5537739740300374 0
135 60 115 1. 0
136 60 115 -1.09868411346781 0
137 60 115 0.45508986056222744 0
138 60 116 1.09868411346781 0
139 60 116 -1.09868411346781 0
8 61 7 1.0000000000000002 0
32 61 31 1.0000000000000002 0
64 61 61 1. 0
65 61 62 1. 0
66 61 63 1. 0
120 61 117 1. 0
121 61 118 -1. 0
122 61 119 1. 0
11 62 7 1.5537739740300374 0
36 62 31 1.5537739740300374 0
70 62 61 1.5537739740300374 0
72 62 62 1. 0
73 62 62 0.45508986056222744 0
74 62 62 -1.09868411346781 0
75 62 63 -1.09868411346781 0
76 62 63 -1.09868411346781 0
127 62 117 1.5537739740300374 0
128 62 118 1.09868411346781 0
129 62 118 1.09868411346781 0
130 62 119 1. 0
131 62 119 -1.09868411346781 0
132 62 119 0.45508986056222744 0
14 63 7 1.5537739740300374 0
39 63 31 -1.5537739740300374 0
77 63 61 -1.5537739740300374 0
79 63 62 -1.09868411346781 0
80 63 62 1.09868411346781 0
81 63 63 1. 0
82 63 63 -1.09868411346781 0
83 63 63 -0.45508986056222744 0
134 63 117 -1.5537739740300374 0
135 63 118 -1. 0
136 63 118 -0.45508986056222744 0
137 63 118 1.09868411346781 0
138 63 119 1.09868411346781 0
139 63 119 1.09868411346781 0
8 64 8 1. 0
32 64 32 1. 0
64 64 64 1. 0
65 64 65 1. 0
66 64 66 1. 0
120 64 120 1. 0
121 64 121 1. 0
122 64 122 1. 0
11 65 8 1.5537739740300374 0
36 65 32 1.5537739740300374 0
70 65 64 1.5537739740300374 0
72 65 65 1. 0
73 65 65 0.45508986056222744 0
74 65 65 -1.09868411346781 0
75 65 66 -1.09868411346781 0
76 65 66 -1.09868411346781 0
127 65 120 1.5537739740300374 0
128 65 121 -1.09868411346781 0
129 65 121 -1.09868411346781 0
130 65 122 1. 0
131 65 122 -1.09868411346781 0
132 65 122 0.45508986056222744 0
14 66 8 1.5537739740300374 0
39 66 32 -1.5537739740300374 0
77 66 64 -1.5537739740300374 0
79 66 65 -1.09868411346781 0
80 66 65 1.09868411346781 0
81 66 66 1. 0
82 66 66 -1.09868411346781 0
83 66 66 -0.45508986056222744 0
134 66 120 -1.5537739740300374 0
135 66 121 1. 0
136 66 121 0.45508986056222744 0
137 66 121 -1.09868411346781 0
138 66 122 1.09868411346781 0
139 66 122 1.09868411346781 0
9 67 9 1. 0
33 67 33 1. 0
67 67 67 1. 0
68 67 68 1. 0
69 67 69 1. 0
123 67 123 1. 0
124 67 124 1. 0
125 67 125 1. 0
12 68 9 1.5537739740300374 0
35 68 33 1.5537739740300374 0
71 68 67 -1.5537739740300374 0
72 68 68 1. 0
73 68 68 -1.09868411346781 0
74 68 68 0.45508986056222744 0
75 68 69 -1.09868411346781 0
76 68 69 1.09868411346781 0
126 68 123 -1.5537739740300374 0
128 68 124 1.09868411346781 0
129 68 124 -1.09868411346781 0
130 68 125 1. 0
131 68 125 0.45508986056222744 0
132 68 125 -1.09868411346781 0
15 69 9 1.5537739740300374 0
38 69 33 1.5537739740300374 0
78 69 67 1.5537739740300374 0
79 69 68 -1.09868411346781 0
80 69 68 -1.09868411346781 0
81 69 69 1. 0
82 69 69 0.45508986056222744 0
83 69 69 1.09868411346781 0
133 69 123 1.5537739740300374 0
135 69 124 1. 0
136 69 124 -1.09868411346781 0
137 69 124 0.45508986056222744 0
138 69 125 -1.09868411346781 0
139 69 125 1.09868411346781 0
8 70 11 1. 0
32 70 36 1. 0
64 70 70 1. 0
65 70 72 0.6435942529055828 0
65 70 73 0.29289321881345254 0
65 70 74 -0.7071067811865476 0
66 70 75 -0.7071067811865476 0
66 70 76 -0.7071067811865476 0
120 70 127 1. 0
121 70 128 -0.7071067811865476 0
121 70 129 -0.7071067811865476 0
122 70 130 0.6435942529055828 0
122 70 131 -0.7071067811865476 0
122 70 132 0.29289321881345254 0
9 71 12 -1. 0
33 71 35 -1. 0
67 71 71 1. 0
68 71 72 -0.6435942529055828 0
68 71 73 0.7071067811865476 0
68 71 74 -0.29289321881345254 0
69 71 75 0.7071067811865476 0
69 71 76 -0.7071067811865476 0
123 71 126 1. 0
124 71 128 -0.7071067811865476 0
124 71 129 0.7071067811865476 0
125 71 130 -0.6435942529055828 0
125 71 131 -0.29289321881345254 0
125 71 132 0.7071067811865476 0
10 72 10 1. 0
10 73 10 1.5537739740300374 0
10 74 10 1.5537739740300374 0
11 72 11 1. 0
11 73 11 0.45508986056222744 0
11 74 11 -1.09868411346781 0
12 72 12 1. 0
12 73 12 -1.09868411346781 0
12 74 12 0.45508986056222744 0
34 72 34 1. 0
34 73 34 1.5537739740300374 0
34 74 34 1.5537739740300374 0
35 72 35 1. 0
35 73 35 -1.09868411346781 0
35 74 35 0.45508986056222744 0
36 72 36 1. 0
36 73 36 0.45508986056222744 0
36 74 36 -1.09868411346781 0
70 72 70 1. 0
70 73 70 0.45508986056222744 0
70 74 70 -1.09868411346781 0
71 72 71 1. 0
71 73 71 -1.09868411346781 0
71 74 71 0.45508986056222744 0
72 72 72 1. 0
72 73 73 1. 0
72 74 74 1. 0
73 72 73 1. 0
73 73 72 1.0000000000000002 0
73 73 73 0.1332927341094361 0
73 73 74 0.7768869870150187 0
73 74 73 0.7768869870150187 0
73 74 74 0.7768869870150187 0
74 72 74 1. 0
74 73 73 0.7768869870150187 0
74 73 74 0.7768869870150187 0
74 74 72 1.0000000000000002 0
74 74 73 0.7768869870150187 0
74 74 74 0.1332927341094361 0
75 72 75 1. 0
75 73 75 -0.3217971264527914 0
75 73 76 0.7768869870150187 0
75 74 75 -0.3217971264527914 0
75 74 76 -0.7768869870150187 0
76 72 76 1. 0
76 73 75 0.7768869870150187 0
76 73 76 -0.3217971264527914 0
76 74 75 -0.7768869870150187 0
76 74 76 -0.3217971264527914 0
126 72 126 1. 0
126 73 126 -1.09868411346781 0
126 74 126 0.45508986056222744 0
127 72 127 1. 0
127 73 127 0.45508986056222744 0
127 74 127 -1.09868411346781 0
128 72 128 1. 0
128 73 128 -0.3217971264527914 0
128 73 129 0.7768869870150187 0
128 74 128 -0.3217971264527914 0
128 74 129 -0.7768869870150187 0
129 72 129 1. 0
129 73 128 0.7768869870150187 0
129 73 129 -0.3217971264527914 0
129 74 128 -0.7768869870150187 0
129 74 129 -0.3217971264527914 0
130 72 130 1. 0
130 73 132 1. 0
130 74 131 1. 0
131 72 131 1. 0
131 73 131 0.7768869870150187 0
131 73 132 0.7768869870150187 0
131 74 130 1.0000000000000002 0
131 74 131 0.1332927341094361 0
131 74 132 0.7768869870150187 0
132 72 132 1. 0
132 73 130 1.0000000000000002 0
132 73 131 0.7768869870150187 0
132 73 132 0.1332927341094361 0
132 74 131 0.7768869870150187 0
132 74 132 0.7768869870150187 0
14 75 11 -1.09868411346781 0
14 76 11 -1.09868411346781 0
15 75 12 -1.09868411346781 0
15 76 12 1.09868411346781 0
38 75 35 -1.09868411346781 0
38 76 35 1.09868411346781 0
39 75 36 1.09868411346781 0
39 76 36 1.09868411346781 0
77 75 70 1.09868411346781 0
77 76 70 1.09868411346781 0
78 75 71 1.09868411346781 0
78 76 71 -1.09868411346781 0
79 75 72 1.0000000000000002 0
79 75 73 -0.3217971264527914 0
79 75 74 -0.3217971264527914 0
79 76 73 0.7768869870150187 0
79 76 74 -0.7768869870150187 0
80 75 73 -0.7768869870150187 0
80 75 74 0.7768869870150187 0
80 76 72 -1.0000000000000002 0
80 76 73 0.3217971264527914 0
80 76 74 0.3217971264527914 0
81 75 75 1. 0
81 76 76 1. 0
82 75 75 -0.3217971264527914 0
82 75 76 -0.7768869870150187 0
82 76 75 -0.7768869870150187 0
82 76 76 -0.3217971264527914 0
83 75 75 0.3217971264527914 0
83 75 76 -0.7768869870150187 0
83 76 75 -0.7768869870150187 0
83 76 76 0.3217971264527914 0
133 75 126 1.09868411346781 0
133 76 126 -1.09868411346781 0
134 75 127 1.09868411346781 0
134 76 127 1.09868411346781 0
135 75 129 1. 0
135 76 128 1. 0
136 75 128 0.7768869870150187 0
136 75 129 -0.3217971264527914 0
136 76 128 -0.3217971264527914 0
136 76 129 0.7768869870150187 0
137 75 128 -0.7768869870150187 0
137 75 129 -0.3217971264527914 0
137 76 128 -0.3217971264527914 0
137 76 129 -0.7768869870150187 0
138 75 131 0.7768869870150187 0
138 75 132 -0.7768869870150187 0
138 76 130 -1.0000000000000002 0
138 76 131 0.3217971264527914 0
138 76 132 0.3217971264527914 0
139 75 130 -1.0000000000000002 0
139 75 131 0.3217971264527914 0
139 75 132 0.3217971264527914 0
139 76 131 0.7768869870150187 0
139 76 132 -0.7768869870150187 0
8 77 14 -1. 0
32 77 39 1. 0
64 77 77 1. 0
65 77 79 0.7071067811865476 0
65 77 80 -0.7071067811865476 0
66 77 81 -0.6435942529055828 0
66 77 82 0.7071067811865476 0
66 77 83 0.29289321881345254 0
120 77 134 1. 0
121 77 135 -0.6435942529055828 0
121 77 136 -0.29289321881345254 0
121 77 137 0.7071067811865476 0
122 77 138 -0.7071067811865476 0
122 77 139 -0.7071067811865476 0
9 78 15 1. 0
33 78 38 1. 0
67 78 78 1. 0
68 78 79 -0.7071067811865476 0
68 78 80 -0.7071067811865476 0
69 78 81 0.6435942529055828 0
69 78 82 0.29289321881345254 0
69 78 83 0.7071067811865476 0
123 78 133 1. 0
124 78 135 0.6435942529055828 0
124 78 136 -0.7071067811865476 0
124 78 137 0.29289321881345254 0
125 78 138 -0.7071067811865476 0
125 78 139 0.7071067811865476 0
11 79 14 -1.09868411346781 0
11 80 14 1.09868411346781 0
12 79 15 -1.09868411346781 0
12 80 15 -1.09868411346781 0
35 79 38 -1.09868411346781 0
35 80 38 -1.09868411346781 0
36 79 39 1.09868411346781 0
36 80 39 -1.09868411346781 0
70 79 77 1.09868411346781 0
70 80 77 -1.09868411346781 0
71 79 78 1.09868411346781 0
71 80 78 1.09868411346781 0
72 79 79 1. 0
72 80 80 1. 0
73 79 79 -0.3217971264527914 0
73 79 80 -0.7768869870150187 0
73 80 79 -0.7768869870150187 0
73 80 80 -0.3217971264527914 0
74 79 79 -0.3217971264527914 0
74 79 80 0.7768869870150187 0
74 80 79 0.7768869870150187 0
74 80 80 -0.3217971264527914 0
75 79 81 1.0000000000000002 0
75 79 82 -0.3217971264527914 0
75 79 83 0.3217971264527914 0
75 80 82 0.7768869870150187 0
75 80 83 0.7768869870150187 0
76 79 82 -0.7768869870150187 0
76 79 83 -0.7768869870150187 0
76 80 81 -1.0000000000000002 0
76 80 82 0.3217971264527914 0
76 80 83 -0.3217971264527914 0
126 79 133 1.09868411346781 0
126 80 133 1.09868411346781 0
127 79 134 1.09868411346781 0
127 80 134 -1.09868411346781 0
128 79 136 0.7768869870150187 0
128 79 137 -0.7768869870150187 0
128 80 135 -1.0000000000000002 0
128 80 136 0.3217971264527914 0
128 80 137 0.3217971264527914 0
129 79 135 1.0000000000000002 0
129 79 136 -0.3217971264527914 0
129 79 137 -0.3217971264527914 0
129 80 136 -0.7768869870150187 0
129 80 137 0.7768869870150187 0
130 79 139 -1. 0
130 80 138 1. 0
131 79 138 0.7768869870150187 0
131 79 139 0.3217971264527914 0
131 80 138 -0.3217971264527914 0
131 80 139 -0.7768869870150187 0
132 79 138 -0.7768869870150187 0
132 79 139 0.3217971264527914 0
132 80 138 -0.3217971264527914 0
132 80 139 0.7768869870150187 0
13 81 13 1. 0
13 82 13 1.5537739740300374 0
13 83 13 -1.5537739740300374 0
14 81 14 1. 0
14 82 14 -1.09868411346781 0
14 83 14 -0.45508986056222744 0
15 81 15 1. 0
15 82 15 0.45508986056222744 0
15 83 15 1.09868411346781 0
37 81 37 1. 0
37 82 37 1.5537739740300374 0
37 83 37 -1.5537739740300374 0
38 81 38 1. 0
38 82 38 0.45508986056222744 0
38 83 38 1.09868411346781 0
39 81 39 1. 0
39 82 39 -1.09868411346781 0
39 83 39 -0.45508986056222744 0
77 81 77 1. 0
77 82 77 -1.09868411346781 0
77 83 77 -0.45508986056222744 0
78 81 78 1. 0
78 82 78 0.45508986056222744 0
78 83 78 1.09868411346781 0
79 81 79 1. 0
79 82 79 -0.3217971264527914 0
79 82 80 0.7768869870150187 0
79 83 79 0.3217971264527914 0
79 83 80 0.7768869870150187 0
80 81 80 1. 0
80 82 79 0.7768869870150187 0
80 82 80 -0.3217971264527914 0
80 83 79 0.7768869870150187 0
80 83 80 0.3217971264527914 0
81 81 81 1. 0
81 82 82 1. 0
81 83 83 1. 0
82 81 82 1. 0
82 82 81 1.0000000000000002 0
82 82 82 0.1332927341094361 0
82 82 83 -0.7768869870150187 0
82 83 82 -0.7768869870150187 0
82 83 83 0.7768869870150187 0
83 81 83 1. 0
83 82 82 -0.7768869870150187 0
83 82 83 0.7768869870150187 0
83 83 81 1.0000000000000002 0
83 83 82 0.7768869870150187 0
83 83 83 -0.1332927341094361 0
133 81 133 1. 0
133 82 133 0.45508986056222744 0
133 83 133 1.09868411346781 0
134 81 134 1. 0
134 82 134 -1.09868411346781 0
134 83 134 -0.45508986056222744 0
135 81 135 1. 0
135 82 137 1. 0
135 83 136 -1. 0
136 81 136 1. 0
136 82 136 0.7768869870150187 0
136 82 137 0.7768869870150187 0
136 83 135 -1.0000000000000002 0
136 83 136 -0.1332927341094361 0
136 83 137 -0.7768869870150187 0
137 81 137 1. 0
137 82 135 1.0000000000000002 0
137 82 136 0.7768869870150187 0
137 82 137 0.1332927341094361 0
137 83 136 -0.7768869870150187 0
137 83 137 -0.7768869870150187 0
138 81 138 1. 0
138 82 138 -0.3217971264527914 0
138 82 139 -0.7768869870150187 0
138 83 138 0.3217971264527914 0
138 83 139 -0.7768869870150187 0
139 81 139 1. 0
139 82 138 -0.7768869870150187 0
139 82 139 -0.3217971264527914 0
139 83 138 -0.7768869870150187 0
139 83 139 0.3217971264527914 0
9 84 16 1. 0
33 84 40 1. 0
67 84 84 1. 0
68 84 85 -1. 0
69 84 86 1. 0
123 84 140 1. 0
124 84 141 1. 0
125 84 142 1. 0
12 85 16 -1.5537739740300374 0
35 85 40 -1.5537739740300374 0
71 85 84 1.5537739740300374 0
72 85 85 1. 0
73 85 85 -1.09868411346781 0
74 85 85 0.45508986056222744 0
75 85 86 1.09868411346781 0
76 85 86 -1.09868411346781 0
126 85 140 1.5537739740300374 0
128 85 141 -1.09868411346781 0
129 85 141 1.09868411346781 0
130 85 142 -1. 0
131 85 142 -0.45508986056222744 0
132 85 142 1.09868411346781 0
15 86 16 1.5537739740300374 0
38 86 40 1.5537739740300374 0
78 86 84 1.5537739740300374 0
79 86 85 1.09868411346781 0
80 86 85 1.09868411346781 0
81 86 86 1. 0
82 86 86 0.45508986056222744 0
83 86 86 1.09868411346781 0
133 86 140 1.5537739740300374 0
135 86 141 1. 0
136 86 141 -1.09868411346781 0
137 86 141 0.45508986056222744 0
138 86 142 -1.09868411346781 0
139 86 142 1.09868411346781 0
8 87 17 1. 0
32 87 41 1. 0
64 87 87 1. 0
65 87 88 1. 0
66 87 89 -1. 0
120 87 143 1. 0
121 87 144 1. 0
122 87 145 1. 0
11 88 17 1.5537739740300374 0
36 88 41 1.5537739740300374 0
70 88 87 1.5537739740300374 0
72 88 88 1. 0
73 88 88 0.45508986056222744 0
74 88 88 -1.09868411346781 0
75 88 89 1.09868411346781 0
76 88 89 1.09868411346781 0
127 88 143 1.5537739740300374 0
128 88 144 -1.09868411346781 0
129 88 144 -1.09868411346781 0
130 88 145 1. 0
131 88 145 -1.09868411346781 0
132 88 145 0.45508986056222744 0
14 89 17 -1.5537739740300374 0
39 89 41 1.5537739740300374 0
77 89 87 1.5537739740300374 0
79 89 88 1.09868411346781 0
80 89 88 -1.09868411346781 0
81 89 89 1. 0
82 89 89 -1.09868411346781 0
83 89 89 -0.45508986056222744 0
134 89 143 1.5537739740300374 0
135 89 144 -1. 0
136 89 144 -0.45508986056222744 0
137 89 144 1.09868411346781 0
138 89 145 -1.09868411346781 0
139 89 145 -1.09868411346781 0
8 90 19 -1. 0
32 90 44 -1. 0
64 90 90 1. 0
65 90 92 -0.7071067811865476 0
65 90 93 0.7071067811865476 0
66 90 94 0.6435942529055828 0
66 90 95 0.29289321881345254 0
66 90 96 -0.7071067811865476 0
120 90 147 -1. 0
121 90 148 0.6435942529055828 0
121 90 149 -0.7071067811865476 0
121 90 150 -0.29289321881345254 0
122 90 151 0.7071067811865476 0
122 90 152 0.7071067811865476 0
9 91 20 1. 0
33 91 43 1. 0
67 91 91 1. 0
68 91 92 0.7071067811865476 0
68 91 93 0.7071067811865476 0
69 91 94 0.6435942529055828 0
69 91 95 -0.7071067811865476 0
69 91 96 0.29289321881345254 0
123 91 146 1. 0
124 91 148 0.6435942529055828 0
124 91 149 0.29289321881345254 0
124 91 150 0.7071067811865476 0
125 91 151 0.7071067811865476 0
125 91 152 -0.7071067811865476 0
11 92 19 1.09868411346781 0
11 93 19 -1.09868411346781 0
12 92 20 1.09868411346781 0
12 93 20 1.09868411346781 0
35 92 43 1.09868411346781 0
35 93 43 1.09868411346781 0
36 92 44 1.09868411346781 0
36 93 44 -1.09868411346781 0
70 92 90 -1.09868411346781 0
70 93 90 1.09868411346781 0
71 92 91 -1.09868411346781 0
71 93 91 -1.09868411346781 0
72 92 92 1. 0
72 93 93 1. 0
73 92 92 -0.3217971264527914 0
73 92 93 -0.7768869870150187 0
73 93 92 -0.7768869870150187 0
73 93 93 -0.3217971264527914 0
74 92 92 -0.3217971264527914 0
74 92 93 0.7768869870150187 0
74 93 92 0.7768869870150187 0
74 93 93 -0.3217971264527914 0
75 92 95 0.7768869870150187 0
75 92 96 -0.7768869870150187 0
75 93 94 -1.0000000000000002 0
75 93 95 0.3217971264527914 0
75 93 96 0.3217971264527914 0
76 92 94 1.0000000000000002 0
76 92 95 -0.3217971264527914 0
76 92 96 -0.3217971264527914 0
76 93 95 -0.7768869870150187 0
76 93 96 0.7768869870150187 0
126 92 146 -1.09868411346781 0
126 93 146 -1.09868411346781 0
127 92 147 1.09868411346781 0
127 93 147 -1.09868411346781 0
128 92 148 1.0000000000000002 0
128 92 149 -0.3217971264527914 0
128 92 150 0.3217971264527914 0
128 93 149 0.7768869870150187 0
128 93 150 0.7768869870150187 0
129 92 149 -0.7768869870150187 0
129 92 150 -0.7768869870150187 0
129 93 148 -1.0000000000000002 0
129 93 149 0.3217971264527914 0
129 93 150 -0.3217971264527914 0
130 92 152 -1. 0
130 93 151 1. 0
131 92 151 0.7768869870150187 0
131 92 152 0.3217971264527914 0
131 93 151 -0.3217971264527914 0
131 93 152 -0.7768869870150187 0
132 92 151 -0.7768869870150187 0
132 92 152 0.3217971264527914 0
132 93 151 -0.3217971264527914 0
132 93 152 0.7768869870150187 0
13 94 18 1. 0
13 95 18 1.5537739740300374 0
13 96 18 1.5537739740300374 0
14 94 19 -1. 0
14 95 19 -0.45508986056222744 0
14 96 19 1.09868411346781 0
15 94 20 1. 0
15 95 20 -1.09868411346781 0
15 96 20 0.45508986056222744 0
37 94 42 1. 0
37 95 42 1.5537739740300374 0
37 96 42 1.5537739740300374 0
38 94 43 1. 0
38 95 43 -1.09868411346781 0
38 96 43 0.45508986056222744 0
39 94 44 1. 0
39 95 44 0.45508986056222744 0
39 96 44 -1.09868411346781 0
77 94 90 -1. 0
77 95 90 -0.45508986056222744 0
77 96 90 1.09868411346781 0
78 94 91 1. 0
78 95 91 -1.09868411346781 0
78 96 91 0.45508986056222744 0
79 94 93 -1. 0
79 95 92 0.7768869870150187 0
79 95 93 0.3217971264527914 0
79 96 92 -0.7768869870150187 0
79 96 93 0.3217971264527914 0
80 94 92 -1. 0
80 95 92 0.3217971264527914 0
80 95 93 0.7768869870150187 0
80 96 92 0.3217971264527914 0
80 96 93 -0.7768869870150187 0
81 94 94 1. 0
81 95 95 1. 0
81 96 96 1. 0
82 94 96 1. 0
82 95 95 0.7768869870150187 0
82 95 96 0.7768869870150187 0
82 96 94 1.0000000000000002 0
82 96 95 0.7768869870150187 0
82 96 96 0.1332927341094361 0
83 94 95 -1. 0
83 95 94 -1.0000000000000002 0
83 95 95 -0.1332927341094361 0
83 95 96 -0.7768869870150187 0
83 96 95 -0.7768869870150187 0
83 96 96 -0.7768869870150187 0
133 94 146 1. 0
133 95 146 -1.09868411346781 0
133 96 146 0.45508986056222744 0
134 94 147 1. 0
134 95 147 0.45508986056222744 0
134 96 147 -1.09868411346781 0
135 94 148 1. 0
135 95 150 -1. 0
135 96 149 1. 0
136 94 150 -1. 0
136 95 148 1.0000000000000002 0
136 95 149 0.7768869870150187 0
136 95 150 -0.1332927341094361 0
136 96 149 0.7768869870150187 0
136 96 150 -0.7768869870150187 0
137 94 149 1. 0
137 95 149 0.7768869870150187 0
137 95 150 -0.7768869870150187 0
137 96 148 1.0000000000000002 0
137 96 149 0.1332927341094361 0
137 96 150 -0.7768869870150187 0
138 94 152 1. 0
138 95 151 0.7768869870150187 0
138 95 152 -0.3217971264527914 0
138 96 151 -0.7768869870150187 0
138 96 152 -0.3217971264527914 0
139 94 151 1. 0
139 95 151 -0.3217971264527914 0
139 95 152 0.7768869870150187 0
139 96 151 -0.3217971264527914 0
139 96 152 -0.7768869870150187 0
8 97 22 1. 0
32 97 47 1. 0
64 97 97 1. 0
65 97 99 0.6435942529055828 0
65 97 100 -0.7071067811865476 0
65 97 101 0.29289321881345254 0
66 97 102 0.7071067811865476 0
66 97 103 -0.7071067811865476 0
120 97 154 1. 0
121 97 155 0.7071067811865476 0
121 97 156 -0.7071067811865476 0
122 97 157 0.6435942529055828 0
122 97 158 0.29289321881345254 0
122 97 159 -0.7071067811865476 0
9 98 23 1. 0
33 98 46 -1. 0
67 98 98 1. 0
68 98 99 0.6435942529055828 0
68 98 100 0.29289321881345254 0
68 98 101 -0.7071067811865476 0
69 98 102 -0.7071067811865476 0
69 98 103 -0.7071067811865476 0
123 98 153 -1. 0
124 98 155 0.7071067811865476 0
124 98 156 0.7071067811865476 0
125 98 157 0.6435942529055828 0
125 98 158 -0.7071067811865476 0
125 98 159 0.29289321881345254 0
10 99 21 1. 0
10 100 21 1.5537739740300374 0
10 101 21 1.5537739740300374 0
11 99 22 1. 0
11 100 22 -1.09868411346781 0
11 101 22 0.45508986056222744 0
12 99 23 1. 0
12 100 23 0.45508986056222744 0
12 101 23 -1.09868411346781 0
34 99 45 1. 0
34 100 45 1.5537739740300374 0
34 101 45 1.5537739740300374 0
35 99 46 -1. 0
35 100 46 -0.45508986056222744 0
35 101 46 1.09868411346781 0
36 99 47 1. 0
36 100 47 -1.09868411346781 0
36 101 47 0.45508986056222744 0
70 99 97 1. 0
70 100 97 -1.09868411346781 0
70 101 97 0.45508986056222744 0
71 99 98 -1. 0
71 100 98 -0.45508986056222744 0
71 101 98 1.09868411346781 0
72 99 99 1. 0
72 100 100 1. 0
72 101 101 1. 0
73 99 101 1. 0
73 100 100 0.7768869870150187 0
73 100 101 0.7768869870150187 0
73 101 99 1.0000000000000002 0
73 101 100 0.7768869870150187 0
73 101 101 0.1332927341094361 0
74 99 100 1. 0
74 100 99 1.0000000000000002 0
74 100 100 0.1332927341094361 0
74 100 101 0.7768869870150187 0
74 101 100 0.7768869870150187 0
74 101 101 0.7768869870150187 0
75 99 103 1. 0
75 100 102 0.7768869870150187 0
75 100 103 -0.3217971264527914 0
75 101 102 -0.7768869870150187 0
75 101 103 -0.3217971264527914 0
76 99 102 -1. 0
76 100 102 0.3217971264527914 0
76 100 103 -0.7768869870150187 0
76 101 102 0.3217971264527914 0
76 101 103 0.7768869870150187 0
126 99 153 1. 0
126 100 153 0.45508986056222744 0
126 101 153 -1.09868411346781 0
127 99 154 1. 0
127 100 154 -1.09868411346781 0
127 101 154 0.45508986056222744 0
128 99 156 1. 0
128 100 155 0.7768869870150187 0
128 100 156 -0.3217971264527914 0
128 101 155 -0.7768869870150187 0
128 101 156 -0.3217971264527914 0
129 99 155 -1. 0
129 100 155 0.3217971264527914 0
129 100 156 -0.7768869870150187 0
129 101 155 0.3217971264527914 0
129 101 156 0.7768869870150187 0
130 99 157 1. 0
130 100 159 1. 0
130 101 158 1. 0
131 99 159 1. 0
131 100 157 1.0000000000000002 0
131 100 158 0.7768869870150187 0
131 100 159 0.1332927341094361 0
131 101 158 0.7768869870150187 0
131 101 159 0.7768869870150187 0
132 99 158 1. 0
132 100 158 0.7768869870150187 0
132 100 159 0.7768869870150187 0
132 101 157 1.0000000000000002 0
132 101 158 0.1332927341094361 0
132 101 159 0.7768869870150187 0
14 102 22 1.09868411346781 0
14 103 22 -1.09868411346781 0
15 102 23 -1.09868411346781 0
15 103 23 -1.09868411346781 0
38 102 46 1.09868411346781 0
38 103 46 1.09868411346781 0
39 102 47 -1.09868411346781 0
39 103 47 1.09868411346781 0
77 102 97 -1.09868411346781 0
77 103 97 1.09868411346781 0
78 102 98 -1.09868411346781 0
78 103 98 -1.09868411346781 0
79 102 100 0.7768869870150187 0
79 102 101 -0.7768869870150187 0
79 103 99 1.0000000000000002 0
79 103 100 -0.3217971264527914 0
79 103 101 -0.3217971264527914 0
80 102 99 1.0000000000000002 0
80 102 100 -0.3217971264527914 0
80 102 101 -0.3217971264527914 0
80 103 100 0.7768869870150187 0
80 103 101 -0.7768869870150187 0
81 102 102 1. 0
81 103 103 1. 0
82 102 102 -0.3217971264527914 0
82 102 103 0.7768869870150187 0
82 103 102 0.7768869870150187 0
82 103 103 -0.3217971264527914 0
83 102 102 0.3217971264527914 0
83 102 103 0.7768869870150187 0
83 103 102 0.7768869870150187 0
83 103 103 0.3217971264527914 0
133 102 153 1.09868411346781 0
133 103 153 1.09868411346781 0
134 102 154 -1.09868411346781 0
134 103 154 1.09868411346781 0
135 102 156 -1. 0
135 103 155 -1. 0
136 102 155 0.7768869870150187 0
136 102 156 0.3217971264527914 0
136 103 155 0.3217971264527914 0
136 103 156 0.7768869870150187 0
137 102 155 -0.7768869870150187 0
137 102 156 0.3217971264527914 0
137 103 155 0.3217971264527914 0
137 103 156 -0.7768869870150187 0
138 102 157 1.0000000000000002 0
138 102 158 -0.3217971264527914 0
138 102 159 -0.3217971264527914 0
138 103 158 -0.7768869870150187 0
138 103 159 0.7768869870150187 0
139 102 158 0.7768869870150187 0
139 102 159 -0.7768869870150187 0
139 103 157 -1.0000000000000002 0
139 103 158 0.3217971264527914 0
139 103 159 0.3217971264527914 0
21 104 0 2.414213562373095 0
45 104 24 2.414213562373095 0
99 104 48 1. 0
100 104 48 1.5537739740300374 0
101 104 48 1.5537739740300374 0
157 104 104 1. 0
158 104 104 1.5537739740300374 0
159 104 104 1.5537739740300374 0
18 105 1 2.414213562373095 0
42 105 25 2.414213562373095 0
94 105 49 1. 0
95 105 49 1.5537739740300374 0
96 105 49 1.5537739740300374 0
148 105 105 1. 0
149 105 105 1.5537739740300374 0
150 105 105 -1.5537739740300374 0
17 106 2 1.0000000000000002 0
41 106 26 1.0000000000000002 0
87 106 50 1. 0
88 106 51 1. 0
89 106 52 -1. 0
143 106 106 1. 0
144 106 107 1. 0
145 106 108 1. 0
19 107 2 -1.5537739740300374 0
44 107 26 -1.5537739740300374 0
90 107 50 1.5537739740300374 0
92 107 51 -1.09868411346781 0
93 107 51 1.09868411346781 0
94 107 52 1. 0
95 107 52 0.45508986056222744 0
96 107 52 -1.09868411346781 0
147 107 106 -1.5537739740300374 0
148 107 107 1. 0
149 107 107 -1.09868411346781 0
150 107 107 -0.45508986056222744 0
151 107 108 1.09868411346781 0
152 107 108 1.09868411346781 0
22 108 2 1.5537739740300374 0
47 108 26 1.5537739740300374 0
97 108 50 1.5537739740300374 0
99 108 51 1. 0
100 108 51 -1.09868411346781 0
101 108 51 0.45508986056222744 0
102 108 52 1.09868411346781 0
103 108 52 -1.09868411346781 0
154 108 106 1.5537739740300374 0
155 108 107 1.09868411346781 0
156 108 107 -1.09868411346781 0
157 108 108 1. 0
158 108 108 0.45508986056222744 0
159 108 108 -1.09868411346781 0
16 109 3 1.0000000000000002 0
40 109 27 1.0000000000000002 0
84 109 53 1. 0
85 109 54 -1. 0
86 109 55 1. 0
140 109 109 1. 0
141 109 110 1. 0
142 109 111 -1. 0
20 110 3 1.5537739740300374 0
43 110 27 1.5537739740300374 0
91 110 53 1.5537739740300374 0
92 110 54 1.09868411346781 0
93 110 54 1.09868411346781 0
94 110 55 1. 0
95 110 55 -1.09868411346781 0
96 110 55 0.45508986056222744 0
146 110 109 1.5537739740300374 0
148 110 110 1. 0
149 110 110 0.45508986056222744 0
150 110 110 1.09868411346781 0
151 110 111 -1.09868411346781 0
152 110 111 1.09868411346781 0
23 111 3 -1.5537739740300374 0
46 111 27 1.5537739740300374 0
98 111 53 -1.5537739740300374 0
99 111 54 -1. 0
100 111 54 -0.45508986056222744 0
101 111 54 1.09868411346781 0
102 111 55 1.09868411346781 0
103 111 55 1.09868411346781 0
153 111 109 1.5537739740300374 0
155 111 110 -1.09868411346781 0
156 111 110 -1.09868411346781 0
157 111 111 1. 0
158 111 111 -1.09868411346781 0
159 111 111 0.45508986056222744 0
18 112 4 2.414213562373095 0
42 112 28 2.414213562373095 0
94 112 56 1. 0
95 112 56 1.5537739740300374 0
96 112 56 1.5537739740300374 0
148 112 112 1. 0
149 112 112 1.5537739740300374 0
150 112 112 -1.5537739740300374 0
21 113 5 2.414213562373095 0
45 113 29 2.414213562373095 0
99 113 57 1. 0
100 113 57 1.5537739740300374 0
101 113 57 1.5537739740300374 0
157 113 113 1. 0
158 113 113 1.5537739740300374 0
159 113 113 1.5537739740300374 0
16 114 6 1.0000000000000002 0
40 114 30 1.0000000000000002 0
84 114 58 1. 0
85 114 59 1. 0
86 114 60 1. 0
140 114 114 1. 0
141 114 115 1. 0
142 114 116 -1. 0
20 115 6 1.5537739740300374 0
43 115 30 1.5537739740300374 0
91 115 58 1.5537739740300374 0
92 115 59 -1.09868411346781 0
93 115 59 -1.09868411346781 0
94 115 60 1. 0
95 115 60 -1.09868411346781 0
96 115 60 0.45508986056222744 0
146 115 114 1.5537739740300374 0
148 115 115 1. 0
149 115 115 0.45508986056222744 0
150 115 115 1.09868411346781 0
151 115 116 -1.09868411346781 0
152 115 116 1.09868411346781 0
23 116 6 -1.5537739740300374 0
46 116 30 1.5537739740300374 0
98 116 58 -1.5537739740300374 0
99 116 59 1. 0
100 116 59 0.45508986056222744 0
101 116 59 -1.09868411346781 0
102 116 60 1.09868411346781 0
103 116 60 1.09868411346781 0
153 116 114 1.5537739740300374 0
155 116 115 -1.09868411346781 0
156 116 115 -1.09868411346781 0
157 116 116 1. 0
158 116 116 -1.09868411346781 0
159 116 116 0.45508986056222744 0
17 117 7 1.0000000000000002 0
41 117 31 1.0000000000000002 0
87 117 61 1. 0
88 117 62 1. 0
89 117 63 -1. 0
143 117 117 1. 0
144 117 118 -1. 0
145 117 119 1. 0
19 118 7 1.5537739740300374 0
44 118 31 1.5537739740300374 0
90 118 61 -1.5537739740300374 0
92 118 62 1.09868411346781 0
93 118 62 -1.09868411346781 0
94 118 63 -1. 0
95 118 63 -0.45508986056222744 0
96 118 63 1.09868411346781 0
147 118 117 1.5537739740300374 0
148 118 118 1. 0
149 118 118 -1.09868411346781 0
150 118 118 -0.45508986056222744 0
151 118 119 -1.09868411346781 0
152 118 119 -1.09868411346781 0
22 119 7 1.5537739740300374 0
47 119 31 1.5537739740300374 0
97 119 61 1.5537739740300374 0
99 119 62 1. 0
100 119 62 -1.09868411346781 0
101 119 62 0.45508986056222744 0
102 119 63 1.09868411346781 0
103 119 63 -1.09868411346781 0
154 119 117 1.5537739740300374 0
155 119 118 -1.09868411346781 0
156 119 118 1.09868411346781 0
157 119 119 1. 0
158 119 119 0.45508986056222744 0
159 119 119 -1.09868411346781 0
17 120 8 1. 0
41 120 32 1. 0
87 120 64 1. 0
88 120 65 1. 0
89 120 66 -1. 0
143 120 120 1. 0
144 120 121 1. 0
145 120 122 1. 0
19 121 8 -1.5537739740300374 0
44 121 32 -1.5537739740300374 0
90 121 64 1.5537739740300374 0
92 121 65 -1.09868411346781 0
93 121 65 1.09868411346781 0
94 121 66 1. 0
95 121 66 0.45508986056222744 0
96 121 66 -1.09868411346781 0
147 121 120 -1.5537739740300374 0
148 121 121 1. 0
149 121 121 -1.09868411346781 0
150 121 121 -0.45508986056222744 0
151 121 122 1.09868411346781 0
152 121 122 1.09868411346781 0
22 122 8 1.5537739740300374 0
47 122 32 1.5537739740300374 0
97 122 64 1.5537739740300374 0
99 122 65 1. 0
100 122 65 -1.09868411346781 0
101 122 65 0.45508986056222744 0
102 122 66 1.09868411346781 0
103 122 66 -1.09868411346781 0
154 122 120 1.5537739740300374 0
155 122 121 1.09868411346781 0
156 122 121 -1.09868411346781 0
157 122 122 1. 0
158 122 122 0.45508986056222744 0
159 122 122 -1.09868411346781 0
16 123 9 1. 0
40 123 33 1. 0
84 123 67 1. 0
85 123 68 -1. 0
86 123 69 1. 0
140 123 123 1. 0
141 123 124 1. 0
142 123 125 1. 0
20 124 9 1.5537739740300374 0
43 124 33 1.5537739740300374 0
91 124 67 1.5537739740300374 0
92 124 68 1.09868411346781 0
93 124 68 1.09868411346781 0
94 124 69 1. 0
95 124 69 -1.09868411346781 0
96 124 69 0.45508986056222744 0
146 124 123 1.5537739740300374 0
148 124 124 1. 0
149 124 124 0.45508986056222744 0
150 124 124 1.09868411346781 0
151 124 125 1.09868411346781 0
152 124 125 -1.09868411346781 0
23 125 9 1.5537739740300374 0
46 125 33 -1.5537739740300374 0
98 125 67 1.5537739740300374 0
99 125 68 1. 0
100 125 68 0.45508986056222744 0
101 125 68 -1.09868411346781 0
102 125 69 -1.09868411346781 0
103 125 69 -1.09868411346781 0
153 125 123 -1.5537739740300374 0
155 125 124 1.09868411346781 0
156 125 124 1.09868411346781 0
157 125 125 1. 0
158 125 125 -1.09868411346781 0
159 125 125 0.45508986056222744 0
16 126 12 -1. 0
40 126 35 -1. 0
84 126 71 1. 0
85 126 72 0.6435942529055828 0
85 126 73 -0.7071067811865476 0
85 126 74 0.29289321881345254 0
86 126 75 0.7071067811865476 0
86 126 76 -0.7071067811865476 0
140 126 126 1. 0
141 126 128 -0.7071067811865476 0
141 126 129 0.7071067811865476 0
142 126 130 -0.6435942529055828 0
142 126 131 -0.29289321881345254 0
142 126 132 0.7071067811865476 0
17 127 11 1. 0
41 127 36 1. 0
87 127 70 1. 0
88 127 72 0.6435942529055828 0
88 127 73 0.29289321881345254 0
88 127 74 -0.7071067811865476 0
89 127 75 0.7071067811865476 0
89 127 76 0.7071067811865476 0
143 127 127 1. 0
144 127 128 -0.7071067811865476 0
144 127 129 -0.7071067811865476 0
145 127 130 0.6435942529055828 0
145 127 131 -0.7071067811865476 0
145 127 132 0.29289321881345254 0
19 128 11 1.09868411346781 0
19 129 11 1.09868411346781 0
20 128 12 1.09868411346781 0
20 129 12 -1.09868411346781 0
43 128 35 1.09868411346781 0
43 129 35 -1.09868411346781 0
44 128 36 1.09868411346781 0
44 129 36 1.09868411346781 0
90 128 70 -1.09868411346781 0
90 129 70 -1.09868411346781 0
91 128 71 -1.09868411346781 0
91 129 71 1.09868411346781 0
92 128 72 1.0000000000000002 0
92 128 73 -0.3217971264527914 0
92 128 74 -0.3217971264527914 0
92 129 73 0.7768869870150187 0
92 129 74 -0.7768869870150187 0
93 128 73 -0.7768869870150187 0
93 128 74 0.7768869870150187 0
93 129 72 -1.0000000000000002 0
93 129 73 0.3217971264527914 0
93 129 74 0.3217971264527914 0
94 128 76 1. 0
94 129 75 1. 0
95 128 75 0.7768869870150187 0
95 128 76 -0.3217971264527914 0
95 129 75 -0.3217971264527914 0
95 129 76 0.7768869870150187 0
96 128 75 -0.7768869870150187 0
96 128 76 -0.3217971264527914 0
96 129 75 -0.3217971264527914 0
96 129 76 -0.7768869870150187 0
146 128 126 -1.09868411346781 0
146 129 126 1.09868411346781 0
147 128 127 1.09868411346781 0
147 129 127 1.09868411346781 0
148 128 128 1. 0
148 129 129 1. 0
149 128 128 -0.3217971264527914 0
149 128 129 -0.7768869870150187 0
149 129 128 -0.7768869870150187 0
149 129 129 -0.3217971264527914 0
150 128 128 0.3217971264527914 0
150 128 129 -0.7768869870150187 0
150 129 128 -0.7768869870150187 0
150 129 129 0.3217971264527914 0
151 128 131 0.7768869870150187 0
151 128 132 -0.7768869870150187 0
151 129 130 -1.0000000000000002 0
151 129 131 0.3217971264527914 0
151 129 132 0.3217971264527914 0
152 128 130 -1.0000000000000002 0
152 128 131 0.3217971264527914 0
152 128 132 0.3217971264527914 0
152 129 131 0.7768869870150187 0
152 129 132 -0.7768869870150187 0
21 130 10 1. 0
21 131 10 1.5537739740300374 0
21 132 10 1.5537739740300374 0
22 130 11 1. 0
22 131 11 -1.09868411346781 0
22 132 11 0.45508986056222744 0
23 130 12 1. 0
23 131 12 0.45508986056222744 0
23 132 12 -1.09868411346781 0
45 130 34 1. 0
45 131 34 1.5537739740300374 0
45 132 34 1.5537739740300374 0
46 130 35 -1. 0
46 131 35 -0.45508986056222744 0
46 132 35 1.09868411346781 0
47 130 36 1. 0
47 131 36 -1.09868411346781 0
47 132 36 0.45508986056222744 0
97 130 70 1. 0
97 131 70 -1.09868411346781 0
97 132 70 0.45508986056222744 0
98 130 71 -1. 0
98 131 71 -0.45508986056222744 0
98 132 71 1.09868411346781 0
99 130 72 1. 0
99 131 74 1. 0
99 132 73 1. 0
100 130 74 1. 0
100 131 72 1.0000000000000002 0
100 131 73 0.7768869870150187 0
100 131 74 0.1332927341094361 0
100 132 73 0.7768869870150187 0
100 132 74 0.7768869870150187 0
101 130 73 1. 0
101 131 73 0.7768869870150187 0
101 131 74 0.7768869870150187 0
101 132 72 1.0000000000000002 0
101 132 73 0.1332927341094361 0
101 132 74 0.7768869870150187 0
102 130 76 -1. 0
102 131 75 0.7768869870150187 0
102 131 76 0.3217971264527914 0
102 132 75 -0.7768869870150187 0
102 132 76 0.3217971264527914 0
103 130 75 1. 0
103 131 75 -0.3217971264527914 0
103 131 76 -0.7768869870150187 0
103 132 75 -0.3217971264527914 0
103 132 76 0.7768869870150187 0
153 130 126 1. 0
153 131 126 0.45508986056222744 0
153 132 126 -1.09868411346781 0
154 130 127 1. 0
154 131 127 -1.09868411346781 0
154 132 127 0.45508986056222744 0
155 130 129 -1. 0
155 131 128 0.7768869870150187 0
155 131 129 0.3217971264527914 0
155 132 128 -0.7768869870150187 0
155 132 129 0.3217971264527914 0
156 130 128 1. 0
156 131 128 -0.3217971264527914 0
156 131 129 -0.7768869870150187 0
156 132 128 -0.3217971264527914 0
156 132 129 0.7768869870150187 0
157 130 130 1. 0
157 131 131 1. 0
157 132 132 1. 0
158 130 132 1. 0
158 131 131 0.7768869870150187 0
158 131 132 0.7768869870150187 0
158 132 130 1.0000000000000002 0
158 132 131 0.7768869870150187 0
158 132 132 0.1332927341094361 0
159 130 131 1. 0
159 131 130 1.0000000000000002 0
159 131 131 0.1332927341094361 0
159 131 132 0.7768869870150187 0
159 132 131 0.7768869870150187 0
159 132 132 0.7768869870150187 0
16 133 15 1. 0
40 133 38 1. 0
84 133 78 1. 0
85 133 79 0.7071067811865476 0
85 133 80 0.7071067811865476 0
86 133 81 0.6435942529055828 0
86 133 82 0.29289321881345254 0
86 133 83 0.7071067811865476 0
140 133 133 1. 0
141 133 135 0.6435942529055828 0
141 133 136 -0.7071067811865476 0
141 133 137 0.29289321881345254 0
142 133 138 -0.7071067811865476 0
142 133 139 0.7071067811865476 0
17 134 14 -1. 0
41 134 39 1. 0
87 134 77 1. 0
88 134 79 0.7071067811865476 0
88 134 80 -0.7071067811865476 0
89 134 81 0.6435942529055828 0
89 134 82 -0.7071067811865476 0
89 134 83 -0.29289321881345254 0
143 134 134 1. 0
144 134 135 -0.6435942529055828 0
144 134 136 -0.29289321881345254 0
144 134 137 0.7071067811865476 0
145 134 138 -0.7071067811865476 0
145 134 139 -0.7071067811865476 0
18 135 13 1. 0
18 136 13 1.5537739740300374 0
18 137 13 1.5537739740300374 0
19 135 14 -1. 0
19 136 14 -0.45508986056222744 0
19 137 14 1.09868411346781 0
20 135 15 1. 0
20 136 15 -1.09868411346781 0
20 137 15 0.45508986056222744 0
42 135 37 1. 0
42 136 37 1.5537739740300374 0
42 137 37 1.5537739740300374 0
43 135 38 1. 0
43 136 38 -1.09868411346781 0
43 137 38 0.45508986056222744 0
44 135 39 1. 0
44 136 39 0.45508986056222744 0
44 137 39 -1.09868411346781 0
90 135 77 -1. 0
90 136 77 -0.45508986056222744 0
90 137 77 1.09868411346781 0
91 135 78 1. 0
91 136 78 -1.09868411346781 0
91 137 78 0.45508986056222744 0
92 135 80 -1. 0
92 136 79 0.7768869870150187 0
92 136 80 0.3217971264527914 0
92 137 79 -0.7768869870150187 0
92 137 80 0.3217971264527914 0
93 135 79 -1. 0
93 136 79 0.3217971264527914 0
93 136 80 0.7768869870150187 0
93 137 79 0.3217971264527914 0
93 137 80 -0.7768869870150187 0
94 135 81 1. 0
94 136 83 -1. 0
94 137 82 1. 0
95 135 83 -1. 0
95 136 81 1.0000000000000002 0
95 136 82 0.7768869870150187 0
95 136 83 -0.1332927341094361 0
95 137 82 0.7768869870150187 0
95 137 83 -0.7768869870150187 0
96 135 82 1. 0
96 136 82 0.7768869870150187 0
96 136 83 -0.7768869870150187 0
96 137 81 1.0000000000000002 0
96 137 82 0.1332927341094361 0
96 137 83 -0.7768869870150187 0
146 135 133 1. 0
146 136 133 -1.09868411346781 0
146 137 133 0.45508986056222744 0
147 135 134 1. 0
147 136 134 0.45508986056222744 0
147 137 134 -1.09868411346781 0
148 135 135 1. 0
148 136 136 1. 0
148 137 137 1. 0
149 135 137 1. 0
149 136 136 0.7768869870150187 0
149 136 137 0.7768869870150187 0
149 137 135 1.0000000000000002 0
149 137 136 0.7768869870150187 0
149 137 137 0.1332927341094361 0
150 135 136 -1. 0
150 136 135 -1.0000000000000002 0
150 136 136 -0.1332927341094361 0
150 136 137 -0.7768869870150187 0
150 137 136 -0.7768869870150187 0
150 137 137 -0.7768869870150187 0
151 135 139 1. 0
151 136 138 0.7768869870150187 0
151 136 139 -0.3217971264527914 0
151 137 138 -0.7768869870150187 0
151 137 139 -0.3217971264527914 0
152 135 138 1. 0
152 136 138 -0.3217971264527914 0
152 136 139 0.7768869870150187 0
152 137 138 -0.3217971264527914 0
152 137 139 -0.7768869870150187 0
22 138 14 1.09868411346781 0
22 139 14 1.09868411346781 0
23 138 15 -1.09868411346781 0
23 139 15 1.09868411346781 0
46 138 38 1.09868411346781 0
46 139 38 -1.09868411346781 0
47 138 39 -1.09868411346781 0
47 139 39 -1.09868411346781 0
97 138 77 -1.09868411346781 0
97 139 77 -1.09868411346781 0
98 138 78 -1.09868411346781 0
98 139 78 1.09868411346781 0
99 138 80 1. 0
99 139 79 -1. 0
100 138 79 0.7768869870150187 0
100 138 80 -0.3217971264527914 0
100 139 79 0.3217971264527914 0
100 139 80 -0.7768869870150187 0
101 138 79 -0.7768869870150187 0
101 138 80 -0.3217971264527914 0
101 139 79 0.3217971264527914 0
101 139 80 0.7768869870150187 0
102 138 81 1.0000000000000002 0
102 138 82 -0.3217971264527914 0
102 138 83 0.3217971264527914 0
102 139 82 -0.7768869870150187 0
102 139 83 -0.7768869870150187 0
103 138 82 0.7768869870150187 0
103 138 83 0.7768869870150187 0
103 139 81 -1.0000000000000002 0
103 139 82 0.3217971264527914 0
103 139 83 -0.3217971264527914 0
153 138 133 1.09868411346781 0
153 139 133 -1.09868411346781 0
154 138 134 -1.09868411346781 0
154 139 134 -1.09868411346781 0
155 138 136 0.7768869870150187 0
155 138 137 -0.7768869870150187 0
155 139 135 1.0000000000000002 0
155 139 136 -0.3217971264527914 0
155 139 137 -0.3217971264527914 0
156 138 135 -1.0000000000000002 0
156 138 136 0.3217971264527914 0
156 138 137 0.3217971264527914 0
156 139 136 -0.7768869870150187 0
156 139 137 0.7768869870150187 0
157 138 138 1. 0
157 139 139 1. 0
158 138 138 -0.3217971264527914 0
158 138 139 0.7768869870150187 0
158 139 138 0.7768869870150187 0
158 139 139 -0.3217971264527914 0
159 138 138 -0.3217971264527914 0
159 138 139 -0.7768869870150187 0
159 139 138 -0.7768869870150187 0
159 139 139 -0.3217971264527914 0
16 140 16 1. 0
40 140 40 1. 0
84 140 84 1. 0
85 140 85 1. 0
86 140 86 1. 0
140 140 140 1. 0
141 140 141 1. 0
142 140 142 1. 0
20 141 16 1.5537739740300374 0
43 141 40 1.5537739740300374 0
91 141 84 1.5537739740300374 0
92 141 85 -1.09868411346781 0
93 141 85 -1.09868411346781 0
94 141 86 1. 0
95 141 86 -1.09868411346781 0
96 141 86 0.45508986056222744 0
146 141 140 1.5537739740300374 0
148 141 141 1. 0
149 141 141 0.45508986056222744 0
150 141 141 1.09868411346781 0
151 141 142 1.09868411346781 0
152 141 142 -1.09868411346781 0
23 142 16 1.5537739740300374 0
46 142 40 -1.5537739740300374 0
98 142 84 1.5537739740300374 0
99 142 85 -1. 0
100 142 85 -0.45508986056222744 0
101 142 85 1.09868411346781 0
102 142 86 -1.09868411346781 0
103 142 86 -1.09868411346781 0
153 142 140 -1.5537739740300374 0
155 142 141 1.09868411346781 0
156 142 141 1.09868411346781 0
157 142 142 1. 0
158 142 142 -1.09868411346781 0
159 142 142 0.45508986056222744 0
17 143 17 1. 0
41 143 41 1. 0
87 143 87 1. 0
88 143 88 1. 0
89 143 89 1. 0
143 143 143 1. 0
144 143 144 1. 0
145 143 145 1. 0
19 144 17 -1.5537739740300374 0
44 144 41 -1.5537739740300374 0
90 144 87 1.5537739740300374 0
92 144 88 -1.09868411346781 0
93 144 88 1.09868411346781 0
94 144 89 -1. 0
95 144 89 -0.45508986056222744 0
96 144 89 1.09868411346781 0
147 144 143 -1.5537739740300374 0
148 144 144 1. 0
149 144 144 -1.09868411346781 0
150 144 144 -0.45508986056222744 0
151 144 145 1.09868411346781 0
152 144 145 1.09868411346781 0
22 145 17 1.5537739740300374 0
47 145 41 1.5537739740300374 0
97 145 87 1.5537739740300374 0
99 145 88 1. 0
100 145 88 -1.09868411346781 0
101 145 88 0.45508986056222744 0
102 145 89 -1.09868411346781 0
103 145 89 1.09868411346781 0
154 145 143 1.5537739740300374 0
155 145 144 1.09868411346781 0
156 145 144 -1.09868411346781 0
157 145 145 1. 0
158 145 145 0.45508986056222744 0
159 145 145 -1.09868411346781 0
16 146 20 1. 0
40 146 43 1. 0
84 146 91 1. 0
85 146 92 -0.7071067811865476 0
85 146 93 -0.7071067811865476 0
86 146 94 0.6435942529055828 0
86 146 95 -0.7071067811865476 0
86 146 96 0.29289321881345254 0
140 146 146 1. 0
141 146 148 0.6435942529055828 0
141 146 149 0.29289321881345254 0
141 146 150 0.7071067811865476 0
142 146 151 0.7071067811865476 0
142 146 152 -0.7071067811865476 0
17 147 19 1. 0
41 147 44 1. 0
87 147 90 -1. 0
88 147 92 0.7071067811865476 0
88 147 93 -0.7071067811865476 0
89 147 94 0.6435942529055828 0
89 147 95 0.29289321881345254 0
89 147 96 -0.7071067811865476 0
143 147 147 1. 0
144 147 148 -0.6435942529055828 0
144 147 149 0.7071067811865476 0
144 147 150 0.29289321881345254 0
145 147 151 -0.7071067811865476 0
145 147 152 -0.7071067811865476 0
18 148 18 1. 0
18 149 18 1.5537739740300374 0
18 150 18 -1.5537739740300374 0
19 148 19 1. 0
19 149 19 -1.09868411346781 0
19 150 19 -0.45508986056222744 0
20 148 20 1. 0
20 149 20 0.45508986056222744 0
20 150 20 1.09868411346781 0
42 148 42 1. 0
42 149 42 1.5537739740300374 0
42 150 42 -1.5537739740300374 0
43 148 43 1. 0
43 149 43 0.45508986056222744 0
43 150 43 1.09868411346781 0
44 148 44 1. 0
44 149 44 -1.09868411346781 0
44 150 44 -0.45508986056222744 0
90 148 90 1. 0
90 149 90 -1.09868411346781 0
90 150 90 -0.45508986056222744 0
91 148 91 1. 0
91 149 91 0.45508986056222744 0
91 150 91 1.09868411346781 0
92 148 92 1. 0
92 149 92 -0.3217971264527914 0
92 149 93 0.7768869870150187 0
92 150 92 0.3217971264527914 0
92 150 93 0.7768869870150187 0
93 148 93 1. 0
93 149 92 0.7768869870150187 0
93 149 93 -0.3217971264527914 0
93 150 92 0.7768869870150187 0
93 150 93 0.3217971264527914 0
94 148 94 1. 0
94 149 96 1. 0
94 150 95 -1. 0
95 148 95 1. 0
95 149 95 0.7768869870150187 0
95 149 96 0.7768869870150187 0
95 150 94 -1.0000000000000002 0
95 150 95 -0.1332927341094361 0
95 150 96 -0.7768869870150187 0
96 148 96 1. 0
96 149 94 1.0000000000000002 0
96 149 95 0.7768869870150187 0
96 149 96 0.1332927341094361 0
96 150 95 -0.7768869870150187 0
96 150 96 -0.7768869870150187 0
146 148 146 1. 0
146 149 146 0.45508986056222744 0
146 150 146 1.09868411346781 0
147 148 147 1. 0
147 149 147 -1.09868411346781 0
147 150 147 -0.45508986056222744 0
148 148 148 1. 0
148 149 149 1. 0
148 150 150 1. 0
149 148 149 1. 0
149 149 148 1.0000000000000002 0
149 149 149 0.1332927341094361 0
149 149 150 -0.7768869870150187 0
149 150 149 -0.7768869870150187 0
149 150 150 0.7768869870150187 0
150 148 150 1. 0
150 149 149 -0.7768869870150187 0
150 149 150 0.7768869870150187 0
150 150 148 1.0000000000000002 0
150 150 149 0.7768869870150187 0
150 150 150 -0.1332927341094361 0
151 148 151 1. 0
151 149 151 -0.3217971264527914 0
151 149 152 -0.7768869870150187 0
151 150 151 0.3217971264527914 0
151 150 152 -0.7768869870150187 0
152 148 152 1. 0
152 149 151 -0.7768869870150187 0
152 149 152 -0.3217971264527914 0
152 150 151 -0.7768869870150187 0
152 150 152 0.3217971264527914 0
22 151 19 -1.09868411346781 0
22 152 19 -1.09868411346781 0
23 151 20 1.09868411346781 0
23 152 20 -1.09868411346781 0
46 151 43 -1.09868411346781 0
46 152 43 1.09868411346781 0
47 151 44 -1.09868411346781 0
47 152 44 -1.09868411346781 0
97 151 90 1.09868411346781 0
97 152 90 1.09868411346781 0
98 151 91 1.09868411346781 0
98 152 91 -1.09868411346781 0
99 151 93 1. 0
99 152 92 -1. 0
100 151 92 0.7768869870150187 0
100 151 93 -0.3217971264527914 0
100 152 92 0.3217971264527914 0
100 152 93 -0.7768869870150187 0
101 151 92 -0.7768869870150187 0
101 151 93 -0.3217971264527914 0
101 152 92 0.3217971264527914 0
101 152 93 0.7768869870150187 0
102 151 95 0.7768869870150187 0
102 151 96 -0.7768869870150187 0
102 152 94 1.0000000000000002 0
102 152 95 -0.3217971264527914 0
102 152 96 -0.3217971264527914 0
103 151 94 -1.0000000000000002 0
103 151 95 0.3217971264527914 0
103 151 96 0.3217971264527914 0
103 152 95 -0.7768869870150187 0
103 152 96 0.7768869870150187 0
153 151 146 -1.09868411346781 0
153 152 146 1.09868411346781 0
154 151 147 -1.09868411346781 0
154 152 147 -1.09868411346781 0
155 151 148 1.0000000000000002 0
155 151 149 -0.3217971264527914 0
155 151 150 0.3217971264527914 0
155 152 149 -0.7768869870150187 0
155 152 150 -0.7768869870150187 0
156 151 149 0.7768869870150187 0
156 151 150 0.7768869870150187 0
156 152 148 -1.0000000000000002 0
156 152 149 0.3217971264527914 0
156 152 150 -0.3217971264527914 0
157 151 151 1. 0
157 152 152 1. 0
158 151 151 -0.3217971264527914 0
158 151 152 0.7768869870150187 0
158 152 151 0.7768869870150187 0
158 152 152 -0.3217971264527914 0
159 151 151 -0.3217971264527914 0
159 151 152 -0.7768869870150187 0
159 152 151 -0.7768869870150187 0
159 152 152 -0.3217971264527914 0
16 153 23 -1. 0
40 153 46 1. 0
84 153 98 -1. 0
85 153 99 0.6435942529055828 0
85 153 100 0.29289321881345254 0
85 153 101 -0.7071067811865476 0
86 153 102 0.7071067811865476 0
86 153 103 0.7071067811865476 0
140 153 153 1. 0
141 153 155 -0.7071067811865476 0
141 153 156 -0.7071067811865476 0
142 153 157 -0.6435942529055828 0
142 153 158 0.7071067811865476 0
142 153 159 -0.29289321881345254 0
17 154 22 1. 0
41 154 47 1. 0
87 154 97 1. 0
88 154 99 0.6435942529055828 0
88 154 100 -0.7071067811865476 0
88 154 101 0.29289321881345254 0
89 154 102 -0.7071067811865476 0
89 154 103 0.7071067811865476 0
143 154 154 1. 0
144 154 155 0.7071067811865476 0
144 154 156 -0.7071067811865476 0
145 154 157 0.6435942529055828 0
145 154 158 0.29289321881345254 0
145 154 159 -0.7071067811865476 0
19 155 22 -1.09868411346781 0
19 156 22 1.09868411346781 0
20 155 23 1.09868411346781 0
20 156 23 1.09868411346781 0
43 155 46 -1.09868411346781 0
43 156 46 -1.09868411346781 0
44 155 47 -1.09868411346781 0
44 156 47 1.09868411346781 0
90 155 97 1.09868411346781 0
90 156 97 -1.09868411346781 0
91 155 98 1.09868411346781 0
91 156 98 1.09868411346781 0
92 155 100 0.7768869870150187 0
92 155 101 -0.7768869870150187 0
92 156 99 1.0000000000000002 0
92 156 100 -0.3217971264527914 0
92 156 101 -0.3217971264527914 0
93 155 99 1.0000000000000002 0
93 155 100 -0.3217971264527914 0
93 155 101 -0.3217971264527914 0
93 156 100 0.7768869870150187 0
93 156 101 -0.7768869870150187 0
94 155 103 -1. 0
94 156 102 -1. 0
95 155 102 0.7768869870150187 0
95 155 103 0.3217971264527914 0
95 156 102 0.3217971264527914 0
95 156 103 0.7768869870150187 0
96 155 102 -0.7768869870150187 0
96 155 103 0.3217971264527914 0
96 156 102 0.3217971264527914 0
96 156 103 -0.7768869870150187 0
146 155 153 -1.09868411346781 0
146 156 153 -1.09868411346781 0
147 155 154 -1.09868411346781 0
147 156 154 1.09868411346781 0
148 155 155 1. 0
148 156 156 1. 0
149 155 155 -0.3217971264527914 0
149 155 156 0.7768869870150187 0
149 156 155 0.7768869870150187 0
149 156 156 -0.3217971264527914 0
150 155 155 0.3217971264527914 0
150 155 156 0.7768869870150187 0
150 156 155 0.7768869870150187 0
150 156 156 0.3217971264527914 0
151 155 157 1.0000000000000002 0
151 155 158 -0.3217971264527914 0
151 155 159 -0.3217971264527914 0
151 156 158 -0.7768869870150187 0
151 156 159 0.7768869870150187 0
152 155 158 0.7768869870150187 0
152 155 159 -0.7768869870150187 0
152 156 157 -1.0000000000000002 0
152 156 158 0.3217971264527914 0
152 156 159 0.3217971264527914 0
21 157 21 1. 0
21 158 21 1.5537739740300374 0
21 159 21 1.5537739740300374 0
22 157 22 1. 0
22 158 22 0.45508986056222744 0
22 159 22 -1.09868411346781 0
23 157 23 1. 0
23 158 23 -1.09868411346781 0
23 159 23 0.45508986056222744 0
45 157 45 1. 0
45 158 45 1.5537739740300374 0
45 159 45 1.5537739740300374 0
46 157 46 1. 0
46 158 46 -1.09868411346781 0
46 159 46 0.45508986056222744 0
47 157 47 1. 0
47 158 47 0.45508986056222744 0
47 159 47 -1.09868411346781 0
97 157 97 1. 0
97 158 97 0.45508986056222744 0
97 159 97 -1.09868411346781 0
98 157 98 1. 0
98 158 98 -1.09868411346781 0
98 159 98 0.45508986056222744 0
99 157 99 1. 0
99 158 101 1. 0
99 159 100 1. 0
100 157 100 1. 0
100 158 100 0.7768869870150187 0
100 158 101 0.7768869870150187 0
100 159 99 1.0000000000000002 0
100 159 100 0.1332927341094361 0
100 159 101 0.7768869870150187 0
101 157 101 1. 0
101 158 99 1.0000000000000002 0
101 158 100 0.7768869870150187 0
101 158 101 0.1332927341094361 0
101 159 100 0.7768869870150187 0
101 159 101 0.7768869870150187 0
102 157 102 1. 0
102 158 102 -0.3217971264527914 0
102 158 103 -0.7768869870150187 0
102 159 102 -0.3217971264527914 0
102 159 103 0.7768869870150187 0
103 157 103 1. 0
103 158 102 -0.7768869870150187 0
103 158 103 -0.3217971264527914 0
103 159 102 0.7768869870150187 0
103 159 103 -0.3217971264527914 0
153 157 153 1. 0
153 158 153 -1.09868411346781 0
153 159 153 0.45508986056222744 0
154 157 154 1. 0
154 158 154 0.45508986056222744 0
154 159 154 -1.09868411346781 0
155 157 155 1. 0
155 158 155 -0.3217971264527914 0
155 158 156 -0.7768869870150187 0
155 159 155 -0.3217971264527914 0
155 159 156 0.7768869870150187 0
156 157 156 1. 0
156 158 155 -0.7768869870150187 0
156 158 156 -0.3217971264527914 0
156 159 155 0.7768869870150187 0
156 159 156 -0.3217971264527914 0
157 157 157 1. 0
157 158 158 1. 0
157 159 159 1. 0
158 157 158 1. 0
158 158 157 1.0000000000000002 0
158 158 158 0.1332927341094361 0
158 158 159 0.7768869870150187 0
158 159 158 0.7768869870150187 0
158 159 159 0.7768869870150187 0
159 157 159 1. 0
159 158 158 0.7768869870150187 0
159 158 159 0.7768869870150187 0
159 159 157 1.0000000000000002 0
159 159 158 0.7768869870150187 0
159 159 159 0.1332927341094361 0