1 1 1 1 1 1 0 0 0 0 0 0 0 0 0 0 0 0 0 0 0 0 0 0 0 0 0 0 0 0 0 0 0 0 0 0 0 0 0 0 0 0 0 0 0 0 1 1 1 1 1 1 0 0 0 0 0 0 0 0 0 0 0 0 0 0 0 0 0 0 0 0 0 0 0 0 0 0 0 0 0 0 0 0 0 0 0 0 0 0 0 0 1 1 1 1 1 1 0 0 0 0 0 0 0 0 0 0 0 0 0 0 0 0 0 0 0 0 0 0 0 0 0 0 0 0 0 0 0 0 0 0 0 0 0 0 0 0 1 1 1 1 1 1 0 0 0 0 0 0 0 0 0 0 0 0 0 0 0 0 0 0 0 0 0 0 0 0 0 0 0 0 0 0 0 0 0 0 0 0 0 0 0 0 0 0 0 0 0 0 0 0 1 0 0 1 1 0 0 1 1 0 1 0 0 0 0 0 0 0 0 0 0 0 0 0 0 0 0 0 0 0 0 0 0 0 0 0 0 0 0 0 0 0 0 0 0 0 0 0 0 0 0 0 0 0 0 0 0 0 0 0 0 0 0 0 0 0 0 0 1 0 0 1 1 0 0 1 1 0 1 0
0 0 0 1. 0
40 0 40 1. 0
80 0 80 1. 0
120 0 120 1. 0
160 0 160 1. 0
216 0 216 1. 0
1 1 1 1. 0
41 1 41 1. 0
81 1 81 1. 0
121 1 121 1. 0
161 1 161 1. 0
217 1 217 1. 0
2 2 2 1. 0
42 2 42 1. 0
82 2 82 1. 0
122 2 122 1. 0
162 2 162 1. 0
218 2 218 1. 0
3 3 3 1. 0
43 3 43 1. 0
83 3 83 1. 0
123 3 123 1. 0
163 3 163 1. 0
219 3 219 1. 0
4 4 4 1. 0
44 4 44 1. 0
84 4 84 1. 0
124 4 124 1. 0
164 4 164 1. 0
165 4 165 1. 0
220 4 220 1. 0
221 4 221 1. 0
5 5 5 1. 0
45 5 45 1. 0
85 5 85 1. 0
125 5 125 1. 0
166 5 166 1. 0
167 5 167 1. 0
222 5 222 1. 0
223 5 223 1. 0
1 6 6 1. 0
41 6 46 1. 0
81 6 86 1. 0
121 6 126 1. 0
161 6 168 0. 1.
217 6 224 0. 1.
0 7 7 1. 0
40 7 47 1. 0
80 7 87 1. 0
120 7 127 1. 0
160 7 169 1. 0
216 7 225 1. 0
3 8 8 1. 0
43 8 48 -1. 0
83 8 88 1. 0
123 8 128 -1. 0
163 8 170 0. -1.
219 8 226 0. -1.
2 9 9 1. 0
42 9 49 -1. 0
82 9 89 1. 0
122 9 129 -1. 0
162 9 171 1. 0
218 9 227 1. 0
4 10 10 1. 0
44 10 50 -1. 0
84 10 90 1. 0
124 10 130 -1. 0
164 10 172 0.7071067811865475 -0.7071067811865475
165 10 173 -0.7071067811865475 0.7071067811865475
220 10 228 -0.7071067811865475 0.7071067811865475
221 10 229 0.7071067811865475 -0.7071067811865475
5 11 11 1. 0
45 11 51 1. 0
85 11 91 1. 0
125 11 131 1. 0
166 11 174 -0.7071067811865475 -0.7071067811865475
167 11 175 0.7071067811865475 0.7071067811865475
222 11 230 -0.7071067811865475 -0.7071067811865475
223 11 231 0.7071067811865475 0.7071067811865475
3 12 12 1. 0
43 12 52 -1. 0
83 12 92 1. 0
123 12 132 1. 0
163 12 176 0. -1.
219 12 232 1. 0
2 13 13 1. 0
42 13 53 -1. 0
82 13 93 1. 0
122 13 133 1. 0
162 13 177 0. 1.
218 13 233 1. 0
0 14 14 1. 0
40 14 54 1. 0
80 14 94 1. 0
120 14 134 1. 0
160 14 178 1. 0
216 14 234 1. 0
1 15 15 1. 0
41 15 55 1. 0
81 15 95 1. 0
121 15 135 1. 0
161 15 179 0. 1.
217 15 235 0. -1.
5 16 16 1. 0
45 16 56 1. 0
85 16 96 1. 0
125 16 136 1. 0
166 16 180 -0.7071067811865475 -0.7071067811865475
167 16 181 -0.7071067811865475 -0.7071067811865475
222 16 236 1. 0
223 16 237 0.7071067811865475 0.7071067811865475
4 17 17 1. 0
44 17 57 -1. 0
84 17 97 1. 0
124 17 137 1. 0
164 17 182 0.7071067811865475 -0.7071067811865475
165 17 183 0. 1.
220 17 238 1. 0
221 17 239 -1. 0
2 18 18 1. 0
42 18 58 1. 0
82 18 98 -1. 0
122 18 138 1. 0
162 18 184 1. 0
218 18 240 0. -1.
3 19 19 1. 0
43 19 59 1. 0
83 19 99 -1. 0
123 19 139 1. 0
163 19 185 0. 1.
219 19 241 -1. 0
1 20 20 1. 0
41 20 60 1. 0
81 20 100 1. 0
121 20 140 1. 0
161 20 186 1. 0
217 20 242 -1. 0
0 21 21 1. 0
40 21 61 1. 0
80 21 101 1. 0
120 21 141 1. 0
160 21 187 1. 0
216 21 243 1. 0
5 22 22 1. 0
45 22 62 1. 0
85 22 102 1. 0
125 22 142 1. 0
166 22 188 1. 0
167 22 189 -1. 0
222 22 244 0.7071067811865475 -0.7071067811865475
223 22 245 -1. 0
4 23 23 1. 0
44 23 63 1. 0
84 23 103 -1. 0
124 23 143 1. 0
164 23 190 1. 0
165 23 191 0.7071067811865475 -0.7071067811865475
220 23 246 0.7071067811865475 0.7071067811865475
221 23 247 0.7071067811865475 0.7071067811865475
5 24 24 1. 0
45 24 64 0.7071067811865475 -0.7071067811865476
85 24 104 0.7071067811865475 -0.7071067811865476
125 24 144 1. 0
166 24 192 0.7071067811865475 -0.7071067811865475
167 24 193 1. 0
222 24 248 0.7071067811865475 -0.7071067811865475
223 24 249 -0.7071067811865475 0.7071067811865475
5 25 25 1. 0
45 25 65 -0.7071067811865475 0.7071067811865476
85 25 105 -0.7071067811865475 0.7071067811865476
125 25 145 1. 0
166 25 194 0. 1.
167 25 195 0.7071067811865475 -0.7071067811865475
222 25 250 0. 1.
223 25 251 0. 1.
4 26 26 1. 0
44 26 66 0.7071067811865476 0.7071067811865475
84 26 106 -0.7071067811865476 -0.7071067811865475
124 26 146 1. 0
164 26 196 -0.7071067811865475 -0.7071067811865475
165 26 197 0. -1.
220 26 252 0. -1.
221 26 253 -0.7071067811865475 -0.7071067811865475
4 27 27 1. 0
44 27 67 -0.7071067811865476 -0.7071067811865475
84 27 107 0.7071067811865476 0.7071067811865475
124 27 147 1. 0
164 27 198 1. 0
165 27 199 0.7071067811865475 0.7071067811865475
220 27 254 0.7071067811865475 0.7071067811865475
221 27 255 1. 0
0 28 28 1. 0
40 28 69 0.9999999999999998 -7.850462293418875e-17
80 28 108 0.9999999999999998 -7.850462293418875e-17
120 28 149 1. 0
160 28 200 0.7071067811865475 0
160 28 201 0.7071067811865475 0
216 28 256 0.7071067811865475 0
216 28 257 0.7071067811865475 0
1 29 29 1. 0
41 29 68 -7.850462293418875e-17 -0.9999999999999998
81 29 109 -7.850462293418875e-17 -0.9999999999999998
121 29 148 1. 0
161 29 200 -0.7071067811865475 0
161 29 201 0.7071067811865475 0
217 29 256 -0.7071067811865475 0
217 29 257 0.7071067811865475 0
2 30 30 1. 0
42 30 71 -0.7071067811865475 0.7071067811865476
82 30 111 7.850462293418875e-17 0.9999999999999998
122 30 150 1. 0
162 30 202 0. -0.7071067811865475
162 30 203 -0.7071067811865475 0
218 30 258 0. -0.7071067811865475
218 30 259 -0.7071067811865475 0
3 31 31 1. 0
43 31 70 0.7071067811865475 -0.7071067811865476
83 31 110 -0.7071067811865475 0.7071067811865476
123 31 151 -0.7071067811865475 0.7071067811865475
163 31 202 -0.5 0.5
163 31 203 -0.5 -0.5
219 31 258 -0.5 0.5
219 31 259 -0.5 -0.5
4 32 32 1. 0
44 32 72 0.7071067811865476 0.7071067811865475
84 32 112 1. 0
124 32 152 -1. 0
164 32 204 1. 0
165 32 205 0.7071067811865475 0.7071067811865475
220 32 260 0.7071067811865475 0.7071067811865475
221 32 261 1. 0
4 33 33 1. 0
44 33 73 -0.7071067811865476 -0.7071067811865475
84 33 113 1. 0
124 33 153 1. 0
164 33 206 -0.7071067811865475 -0.7071067811865475
165 33 207 0. -1.
220 33 262 0. -1.
221 33 263 -0.7071067811865475 -0.7071067811865475
5 34 34 1. 0
45 34 74 -0.7071067811865475 0.7071067811865476
85 34 114 1. 0
125 34 154 0. -1.
166 34 208 0.7071067811865475 -0.7071067811865475
167 34 209 -1. 0
222 34 264 0.7071067811865475 -0.7071067811865475
223 34 265 -0.7071067811865475 0.7071067811865475
5 35 35 1. 0
45 35 75 0.7071067811865475 -0.7071067811865476
85 35 115 1. 0
125 35 155 0. 1.
166 35 210 1. 0
167 35 211 0.7071067811865475 0.7071067811865475
222 35 266 -1. 0
223 35 267 -1. 0
2 36 36 1. 0
42 36 77 0.9999999999999998 -7.850462293418875e-17
82 36 117 1. 0
122 36 156 -0.7071067811865475 0.7071067811865475
162 36 212 0.7071067811865475 0
162 36 213 0. -0.7071067811865475
218 36 268 0. -0.7071067811865475
218 36 269 -0.7071067811865475 0
3 37 37 1. 0
43 37 76 7.850462293418875e-17 0.9999999999999998
83 37 116 1. 0
123 37 157 -0.7071067811865475 -0.7071067811865475
163 37 212 0.7071067811865475 0
163 37 213 0. 0.7071067811865475
219 37 268 0. 0.7071067811865475
219 37 269 -0.7071067811865475 0
0 38 38 1. 0
40 38 79 0.9999999999999998 -7.850462293418875e-17
80 38 118 1. 0
120 38 159 1. 0
160 38 214 0.7071067811865475 0
160 38 215 0.7071067811865475 0
216 38 270 0.7071067811865475 0
216 38 271 0.7071067811865475 0
1 39 39 1. 0
41 39 78 -7.850462293418875e-17 -0.9999999999999998
81 39 119 -0.7071067811865475 -0.7071067811865475
121 39 158 0.7071067811865475 0.7071067811865475
161 39 214 -0.7071067811865475 0
161 39 215 0.7071067811865475 0
217 39 270 0.7071067811865475 0
217 39 271 -0.7071067811865475 0
7 40 0 1. 0
47 40 40 1. 0
87 40 80 1. 0
127 40 120 1. 0
169 40 160 1. 0
225 40 216 1. 0
6 41 1 1. 0
46 41 41 1. 0
86 41 81 1. 0
126 41 121 1. 0
168 41 161 0. -1.
224 41 217 0. -1.
9 42 2 -1. 0
49 42 42 1. 0
89 42 82 -1. 0
129 42 122 1. 0
171 42 162 -1. 0
227 42 218 -1. 0
8 43 3 -1. 0
48 43 43 1. 0
88 43 83 -1. 0
128 43 123 1. 0
170 43 163 0. -1.
226 43 219 0. -1.
10 44 4 -1. 0
50 44 44 1. 0
90 44 84 -1. 0
130 44 124 1. 0
172 44 164 -0.7071067811865475 -0.7071067811865475
173 44 165 0.7071067811865475 0.7071067811865475
228 44 220 0.7071067811865475 0.7071067811865475
229 44 221 -0.7071067811865475 -0.7071067811865475
11 45 5 1. 0
51 45 45 1. 0
91 45 85 1. 0
131 45 125 1. 0
174 45 166 -0.7071067811865475 0.7071067811865475
175 45 167 0.7071067811865475 -0.7071067811865475
230 45 222 -0.7071067811865475 0.7071067811865475
231 45 223 0.7071067811865475 -0.7071067811865475
6 46 6 1. 0
46 46 46 1. 0
86 46 86 1. 0
126 46 126 1. 0
168 46 168 1. 0
224 46 224 1. 0
7 47 7 1. 0
47 47 47 1. 0
87 47 87 1. 0
127 47 127 1. 0
169 47 169 1. 0
225 47 225 1. 0
8 48 8 1. 0
48 48 48 1. 0
88 48 88 1. 0
128 48 128 1. 0
170 48 170 1. 0
226 48 226 1. 0
9 49 9 1. 0
49 49 49 1. 0
89 49 89 1. 0
129 49 129 1. 0
171 49 171 1. 0
227 49 227 1. 0
10 50 10 1. 0
50 50 50 1. 0
90 50 90 1. 0
130 50 130 1. 0
172 50 172 1. 0
173 50 173 1. 0
228 50 228 1. 0
229 50 229 1. 0
11 51 11 1. 0
51 51 51 1. 0
91 51 91 1. 0
131 51 131 1. 0
174 51 174 1. 0
175 51 175 1. 0
230 51 230 1. 0
231 51 231 1. 0
8 52 12 1. 0
48 52 52 1. 0
88 52 92 1. 0
128 52 132 -1. 0
170 52 176 1. 0
226 52 232 0. 1.
9 53 13 1. 0
49 53 53 1. 0
89 53 93 1. 0
129 53 133 -1. 0
171 53 177 0. 1.
227 53 233 1. 0
7 54 14 1. 0
47 54 54 1. 0
87 54 94 1. 0
127 54 134 1. 0
169 54 178 1. 0
225 54 234 1. 0
6 55 15 1. 0
46 55 55 1. 0
86 55 95 1. 0
126 55 135 1. 0
168 55 179 1. 0
224 55 235 -1. 0
11 56 16 1. 0
51 56 56 1. 0
91 56 96 1. 0
131 56 136 1. 0
174 56 180 1. 0
175 56 181 -1. 0
230 56 236 -0.7071067811865475 0.7071067811865475
231 56 237 1. 0
10 57 17 1. 0
50 57 57 1. 0
90 57 97 1. 0
130 57 137 -1. 0
172 57 182 1. 0
173 57 183 0.7071067811865475 -0.7071067811865475
228 57 238 -0.7071067811865475 -0.7071067811865475
229 57 239 -0.7071067811865475 -0.7071067811865475
9 58 18 -1. 0
49 58 58 1. 0
89 58 98 1. 0
129 58 138 1. 0
171 58 184 -1. 0
227 58 240 0. 1.
8 59 19 -1. 0
48 59 59 1. 0
88 59 99 1. 0
128 59 139 1. 0
170 59 185 1. 0
226 59 241 0. 1.
6 60 20 1. 0
46 60 60 1. 0
86 60 100 1. 0
126 60 140 1. 0
168 60 186 0. -1.
224 60 242 0. 1.
7 61 21 1. 0
47 61 61 1. 0
87 61 101 1. 0
127 61 141 1. 0
169 61 187 1. 0
225 61 243 1. 0
11 62 22 1. 0
51 62 62 1. 0
91 62 102 1. 0
131 62 142 1. 0
174 62 188 -0.7071067811865475 0.7071067811865475
175 62 189 -0.7071067811865475 0.7071067811865475
230 62 244 0. 1.
231 62 245 -0.7071067811865475 0.7071067811865475
10 63 23 -1. 0
50 63 63 1. 0
90 63 103 1. 0
130 63 143 1. 0
172 63 190 -0.7071067811865475 -0.7071067811865475
173 63 191 1. 0
228 63 246 0. 1.
229 63 247 0. -1.
11 64 24 0.7071067811865476 0.7071067811865475
51 64 64 1. 0
91 64 104 1. 0
131 64 144 0.7071067811865476 0.7071067811865475
174 64 192 -0.7071067811865475 0.7071067811865475
175 64 193 1. 0
230 64 248 -0.7071067811865475 0.7071067811865475
231 64 249 -0.7071067811865475 0.7071067811865475
11 65 25 -0.7071067811865476 -0.7071067811865475
51 65 65 1. 0
91 65 105 1. 0
131 65 145 -0.7071067811865476 -0.7071067811865475
174 65 194 0. 1.
175 65 195 -0.7071067811865475 0.7071067811865475
230 65 250 0. 1.
231 65 251 0. -1.
10 66 26 -0.7071067811865475 0.7071067811865476
50 66 66 1. 0
90 66 106 1. 0
130 66 146 0.7071067811865475 -0.7071067811865476
172 66 196 0.7071067811865475 0.7071067811865475
173 66 197 0. -1.
228 66 252 0. -1.
229 66 253 0.7071067811865475 0.7071067811865475
10 67 27 0.7071067811865475 -0.7071067811865476
50 67 67 1. 0
90 67 107 1. 0
130 67 147 -0.7071067811865475 0.7071067811865476
172 67 198 1. 0
173 67 199 -0.7071067811865475 -0.7071067811865475
228 67 254 -0.7071067811865475 -0.7071067811865475
229 67 255 1. 0
6 68 29 7.850462293418875e-17 0.9999999999999998
46 68 68 1. 0
86 68 109 1. 0
126 68 148 7.850462293418875e-17 0.9999999999999998
168 68 200 -0.7071067811865475 0
168 68 201 0.7071067811865475 0
224 68 256 -0.7071067811865475 0
224 68 257 0.7071067811865475 0
7 69 28 0.9999999999999998 -7.850462293418875e-17
47 69 69 1. 0
87 69 108 1. 0
127 69 149 0.9999999999999998 -7.850462293418875e-17
169 69 200 0.7071067811865475 0
169 69 201 0.7071067811865475 0
225 69 256 0.7071067811865475 0
225 69 257 0.7071067811865475 0
8 70 31 -0.7071067811865476 -0.7071067811865475
48 70 70 1. 0
88 70 110 1. 0
128 70 151 -0.9999999999999998 7.850462293418875e-17
170 70 202 0. 0.7071067811865475
170 70 203 -0.7071067811865475 0
226 70 258 0. 0.7071067811865475
226 70 259 -0.7071067811865475 0
9 71 30 0.7071067811865476 0.7071067811865475
49 71 71 1. 0
89 71 111 -0.7071067811865475 0.7071067811865475
129 71 150 -0.7071067811865476 -0.7071067811865475
171 71 202 0.5 -0.5
171 71 203 -0.5 -0.5
227 71 258 0.5 -0.5
227 71 259 -0.5 -0.5
10 72 32 -0.7071067811865475 0.7071067811865476
50 72 72 1. 0
90 72 112 -0.7071067811865475 0.7071067811865476
130 72 152 -0.7071067811865475 0.7071067811865476
172 72 204 -1. 0
173 72 205 0.7071067811865475 0.7071067811865475
228 72 260 0.7071067811865475 0.7071067811865475
229 72 261 -1. 0
10 73 33 0.7071067811865475 -0.7071067811865476
50 73 73 1. 0
90 73 113 0.7071067811865475 -0.7071067811865476
130 73 153 -0.7071067811865475 0.7071067811865476
172 73 206 -0.7071067811865475 -0.7071067811865475
173 73 207 0. 1.
228 73 262 0. 1.
229 73 263 -0.7071067811865475 -0.7071067811865475
11 74 34 -0.7071067811865476 -0.7071067811865475
51 74 74 1. 0
91 74 114 -0.7071067811865476 -0.7071067811865475
131 74 154 -0.7071067811865475 0.7071067811865476
174 74 208 0.7071067811865475 -0.7071067811865475
175 74 209 1. 0
230 74 264 0.7071067811865475 -0.7071067811865475
231 74 265 0.7071067811865475 -0.7071067811865475
11 75 35 0.7071067811865476 0.7071067811865475
51 75 75 1. 0
91 75 115 0.7071067811865476 0.7071067811865475
131 75 155 -0.7071067811865475 0.7071067811865476
174 75 210 -1. 0
175 75 211 0.7071067811865475 0.7071067811865475
230 75 266 1. 0
231 75 267 -1. 0
8 76 37 7.850462293418875e-17 0.9999999999999998
48 76 76 1. 0
88 76 116 7.850462293418875e-17 0.9999999999999998
128 76 157 -0.7071067811865475 0.7071067811865476
170 76 212 -0.7071067811865475 0
170 76 213 0. -0.7071067811865475
226 76 268 0. -0.7071067811865475
226 76 269 0.7071067811865475 0
9 77 36 -0.9999999999999998 7.850462293418875e-17
49 77 77 1. 0
89 77 117 -0.9999999999999998 7.850462293418875e-17
129 77 156 -0.7071067811865475 0.7071067811865476
171 77 212 -0.7071067811865475 0
171 77 213 0. 0.7071067811865475
227 77 268 0. 0.7071067811865475
227 77 269 0.7071067811865475 0
6 78 39 7.850462293418875e-17 0.9999999999999998
46 78 78 1. 0
86 78 119 0.7071067811865475 -0.7071067811865476
126 78 158 -0.7071067811865475 0.7071067811865476
168 78 214 -0.7071067811865475 0
168 78 215 0.7071067811865475 0
224 78 270 0.7071067811865475 0
224 78 271 -0.7071067811865475 0
7 79 38 0.9999999999999998 -7.850462293418875e-17
47 79 79 1. 0
87 79 118 0.9999999999999998 -7.850462293418875e-17
127 79 159 0.9999999999999998 -7.850462293418875e-17
169 79 214 0.7071067811865475 0
169 79 215 0.7071067811865475 0
225 79 270 0.7071067811865475 0
225 79 271 0.7071067811865475 0
14 80 0 1. 0
54 80 40 1. 0
94 80 80 1. 0
134 80 120 1. 0
178 80 160 1. 0
234 80 216 1. 0
15 81 1 1. 0
55 81 41 1. 0
95 81 81 1. 0
135 81 121 1. 0
179 81 161 0. -1.
235 81 217 0. 1.
13 82 2 1. 0
53 82 42 -1. 0
93 82 82 1. 0
133 82 122 1. 0
177 82 162 0. -1.
233 82 218 1. 0
12 83 3 1. 0
52 83 43 -1. 0
92 83 83 1. 0
132 83 123 1. 0
176 83 163 0. 1.
232 83 219 1. 0
17 84 4 1. 0
57 84 44 -1. 0
97 84 84 1. 0
137 84 124 1. 0
182 84 164 0.7071067811865475 0.7071067811865475
183 84 165 0. -1.
238 84 220 1. 0
239 84 221 -1. 0
16 85 5 1. 0
56 85 45 1. 0
96 85 85 1. 0
136 85 125 1. 0
180 85 166 -0.7071067811865475 0.7071067811865475
181 85 167 -0.7071067811865475 0.7071067811865475
236 85 222 1. 0
237 85 223 0.7071067811865475 -0.7071067811865475
15 86 6 1. 0
55 86 46 1. 0
95 86 86 1. 0
135 86 126 1. 0
179 86 168 1. 0
235 86 224 -1. 0
14 87 7 1. 0
54 87 47 1. 0
94 87 87 1. 0
134 87 127 1. 0
178 87 169 1. 0
234 87 225 1. 0
12 88 8 1. 0
52 88 48 1. 0
92 88 88 1. 0
132 88 128 -1. 0
176 88 170 1. 0
232 88 226 0. -1.
13 89 9 1. 0
53 89 49 1. 0
93 89 89 1. 0
133 89 129 -1. 0
177 89 171 0. -1.
233 89 227 1. 0
17 90 10 1. 0
57 90 50 1. 0
97 90 90 1. 0
137 90 130 -1. 0
182 90 172 1. 0
183 90 173 0.7071067811865475 0.7071067811865475
238 90 228 -0.7071067811865475 0.7071067811865475
239 90 229 -0.7071067811865475 0.7071067811865475
16 91 11 1. 0
56 91 51 1. 0
96 91 91 1. 0
136 91 131 1. 0
180 91 174 1. 0
181 91 175 -1. 0
236 91 230 -0.7071067811865475 -0.7071067811865475
237 91 231 1. 0
12 92 12 1. 0
52 92 52 1. 0
92 92 92 1. 0
132 92 132 1. 0
176 92 176 1. 0
232 92 232 1. 0
13 93 13 1. 0
53 93 53 1. 0
93 93 93 1. 0
133 93 133 1. 0
177 93 177 1. 0
233 93 233 1. 0
14 94 14 1. 0
54 94 54 1. 0
94 94 94 1. 0
134 94 134 1. 0
178 94 178 1. 0
234 94 234 1. 0
15 95 15 1. 0
55 95 55 1. 0
95 95 95 1. 0
135 95 135 1. 0
179 95 179 1. 0
235 95 235 1. 0
16 96 16 1. 0
56 96 56 1. 0
96 96 96 1. 0
136 96 136 1. 0
180 96 180 1. 0
181 96 181 1. 0
236 96 236 1. 0
237 96 237 1. 0
17 97 17 1. 0
57 97 57 1. 0
97 97 97 1. 0
137 97 137 1. 0
182 97 182 1. 0
183 97 183 1. 0
238 97 238 1. 0
239 97 239 1. 0
13 98 18 -1. 0
53 98 58 1. 0
93 98 98 1. 0
133 98 138 -1. 0
177 98 184 0. 1.
233 98 240 0. 1.
12 99 19 -1. 0
52 99 59 1. 0
92 99 99 1. 0
132 99 139 -1. 0
176 99 185 1. 0
232 99 241 1. 0
15 100 20 1. 0
55 100 60 1. 0
95 100 100 1. 0
135 100 140 1. 0
179 100 186 0. -1.
235 100 242 0. -1.
14 101 21 1. 0
54 101 61 1. 0
94 101 101 1. 0
134 101 141 1. 0
178 101 187 1. 0
234 101 243 1. 0
16 102 22 1. 0
56 102 62 1. 0
96 102 102 1. 0
136 102 142 1. 0
180 102 188 -0.7071067811865475 0.7071067811865475
181 102 189 0.7071067811865475 -0.7071067811865475
236 102 244 0.7071067811865475 -0.7071067811865475
237 102 245 -0.7071067811865475 0.7071067811865475
17 103 23 -1. 0
57 103 63 1. 0
97 103 103 1. 0
137 103 143 -1. 0
182 103 190 -0.7071067811865475 -0.7071067811865475
183 103 191 0.7071067811865475 0.7071067811865475
238 103 246 -0.7071067811865475 -0.7071067811865475
239 103 247 0.7071067811865475 0.7071067811865475
16 104 24 0.7071067811865476 0.7071067811865475
56 104 64 1. 0
96 104 104 1. 0
136 104 144 0.7071067811865476 0.7071067811865475
180 104 192 -0.7071067811865475 0.7071067811865475
181 104 193 -1. 0
236 104 248 1. 0
237 104 249 -0.7071067811865475 0.7071067811865475
16 105 25 -0.7071067811865476 -0.7071067811865475
56 105 65 1. 0
96 105 105 1. 0
136 105 145 -0.7071067811865476 -0.7071067811865475
180 105 194 0. 1.
181 105 195 0.7071067811865475 -0.7071067811865475
236 105 250 0.7071067811865475 -0.7071067811865475
237 105 251 0. -1.
17 106 26 -0.7071067811865475 0.7071067811865476
57 106 66 1. 0
97 106 106 1. 0
137 106 146 -0.7071067811865475 0.7071067811865476
182 106 196 0.7071067811865475 0.7071067811865475
183 106 197 0.7071067811865475 -0.7071067811865475
238 106 252 0.7071067811865475 0.7071067811865475
239 106 253 -1. 0
17 107 27 0.7071067811865475 -0.7071067811865476
57 107 67 1. 0
97 107 107 1. 0
137 107 147 0.7071067811865475 -0.7071067811865476
182 107 198 1. 0
183 107 199 0. -1.
238 107 254 1. 0
239 107 255 -0.7071067811865475 0.7071067811865475
14 108 28 0.9999999999999998 -7.850462293418875e-17
54 108 69 1. 0
94 108 108 1. 0
134 108 149 0.9999999999999998 -7.850462293418875e-17
178 108 200 0.7071067811865475 0
178 108 201 0.7071067811865475 0
234 108 256 0.7071067811865475 0
234 108 257 0.7071067811865475 0
15 109 29 7.850462293418875e-17 0.9999999999999998
55 109 68 1. 0
95 109 109 1. 0
135 109 148 7.850462293418875e-17 0.9999999999999998
179 109 200 -0.7071067811865475 0
179 109 201 0.7071067811865475 0
235 109 256 0.7071067811865475 0
235 109 257 -0.7071067811865475 0
12 110 31 -0.7071067811865476 -0.7071067811865475
52 110 70 1. 0
92 110 110 1. 0
132 110 151 0.9999999999999998 -7.850462293418875e-17
176 110 202 0. 0.7071067811865475
176 110 203 -0.7071067811865475 0
232 110 258 0.7071067811865475 0
232 110 259 0. 0.7071067811865475
13 111 30 -7.850462293418875e-17 -0.9999999999999998
53 111 71 -0.7071067811865475 -0.7071067811865475
93 111 111 1. 0
133 111 150 -7.850462293418875e-17 -0.9999999999999998
177 111 202 0. 0.7071067811865475
177 111 203 0.7071067811865475 0
233 111 258 -0.7071067811865475 0
233 111 259 0. 0.7071067811865475
17 112 32 1. 0
57 112 72 -0.7071067811865476 -0.7071067811865475
97 112 112 1. 0
137 112 152 -1. 0
182 112 204 0.7071067811865475 0.7071067811865475
183 112 205 0.7071067811865475 -0.7071067811865475
238 112 260 0.7071067811865475 0.7071067811865475
239 112 261 -1. 0
17 113 33 1. 0
57 113 73 0.7071067811865476 0.7071067811865475
97 113 113 1. 0
137 113 153 1. 0
182 113 206 0. -1.
183 113 207 -1. 0
238 113 262 0. -1.
239 113 263 0.7071067811865475 0.7071067811865475
16 114 34 1. 0
56 114 74 -0.7071067811865475 0.7071067811865476
96 114 114 1. 0
136 114 154 0. -1.
180 114 208 0. 1.
181 114 209 0.7071067811865475 -0.7071067811865475
236 114 264 0.7071067811865475 -0.7071067811865475
237 114 265 0. 1.
16 115 35 1. 0
56 115 75 0.7071067811865475 -0.7071067811865476
96 115 115 1. 0
136 115 155 0. 1.
180 115 210 -0.7071067811865475 0.7071067811865475
181 115 211 -1. 0
236 115 266 -1. 0
237 115 267 -0.7071067811865475 0.7071067811865475
12 116 37 1. 0
52 116 76 -7.850462293418875e-17 -0.9999999999999998
92 116 116 1. 0
132 116 157 -0.7071067811865475 -0.7071067811865475
176 116 212 0. 0.7071067811865475
176 116 213 -0.7071067811865475 0
232 116 268 0. 0.7071067811865475
232 116 269 -0.7071067811865475 0
13 117 36 1. 0
53 117 77 -0.9999999999999998 7.850462293418875e-17
93 117 117 1. 0
133 117 156 -0.7071067811865475 0.7071067811865475
177 117 212 0. -0.7071067811865475
177 117 213 -0.7071067811865475 0
233 117 268 0. -0.7071067811865475
233 117 269 -0.7071067811865475 0
14 118 38 1. 0
54 118 79 0.9999999999999998 -7.850462293418875e-17
94 118 118 1. 0
134 118 159 1. 0
178 118 214 0.7071067811865475 0
178 118 215 0.7071067811865475 0
234 118 270 0.7071067811865475 0
234 118 271 0.7071067811865475 0
15 119 39 -0.7071067811865475 0.7071067811865475
55 119 78 0.7071067811865476 0.7071067811865475
95 119 119 1. 0
135 119 158 -1. 0
179 119 214 -0.5 -0.5
179 119 215 0.5 0.5
235 119 270 -0.5 -0.5
235 119 271 0.5 0.5
21 120 0 1. 0
61 120 40 1. 0
101 120 80 1. 0
141 120 120 1. 0
187 120 160 1. 0
243 120 216 1. 0
20 121 1 1. 0
60 121 41 1. 0
100 121 81 1. 0
140 121 121 1. 0
186 121 161 1. 0
242 121 217 -1. 0
18 122 2 1. 0
58 122 42 1. 0
98 122 82 -1. 0
138 122 122 1. 0
184 122 162 1. 0
240 122 218 0. 1.
19 123 3 1. 0
59 123 43 1. 0
99 123 83 -1. 0
139 123 123 1. 0
185 123 163 0. -1.
241 123 219 -1. 0
23 124 4 1. 0
63 124 44 1. 0
103 124 84 -1. 0
143 124 124 1. 0
190 124 164 1. 0
191 124 165 0.7071067811865475 0.7071067811865475
246 124 220 0.7071067811865475 -0.7071067811865475
247 124 221 0.7071067811865475 -0.7071067811865475
22 125 5 1. 0
62 125 45 1. 0
102 125 85 1. 0
142 125 125 1. 0
188 125 166 1. 0
189 125 167 -1. 0
244 125 222 0.7071067811865475 0.7071067811865475
245 125 223 -1. 0
20 126 6 1. 0
60 126 46 1. 0
100 126 86 1. 0
140 126 126 1. 0
186 126 168 0. 1.
242 126 224 0. -1.
21 127 7 1. 0
61 127 47 1. 0
101 127 87 1. 0
141 127 127 1. 0
187 127 169 1. 0
243 127 225 1. 0
19 128 8 -1. 0
59 128 48 1. 0
99 128 88 1. 0
139 128 128 1. 0
185 128 170 1. 0
241 128 226 0. -1.
18 129 9 -1. 0
58 129 49 1. 0
98 129 89 1. 0
138 129 129 1. 0
184 129 171 -1. 0
240 129 227 0. -1.
23 130 10 -1. 0
63 130 50 1. 0
103 130 90 1. 0
143 130 130 1. 0
190 130 172 -0.7071067811865475 0.7071067811865475
191 130 173 1. 0
246 130 228 0. -1.
247 130 229 0. 1.
22 131 11 1. 0
62 131 51 1. 0
102 131 91 1. 0
142 131 131 1. 0
188 131 174 -0.7071067811865475 -0.7071067811865475
189 131 175 -0.7071067811865475 -0.7071067811865475
244 131 230 0. -1.
245 131 231 -0.7071067811865475 -0.7071067811865475
19 132 12 1. 0
59 132 52 -1. 0
99 132 92 -1. 0
139 132 132 1. 0
185 132 176 -1. 0
241 132 232 -1. 0
18 133 13 1. 0
58 133 53 -1. 0
98 133 93 -1. 0
138 133 133 1. 0
184 133 177 0. 1.
240 133 233 0. 1.
21 134 14 1. 0
61 134 54 1. 0
101 134 94 1. 0
141 134 134 1. 0
187 134 178 1. 0
243 134 234 1. 0
20 135 15 1. 0
60 135 55 1. 0
100 135 95 1. 0
140 135 135 1. 0
186 135 179 0. 1.
242 135 235 0. 1.
22 136 16 1. 0
62 136 56 1. 0
102 136 96 1. 0
142 136 136 1. 0
188 136 180 -0.7071067811865475 -0.7071067811865475
189 136 181 0.7071067811865475 0.7071067811865475
244 136 236 0.7071067811865475 0.7071067811865475
245 136 237 -0.7071067811865475 -0.7071067811865475
23 137 17 1. 0
63 137 57 -1. 0
103 137 97 -1. 0
143 137 137 1. 0
190 137 182 0.7071067811865475 -0.7071067811865475
191 137 183 -0.7071067811865475 0.7071067811865475
246 137 238 0.7071067811865475 -0.7071067811865475
247 137 239 -0.7071067811865475 0.7071067811865475
18 138 18 1. 0
58 138 58 1. 0
98 138 98 1. 0
138 138 138 1. 0
184 138 184 1. 0
240 138 240 1. 0
19 139 19 1. 0
59 139 59 1. 0
99 139 99 1. 0
139 139 139 1. 0
185 139 185 1. 0
241 139 241 1. 0
20 140 20 1. 0
60 140 60 1. 0
100 140 100 1. 0
140 140 140 1. 0
186 140 186 1. 0
242 140 242 1. 0
21 141 21 1. 0
61 141 61 1. 0
101 141 101 1. 0
141 141 141 1. 0
187 141 187 1. 0
243 141 243 1. 0
22 142 22 1. 0
62 142 62 1. 0
102 142 102 1. 0
142 142 142 1. 0
188 142 188 1. 0
189 142 189 1. 0
244 142 244 1. 0
245 142 245 1. 0
23 143 23 1. 0
63 143 63 1. 0
103 143 103 1. 0
143 143 143 1. 0
190 143 190 1. 0
191 143 191 1. 0
246 143 246 1. 0
247 143 247 1. 0
22 144 24 1. 0
62 144 64 0.7071067811865475 -0.7071067811865476
102 144 104 0.7071067811865475 -0.7071067811865476
142 144 144 1. 0
188 144 192 0.7071067811865475 -0.7071067811865475
189 144 193 -1. 0
244 144 248 1. 0
245 144 249 0.7071067811865475 -0.7071067811865475
22 145 25 1. 0
62 145 65 -0.7071067811865475 0.7071067811865476
102 145 105 -0.7071067811865475 0.7071067811865476
142 145 145 1. 0
188 145 194 0. 1.
189 145 195 -0.7071067811865475 0.7071067811865475
244 145 250 -0.7071067811865475 0.7071067811865475
245 145 251 0. -1.
23 146 26 1. 0
63 146 66 0.7071067811865476 0.7071067811865475
103 146 106 0.7071067811865476 0.7071067811865475
143 146 146 1. 0
190 146 196 -0.7071067811865475 -0.7071067811865475
191 146 197 0.7071067811865475 -0.7071067811865475
246 146 252 -0.7071067811865475 -0.7071067811865475
247 146 253 -1. 0
23 147 27 1. 0
63 147 67 -0.7071067811865476 -0.7071067811865475
103 147 107 -0.7071067811865476 -0.7071067811865475
143 147 147 1. 0
190 147 198 1. 0
191 147 199 0. 1.
246 147 254 1. 0
247 147 255 0.7071067811865475 -0.7071067811865475
20 148 29 1. 0
60 148 68 -7.850462293418875e-17 -0.9999999999999998
100 148 109 -7.850462293418875e-17 -0.9999999999999998
140 148 148 1. 0
186 148 200 -0.7071067811865475 0
186 148 201 0.7071067811865475 0
242 148 256 0.7071067811865475 0
242 148 257 -0.7071067811865475 0
21 149 28 1. 0
61 149 69 0.9999999999999998 -7.850462293418875e-17
101 149 108 0.9999999999999998 -7.850462293418875e-17
141 149 149 1. 0
187 149 200 0.7071067811865475 0
187 149 201 0.7071067811865475 0
243 149 256 0.7071067811865475 0
243 149 257 0.7071067811865475 0
18 150 30 1. 0
58 150 71 -0.7071067811865475 0.7071067811865476
98 150 111 -7.850462293418875e-17 -0.9999999999999998
138 150 150 1. 0
184 150 202 0. -0.7071067811865475
184 150 203 -0.7071067811865475 0
240 150 258 0.7071067811865475 0
240 150 259 0. -0.7071067811865475
19 151 31 -0.7071067811865475 -0.7071067811865475
59 151 70 -0.9999999999999998 7.850462293418875e-17
99 151 110 -0.9999999999999998 7.850462293418875e-17
139 151 151 1. 0
185 151 202 0. -0.7071067811865475
185 151 203 0.7071067811865475 0
241 151 258 -0.7071067811865475 0
241 151 259 0. -0.7071067811865475
23 152 32 -1. 0
63 152 72 -0.7071067811865476 -0.7071067811865475
103 152 112 1. 0
143 152 152 1. 0
190 152 204 -1. 0
191 152 205 0. -1.
246 152 260 -1. 0
247 152 261 -0.7071067811865475 0.7071067811865475
23 153 33 1. 0
63 153 73 -0.7071067811865476 -0.7071067811865475
103 153 113 -1. 0
143 153 153 1. 0
190 153 206 -0.7071067811865475 -0.7071067811865475
191 153 207 0.7071067811865475 -0.7071067811865475
246 153 262 -0.7071067811865475 -0.7071067811865475
247 153 263 -1. 0
22 154 34 0. 1.
62 154 74 -0.7071067811865476 -0.7071067811865475
102 154 114 0. 1.
142 154 154 1. 0
188 154 208 0.7071067811865475 0.7071067811865475
189 154 209 0. 1.
244 154 264 0. 1.
245 154 265 0.7071067811865475 0.7071067811865475
22 155 35 0. -1.
62 155 75 -0.7071067811865476 -0.7071067811865475
102 155 115 0. -1.
142 155 155 1. 0
188 155 210 0. -1.
189 155 211 -0.7071067811865475 0.7071067811865475
244 155 266 -0.7071067811865475 0.7071067811865475
245 155 267 0. -1.
18 156 36 -0.7071067811865475 -0.7071067811865475
58 156 77 -0.7071067811865476 -0.7071067811865475
98 156 117 0.7071067811865475 0.7071067811865475
138 156 156 1. 0
184 156 212 -0.5 -0.5
184 156 213 -0.5 0.5
240 156 268 -0.5 -0.5
240 156 269 -0.5 0.5
19 157 37 -0.7071067811865475 0.7071067811865475
59 157 76 -0.7071067811865476 -0.7071067811865475
99 157 116 0.7071067811865475 -0.7071067811865475
139 157 157 1. 0
185 157 212 0.5 0.5
185 157 213 -0.5 0.5
241 157 268 0.5 0.5
241 157 269 -0.5 0.5
20 158 39 0.7071067811865475 -0.7071067811865475
60 158 78 -0.7071067811865476 -0.7071067811865475
100 158 119 -1. 0
140 158 158 1. 0
186 158 214 -0.5 0.5
186 158 215 0.5 -0.5
242 158 270 -0.5 0.5
242 158 271 0.5 -0.5
21 159 38 1. 0
61 159 79 0.9999999999999998 -7.850462293418875e-17
101 159 118 1. 0
141 159 159 1. 0
187 159 214 0.7071067811865475 0
187 159 215 0.7071067811865475 0
243 159 270 0.7071067811865475 0
243 159 271 0.7071067811865475 0
28 160 0 1.4142135623730951 0
69 160 40 1.4142135623730951 0
108 160 80 1.4142135623730951 0
149 160 120 1.4142135623730951 0
200 160 160 1. 0
201 160 160 1. 0
256 160 216 1. 0
257 160 216 1. 0
29 161 1 -1.4142135623730951 0
68 161 41 0. -1.4142135623730951
109 161 81 0. -1.4142135623730951
148 161 121 -1.4142135623730951 0
200 161 161 1. 0
201 161 161 -1. 0
256 161 217 1. 0
257 161 217 -1. 0
30 162 2 0. -1.4142135623730951
71 162 42 -1. 1.
111 162 82 -1.4142135623730951 0
150 162 122 0. -1.4142135623730951
202 162 162 1. 0
203 162 162 0. 1.
258 162 218 1. 0
259 162 218 0. 1.
31 163 3 -1. 1.
70 163 43 -1.4142135623730951 0
110 163 83 1.4142135623730951 0
151 163 123 1.4142135623730951 0
202 163 163 1. 0
203 163 163 0. -1.
258 163 219 1. 0
259 163 219 0. -1.
26 164 4 -0.7071067811865475 -0.7071067811865475
66 164 44 -1. 0
106 164 84 1. 0
146 164 124 -0.7071067811865475 -0.7071067811865475
196 164 164 1. 0
197 164 165 0.7071067811865475 -0.7071067811865475
252 164 220 0.7071067811865475 -0.7071067811865475
253 164 221 1. 0
27 165 4 0.7071067811865475 0.7071067811865475
67 165 44 -1. 0
107 165 84 1. 0
147 165 124 0.7071067811865475 0.7071067811865475
198 165 164 0.7071067811865475 0.7071067811865475
199 165 165 1. 0
254 165 220 1. 0
255 165 221 0.7071067811865475 0.7071067811865475
24 166 5 0.7071067811865475 -0.7071067811865475
64 166 45 1. 0
104 166 85 1. 0
144 166 125 0.7071067811865475 -0.7071067811865475
192 166 166 1. 0
193 166 167 0.7071067811865475 -0.7071067811865475
248 166 222 1. 0
249 166 223 -1. 0
25 167 5 0.7071067811865475 -0.7071067811865475
65 167 45 -1. 0
105 167 85 -1. 0
145 167 125 0.7071067811865475 -0.7071067811865475
194 167 166 -0.7071067811865475 -0.7071067811865475
195 167 167 1. 0
250 167 222 -0.7071067811865475 -0.7071067811865475
251 167 223 -0.7071067811865475 -0.7071067811865475
29 168 6 0. 1.4142135623730951
68 168 46 -1.4142135623730951 0
109 168 86 -1.4142135623730951 0
148 168 126 0. 1.4142135623730951
200 168 168 1. 0
201 168 168 -1. 0
256 168 224 1. 0
257 168 224 -1. 0
28 169 7 1.4142135623730951 0
69 169 47 1.4142135623730951 0
108 169 87 1.4142135623730951 0
149 169 127 1.4142135623730951 0
200 169 169 1. 0
201 169 169 1. 0
256 169 225 1. 0
257 169 225 1. 0
31 170 8 -1. -1.
70 170 48 0. 1.4142135623730951
110 170 88 0. 1.4142135623730951
151 170 128 0. -1.4142135623730951
202 170 170 1. 0
203 170 170 0. -1.
258 170 226 1. 0
259 170 226 0. -1.
30 171 9 0. -1.4142135623730951
71 171 49 1. -1.
111 171 89 -1.4142135623730951 0
150 171 129 0. 1.4142135623730951
202 171 171 1. 0
203 171 171 0. 1.
258 171 227 1. 0
259 171 227 0. 1.
26 172 10 0. -1.
66 172 50 0.7071067811865475 0.7071067811865475
106 172 90 0.7071067811865475 0.7071067811865475
146 172 130 0. 1.
196 172 172 1. 0
197 172 173 -0.7071067811865475 0.7071067811865475
252 172 228 -0.7071067811865475 0.7071067811865475
253 172 229 1. 0
27 173 10 0. -1.
67 173 50 -0.7071067811865475 -0.7071067811865475
107 173 90 -0.7071067811865475 -0.7071067811865475
147 173 130 0. 1.
198 173 172 -0.7071067811865475 -0.7071067811865475
199 173 173 1. 0
254 173 228 1. 0
255 173 229 -0.7071067811865475 -0.7071067811865475
24 174 11 0. 1.
64 174 51 -0.7071067811865475 0.7071067811865475
104 174 91 -0.7071067811865475 0.7071067811865475
144 174 131 0. 1.
192 174 174 1. 0
193 174 175 -0.7071067811865475 0.7071067811865475
248 174 230 1. 0
249 174 231 1. 0
25 175 11 0. -1.
65 175 51 -0.7071067811865475 0.7071067811865475
105 175 91 -0.7071067811865475 0.7071067811865475
145 175 131 0. -1.
194 175 174 0.7071067811865475 0.7071067811865475
195 175 175 1. 0
250 175 230 0.7071067811865475 0.7071067811865475
251 175 231 -0.7071067811865475 -0.7071067811865475
31 176 12 -1.0000000000000002 -1.
70 176 52 0. 1.4142135623730951
110 176 92 0. 1.4142135623730951
151 176 132 0. 1.4142135623730951
202 176 176 1. 0
203 176 176 0. -1.
258 176 232 0. 1.
259 176 232 1. 0
30 177 13 -1.414213562373095 1.1102230246251565e-16
71 177 53 -1. -1.
111 177 93 0. 1.4142135623730951
150 177 133 -1.4142135623730951 0
202 177 177 1. 0
203 177 177 0. 1.
258 177 233 0. -1.
259 177 233 1. 0
28 178 14 1.414213562373095 -1.1102230246251565e-16
69 178 54 1.4142135623730951 0
108 178 94 1.4142135623730951 0
149 178 134 1.4142135623730951 0
200 178 178 1. 0
201 178 178 1. 0
256 178 234 1. 0
257 178 234 1. 0
29 179 15 1.1102230246251565e-16 1.414213562373095
68 179 55 -1.4142135623730951 0
109 179 95 -1.4142135623730951 0
148 179 135 0. 1.4142135623730951
200 179 179 1. 0
201 179 179 -1. 0
256 179 235 -1. 0
257 179 235 1. 0
24 180 16 7.850462293418875e-17 0.9999999999999998
64 180 56 -0.7071067811865475 0.7071067811865475
104 180 96 -0.7071067811865475 0.7071067811865475
144 180 136 0. 1.
192 180 180 1. 0
193 180 181 0.7071067811865475 -0.7071067811865475
248 180 236 -0.7071067811865475 0.7071067811865475
249 180 237 1. 0
25 181 16 7.850462293418875e-17 0.9999999999999998
65 181 56 0.7071067811865475 -0.7071067811865475
105 181 96 0.7071067811865475 -0.7071067811865475
145 181 136 0. 1.
194 181 180 -0.7071067811865475 -0.7071067811865475
195 181 181 1. 0
250 181 236 1. 0
251 181 237 0.7071067811865475 0.7071067811865475
26 182 17 -7.850462293418875e-17 -0.9999999999999998
66 182 57 0.7071067811865475 0.7071067811865475
106 182 97 0.7071067811865475 0.7071067811865475
146 182 137 0. -1.
196 182 182 1. 0
197 182 183 0. 1.
252 182 238 1. 0
253 182 239 -0.7071067811865475 -0.7071067811865475
27 183 17 0.7071067811865475 -0.7071067811865476
67 183 57 0. -1.
107 183 97 0. -1.
147 183 137 0.7071067811865475 -0.7071067811865475
198 183 182 0. -1.
199 183 183 1. 0
254 183 238 0. -1.
255 183 239 -0.7071067811865475 0.7071067811865475
30 184 18 0. -1.4142135623730951
71 184 58 -1. 1.0000000000000002
111 184 98 1.4142135623730951 0
150 184 138 0. -1.4142135623730951
202 184 184 1. 0
203 184 184 0. 1.
258 184 240 0. -1.
259 184 240 1. 0
31 185 19 1. 1.
70 185 59 1.1102230246251565e-16 1.414213562373095
110 185 99 0. 1.4142135623730951
151 185 139 0. -1.4142135623730951
202 185 185 1. 0
203 185 185 0. -1.
258 185 241 0. 1.
259 185 241 1. 0
29 186 20 -1.4142135623730951 0
68 186 60 -1.1102230246251565e-16 -1.414213562373095
109 186 100 0. -1.4142135623730951
148 186 140 -1.4142135623730951 0
200 186 186 1. 0
201 186 186 -1. 0
256 186 242 -1. 0
257 186 242 1. 0
28 187 21 1.4142135623730951 0
69 187 61 1.414213562373095 -1.1102230246251565e-16
108 187 101 1.4142135623730951 0
149 187 141 1.4142135623730951 0
200 187 187 1. 0
201 187 187 1. 0
256 187 243 1. 0
257 187 243 1. 0
24 188 22 0.7071067811865475 -0.7071067811865475
64 188 62 0.9999999999999998 -7.850462293418875e-17
104 188 102 1. 0
144 188 142 0.7071067811865475 -0.7071067811865475
192 188 188 1. 0
193 188 189 -0.7071067811865475 0.7071067811865475
248 188 244 0.7071067811865475 -0.7071067811865475
249 188 245 1. 0
25 189 22 -0.7071067811865475 0.7071067811865475
65 189 62 0.9999999999999998 -7.850462293418875e-17
105 189 102 1. 0
145 189 142 -0.7071067811865475 0.7071067811865475
194 189 188 0.7071067811865475 0.7071067811865475
195 189 189 1. 0
250 189 244 1. 0
251 189 245 -0.7071067811865475 -0.7071067811865475
26 190 23 -0.7071067811865475 -0.7071067811865475
66 190 63 -0.9999999999999998 7.850462293418875e-17
106 190 103 -1. 0
146 190 143 -0.7071067811865475 -0.7071067811865475
196 190 190 1. 0
197 190 191 0. -1.
252 190 246 1. 0
253 190 247 0.7071067811865475 0.7071067811865475
27 191 23 0. 1.
67 191 63 -0.7071067811865476 -0.7071067811865475
107 191 103 -0.7071067811865475 -0.7071067811865475
147 191 143 0. 1.
198 191 190 0. 1.
199 191 191 1. 0
254 191 246 0. 1.
255 191 247 -0.7071067811865475 0.7071067811865475
24 192 24 1. 0
64 192 64 1. 0
104 192 104 1. 0
144 192 144 1. 0
192 192 192 1. 0
193 192 193 1. 0
248 192 248 1. 0
249 192 249 1. 0
25 193 24 0.7071067811865475 -0.7071067811865476
65 193 64 -0.7071067811865475 0.7071067811865476
105 193 104 -0.7071067811865475 0.7071067811865476
145 193 144 0.7071067811865475 -0.7071067811865476
194 193 192 -1. 0
195 193 193 1. 0
250 193 248 -1. 0
251 193 249 1. 0
24 194 25 -0.7071067811865476 -0.7071067811865475
64 194 65 0.7071067811865476 0.7071067811865475
104 194 105 0.7071067811865476 0.7071067811865475
144 194 145 -0.7071067811865476 -0.7071067811865475
192 194 194 1. 0
193 194 195 -1. 0
248 194 250 1. 0
249 194 251 -1. 0
25 195 25 1. 0
65 195 65 1. 0
105 195 105 1. 0
145 195 145 1. 0
194 195 194 1. 0
195 195 195 1. 0
250 195 250 1. 0
251 195 251 1. 0
26 196 26 1. 0
66 196 66 1. 0
106 196 106 1. 0
146 196 146 1. 0
196 196 196 1. 0
197 196 197 1. 0
252 196 252 1. 0
253 196 253 1. 0
27 197 26 -0.7071067811865475 0.7071067811865476
67 197 66 0.7071067811865475 -0.7071067811865476
107 197 106 0.7071067811865475 -0.7071067811865476
147 197 146 -0.7071067811865475 0.7071067811865476
198 197 196 1. 0
199 197 197 1. 0
254 197 252 1. 0
255 197 253 1. 0
26 198 27 -0.7071067811865476 -0.7071067811865475
66 198 67 0.7071067811865476 0.7071067811865475
106 198 107 0.7071067811865476 0.7071067811865475
146 198 147 -0.7071067811865476 -0.7071067811865475
196 198 198 1. 0
197 198 199 1. 0
252 198 254 1. 0
253 198 255 1. 0
27 199 27 1. 0
67 199 67 1. 0
107 199 107 1. 0
147 199 147 1. 0
198 199 198 1. 0
199 199 199 1. 0
254 199 254 1. 0
255 199 255 1. 0
28 200 28 1. 0
28 201 28 0.9999999999999998 -7.850462293418875e-17
29 200 29 1. 0
29 201 29 -0.9999999999999998 7.850462293418875e-17
68 200 68 1. 0
68 201 68 -0.9999999999999998 7.850462293418875e-17
69 200 69 1. 0
69 201 69 0.9999999999999998 -7.850462293418875e-17
108 200 108 1. 0
108 201 108 0.9999999999999998 -7.850462293418875e-17
109 200 109 1. 0
109 201 109 -0.9999999999999998 7.850462293418875e-17
148 200 148 1. 0
148 201 148 -0.9999999999999998 7.850462293418875e-17
149 200 149 1. 0
149 201 149 0.9999999999999998 -7.850462293418875e-17
200 200 200 1. 0
200 201 201 1. 0
201 200 201 1. 0
201 201 200 1. 0
256 200 256 1. 0
256 201 257 1. 0
257 200 257 1. 0
257 201 256 1. 0
30 202 30 1. 0
30 203 30 7.850462293418875e-17 0.9999999999999998
31 202 31 1. 0
31 203 31 -7.850462293418875e-17 -0.9999999999999998
70 202 70 1. 0
70 203 70 -7.850462293418875e-17 -0.9999999999999998
71 202 71 1. 0
71 203 71 7.850462293418875e-17 0.9999999999999998
110 202 110 1. 0
110 203 110 -7.850462293418875e-17 -0.9999999999999998
111 202 111 1. 0
111 203 111 7.850462293418875e-17 0.9999999999999998
150 202 150 1. 0
150 203 150 7.850462293418875e-17 0.9999999999999998
151 202 151 1. 0
151 203 151 -7.850462293418875e-17 -0.9999999999999998
202 202 202 1. 0
202 203 203 1. 0
203 202 203 1. 0
203 203 202 -1. 0
258 202 258 1. 0
258 203 259 1. 0
259 202 259 1. 0
259 203 258 -1. 0
26 204 32 -0.7071067811865476 -0.7071067811865475
66 204 72 -0.7071067811865476 -0.7071067811865475
106 204 112 1. 0
146 204 152 0.7071067811865476 0.7071067811865475
196 204 204 1. 0
197 204 205 1. 0
252 204 260 1. 0
253 204 261 1. 0
27 205 32 1. 0
67 205 72 -1. 0
107 205 112 0.7071067811865475 -0.7071067811865476
147 205 152 -1. 0
198 205 204 1. 0
199 205 205 1. 0
254 205 260 1. 0
255 205 261 1. 0
26 206 33 1. 0
66 206 73 -1. 0
106 206 113 -0.7071067811865475 0.7071067811865476
146 206 153 1. 0
196 206 206 1. 0
197 206 207 1. 0
252 206 262 1. 0
253 206 263 1. 0
27 207 33 -0.7071067811865475 0.7071067811865476
67 207 73 -0.7071067811865475 0.7071067811865476
107 207 113 0. 1.
147 207 153 -0.7071067811865475 0.7071067811865476
198 207 206 1. 0
199 207 207 1. 0
254 207 262 1. 0
255 207 263 1. 0
24 208 34 1. 0
64 208 74 -1. 0
104 208 114 0.7071067811865476 0.7071067811865475
144 208 154 0. -1.
192 208 208 1. 0
193 208 209 -1. 0
248 208 264 1. 0
249 208 265 1. 0
25 209 34 -0.7071067811865475 0.7071067811865476
65 209 74 -0.7071067811865475 0.7071067811865476
105 209 114 1. 0
145 209 154 0.7071067811865476 0.7071067811865475
194 209 208 1. 0
195 209 209 1. 0
250 209 264 1. 0
251 209 265 -1. 0
24 210 35 0.7071067811865475 -0.7071067811865476
64 210 75 0.7071067811865475 -0.7071067811865476
104 210 115 1. 0
144 210 155 0.7071067811865476 0.7071067811865475
192 210 210 1. 0
193 210 211 1. 0
248 210 266 -1. 0
249 210 267 1. 0
25 211 35 0. -1.
65 211 75 0. 1.
105 211 115 -0.7071067811865475 0.7071067811865476
145 211 155 1. 0
194 211 210 -1. 0
195 211 211 1. 0
250 211 266 1. 0
251 211 267 1. 0
30 212 36 -7.850462293418875e-17 -0.9999999999999998
30 213 36 1. 0
31 212 37 -0.7071067811865475 0.7071067811865476
31 213 37 0.7071067811865475 0.7071067811865475
70 212 76 -7.850462293418875e-17 -0.9999999999999998
70 213 76 -1. 0
71 212 77 -0.7071067811865475 0.7071067811865476
71 213 77 -0.7071067811865475 -0.7071067811865475
110 212 116 1. 0
110 213 116 -7.850462293418875e-17 -0.9999999999999998
111 212 117 -1. 0
111 213 117 -7.850462293418875e-17 -0.9999999999999998
150 212 156 0.7071067811865476 0.7071067811865475
150 213 156 -0.7071067811865475 0.7071067811865475
151 212 157 -0.7071067811865476 -0.7071067811865475
151 213 157 -0.7071067811865475 0.7071067811865475
202 212 212 1. 0
202 213 213 1. 0
203 212 213 1. 0
203 213 212 -1. 0
258 212 269 -1. 0
258 213 268 1. 0
259 212 268 1. 0
259 213 269 1. 0
28 214 38 0.9999999999999998 -7.850462293418875e-17
28 215 38 1. 0
29 214 39 0.9999999999999998 -7.850462293418875e-17
29 215 39 -1. 0
68 214 78 0.9999999999999998 -7.850462293418875e-17
68 215 78 -1. 0
69 214 79 0.9999999999999998 -7.850462293418875e-17
69 215 79 1. 0
108 214 118 1. 0
108 215 118 0.9999999999999998 -7.850462293418875e-17
109 214 119 0.7071067811865475 -0.7071067811865475
109 215 119 -0.7071067811865475 0.7071067811865476
148 214 158 0.7071067811865476 0.7071067811865475
148 215 158 -0.7071067811865475 -0.7071067811865475
149 214 159 0.9999999999999998 -7.850462293418875e-17
149 215 159 1. 0
200 214 214 1. 0
200 215 215 1. 0
201 214 215 1. 0
201 215 214 1. 0
256 214 271 1. 0
256 215 270 1. 0
257 214 270 1. 0
257 215 271 1. 0
38 216 0 1.4142135623730951 0
79 216 40 1.4142135623730951 0
118 216 80 1.4142135623730951 0
159 216 120 1.4142135623730951 0
214 216 160 1. 0
215 216 160 1. 0
270 216 216 1. 0
271 216 216 1. 0
39 217 1 1.4142135623730951 0
78 217 41 0. 1.4142135623730951
119 217 81 -1. 1.
158 217 121 1. -1.
214 217 161 -1. 0
215 217 161 1. 0
270 217 217 1. 0
271 217 217 -1. 0
36 218 2 0. -1.4142135623730951
77 218 42 0. -1.4142135623730951
117 218 82 0. -1.4142135623730951
156 218 122 -1. 1.
212 218 162 0. -1.
213 218 162 1. 0
268 218 218 1. 0
269 218 218 0. 1.
37 219 3 0. 1.4142135623730951
76 219 43 1.4142135623730951 0
116 219 83 0. 1.4142135623730951
157 219 123 -1. -1.
212 219 163 0. 1.
213 219 163 1. 0
268 219 219 1. 0
269 219 219 0. -1.
32 220 4 0.7071067811865475 0.7071067811865475
72 220 44 1. 0
112 220 84 0.7071067811865475 0.7071067811865475
152 220 124 -0.7071067811865475 -0.7071067811865475
204 220 164 0.7071067811865475 0.7071067811865475
205 220 165 1. 0
260 220 220 1. 0
261 220 221 0.7071067811865475 0.7071067811865475
33 221 4 -0.7071067811865475 -0.7071067811865475
73 221 44 1. 0
113 221 84 -0.7071067811865475 -0.7071067811865475
153 221 124 -0.7071067811865475 -0.7071067811865475
206 221 164 1. 0
207 221 165 0.7071067811865475 -0.7071067811865475
262 221 220 0.7071067811865475 -0.7071067811865475
263 221 221 1. 0
34 222 5 0.7071067811865475 -0.7071067811865475
74 222 45 -1. 0
114 222 85 0.7071067811865475 -0.7071067811865475
154 222 125 0.7071067811865475 0.7071067811865475
208 222 166 1. 0
209 222 167 -0.7071067811865475 0.7071067811865475
264 222 222 1. 0
265 222 223 -1. 0
35 223 5 -1. 0
75 223 45 -0.7071067811865475 -0.7071067811865475
115 223 85 -1. 0
155 223 125 0. 1.
210 223 166 -1. 0
211 223 167 -0.7071067811865475 0.7071067811865475
266 223 222 1. 0
267 223 223 1. 0
39 224 6 0. -1.4142135623730951
78 224 46 1.4142135623730951 0
119 224 86 1.0000000000000002 1.
158 224 126 -1.0000000000000002 -1.
214 224 168 -1. 0
215 224 168 1. 0
270 224 224 1. 0
271 224 224 -1. 0
38 225 7 1.4142135623730951 0
79 225 47 1.4142135623730951 0
118 225 87 1.414213562373095 -1.1102230246251565e-16
159 225 127 1.414213562373095 -1.1102230246251565e-16
214 225 169 1. 0
215 225 169 1. 0
270 225 225 1. 0
271 225 225 1. 0
37 226 8 -1.4142135623730951 0
76 226 48 0. -1.4142135623730951
116 226 88 -1.414213562373095 1.1102230246251565e-16
157 226 128 -1. 1.0000000000000002
212 226 170 0. 1.
213 226 170 1. 0
268 226 226 1. 0
269 226 226 0. -1.
36 227 9 0. -1.4142135623730951
77 227 49 0. 1.4142135623730951
117 227 89 -1.1102230246251565e-16 -1.414213562373095
156 227 129 1. -1.0000000000000002
212 227 171 0. -1.
213 227 171 1. 0
268 227 227 1. 0
269 227 227 0. 1.
32 228 10 0. -1.
72 228 50 0.7071067811865475 0.7071067811865475
112 228 90 -7.850462293418875e-17 -0.9999999999999998
152 228 130 -7.850462293418875e-17 -0.9999999999999998
204 228 172 -0.7071067811865475 -0.7071067811865475
205 228 173 1. 0
260 228 228 1. 0
261 228 229 -0.7071067811865475 -0.7071067811865475
33 229 10 0. -1.
73 229 50 -0.7071067811865475 -0.7071067811865475
113 229 90 -7.850462293418875e-17 -0.9999999999999998
153 229 130 7.850462293418875e-17 0.9999999999999998
206 229 172 1. 0
207 229 173 -0.7071067811865475 0.7071067811865475
262 229 228 -0.7071067811865475 0.7071067811865475
263 229 229 1. 0
34 230 11 0. 1.
74 230 51 0.7071067811865475 -0.7071067811865475
114 230 91 7.850462293418875e-17 0.9999999999999998
154 230 131 -0.9999999999999998 7.850462293418875e-17
208 230 174 1. 0
209 230 175 0.7071067811865475 -0.7071067811865475
264 230 230 1. 0
265 230 231 1. 0
35 231 11 -0.7071067811865475 0.7071067811865475
75 231 51 -1. 0
115 231 91 -0.7071067811865475 0.7071067811865476
155 231 131 0.7071067811865476 0.7071067811865475
210 231 174 1. 0
211 231 175 -0.7071067811865475 0.7071067811865475
266 231 230 -1. 0
267 231 231 1. 0
37 232 12 0. 1.4142135623730951
76 232 52 -1.4142135623730951 0
116 232 92 0. 1.4142135623730951
157 232 132 -1.0000000000000002 -1.
212 232 176 1. 0
213 232 176 0. -1.
268 232 232 1. 0
269 232 232 0. -1.
36 233 13 0. -1.4142135623730951
77 233 53 0. 1.4142135623730951
117 233 93 0. -1.4142135623730951
156 233 133 -1. 1.0000000000000002
212 233 177 1. 0
213 233 177 0. 1.
268 233 233 1. 0
269 233 233 0. 1.
38 234 14 1.4142135623730951 0
79 234 54 1.4142135623730951 0
118 234 94 1.4142135623730951 0
159 234 134 1.414213562373095 -1.1102230246251565e-16
214 234 178 1. 0
215 234 178 1. 0
270 234 234 1. 0
271 234 234 1. 0
39 235 15 0. 1.4142135623730951
78 235 55 -1.4142135623730951 0
119 235 95 -1. -1.
158 235 135 1.0000000000000002 1.
214 235 179 1. 0
215 235 179 -1. 0
270 235 235 1. 0
271 235 235 -1. 0
34 236 16 0.7071067811865475 -0.7071067811865475
74 236 56 -1. 0
114 236 96 0.7071067811865475 -0.7071067811865475
154 236 136 0.7071067811865476 0.7071067811865475
208 236 180 -0.7071067811865475 -0.7071067811865475
209 236 181 1. 0
264 236 236 1. 0
265 236 237 -0.7071067811865475 -0.7071067811865475
35 237 16 -0.7071067811865475 0.7071067811865475
75 237 56 -1. 0
115 237 96 -0.7071067811865475 0.7071067811865475
155 237 136 0.7071067811865476 0.7071067811865475
210 237 180 1. 0
211 237 181 0.7071067811865475 -0.7071067811865475
266 237 236 0.7071067811865475 -0.7071067811865475
267 237 237 1. 0
32 238 17 0.7071067811865475 0.7071067811865475
72 238 57 -1. 0
112 238 97 0.7071067811865475 0.7071067811865475
152 238 137 -0.7071067811865476 -0.7071067811865475
204 238 182 1. 0
205 238 183 0. 1.
260 238 238 1. 0
261 238 239 -0.7071067811865475 -0.7071067811865475
33 239 17 0.7071067811865475 0.7071067811865475
73 239 57 1. 0
113 239 97 0.7071067811865475 0.7071067811865475
153 239 137 0.7071067811865476 0.7071067811865475
206 239 182 -0.7071067811865475 0.7071067811865475
207 239 183 -0.7071067811865475 -0.7071067811865475
262 239 238 -0.7071067811865475 0.7071067811865475
263 239 239 1. 0
36 240 18 1.4142135623730951 0
77 240 58 1.4142135623730951 0
117 240 98 -1.4142135623730951 0
156 240 138 -1.0000000000000002 -1.
212 240 184 1. 0
213 240 184 0. 1.
268 240 240 1. 0
269 240 240 0. 1.
37 241 19 0. -1.4142135623730951
76 241 59 -1.4142135623730951 0
116 241 99 0. 1.4142135623730951
157 241 139 1.0000000000000002 1.
212 241 185 1. 0
213 241 185 0. -1.
268 241 241 1. 0
269 241 241 0. -1.
39 242 20 -1.4142135623730951 0
78 242 60 0. -1.4142135623730951
119 242 100 1. -1.
158 242 140 -1. 1.0000000000000002
214 242 186 1. 0
215 242 186 -1. 0
270 242 242 1. 0
271 242 242 -1. 0
38 243 21 1.4142135623730951 0
79 243 61 1.4142135623730951 0
118 243 101 1.4142135623730951 0
159 243 141 1.414213562373095 -1.1102230246251565e-16
214 243 187 1. 0
215 243 187 1. 0
270 243 243 1. 0
271 243 243 1. 0
34 244 22 1. 0
74 244 62 -0.7071067811865475 -0.7071067811865475
114 244 102 1. 0
154 244 142 7.850462293418875e-17 0.9999999999999998
208 244 188 0.7071067811865475 0.7071067811865475
209 244 189 1. 0
264 244 244 1. 0
265 244 245 0.7071067811865475 0.7071067811865475
35 245 22 1. 0
75 245 62 0.7071067811865475 0.7071067811865475
115 245 102 1. 0
155 245 142 -7.850462293418875e-17 -0.9999999999999998
210 245 188 1. 0
211 245 189 -0.7071067811865475 0.7071067811865475
266 245 244 -0.7071067811865475 0.7071067811865475
267 245 245 1. 0
32 246 23 1. 0
72 246 63 0.7071067811865475 -0.7071067811865475
112 246 103 -1. 0
152 246 143 -0.9999999999999998 7.850462293418875e-17
204 246 190 1. 0
205 246 191 0. -1.
260 246 246 1. 0
261 246 247 0.7071067811865475 0.7071067811865475
33 247 23 -1. 0
73 247 63 0.7071067811865475 -0.7071067811865475
113 247 103 1. 0
153 247 143 -0.9999999999999998 7.850462293418875e-17
206 247 190 0.7071067811865475 -0.7071067811865475
207 247 191 -0.7071067811865475 -0.7071067811865475
262 247 246 0.7071067811865475 -0.7071067811865475
263 247 247 1. 0
34 248 24 1. 0
74 248 64 -1. 0
114 248 104 0.7071067811865475 -0.7071067811865476
154 248 144 0. 1.
208 248 192 1. 0
209 248 193 -1. 0
264 248 248 1. 0
265 248 249 1. 0
35 249 24 0.7071067811865476 0.7071067811865475
75 249 64 0.7071067811865476 0.7071067811865475
115 249 104 1. 0
155 249 144 0.7071067811865475 -0.7071067811865476
210 249 192 1. 0
211 249 193 1. 0
266 249 248 -1. 0
267 249 249 1. 0
34 250 25 -0.7071067811865476 -0.7071067811865475
74 250 65 -0.7071067811865476 -0.7071067811865475
114 250 105 1. 0
154 250 145 0.7071067811865475 -0.7071067811865476
208 250 194 1. 0
209 250 195 1. 0
264 250 250 1. 0
265 250 251 -1. 0
35 251 25 0. 1.
75 251 65 0. -1.
115 251 105 -0.7071067811865476 -0.7071067811865475
155 251 145 1. 0
210 251 194 -1. 0
211 251 195 1. 0
266 251 250 1. 0
267 251 251 1. 0
32 252 26 -0.7071067811865475 0.7071067811865476
72 252 66 -0.7071067811865475 0.7071067811865476
112 252 106 1. 0
152 252 146 0.7071067811865475 -0.7071067811865476
204 252 196 1. 0
205 252 197 1. 0
260 252 252 1. 0
261 252 253 1. 0
33 253 26 1. 0
73 253 66 -1. 0
113 253 106 -0.7071067811865476 -0.7071067811865475
153 253 146 1. 0
206 253 196 1. 0
207 253 197 1. 0
262 253 252 1. 0
263 253 253 1. 0
32 254 27 1. 0
72 254 67 -1. 0
112 254 107 0.7071067811865476 0.7071067811865475
152 254 147 -1. 0
204 254 198 1. 0
205 254 199 1. 0
260 254 254 1. 0
261 254 255 1. 0
33 255 27 -0.7071067811865476 -0.7071067811865475
73 255 67 -0.7071067811865476 -0.7071067811865475
113 255 107 0. -1.
153 255 147 -0.7071067811865476 -0.7071067811865475
206 255 198 1. 0
207 255 199 1. 0
262 255 254 1. 0
263 255 255 1. 0
38 256 28 1. 0
38 257 28 0.9999999999999998 -7.850462293418875e-17
39 256 29 -1. 0
39 257 29 0.9999999999999998 -7.850462293418875e-17
78 256 68 -1. 0
78 257 68 0.9999999999999998 -7.850462293418875e-17
79 256 69 1. 0
79 257 69 0.9999999999999998 -7.850462293418875e-17
118 256 108 0.9999999999999998 -7.850462293418875e-17
118 257 108 1. 0
119 256 109 -0.7071067811865476 -0.7071067811865475
119 257 109 0.7071067811865475 0.7071067811865475
158 256 148 -0.7071067811865475 0.7071067811865475
158 257 148 0.7071067811865475 -0.7071067811865476
159 256 149 1. 0
159 257 149 0.9999999999999998 -7.850462293418875e-17
214 256 201 1. 0
214 257 200 1. 0
215 256 200 1. 0
215 257 201 1. 0
270 256 256 1. 0
270 257 257 1. 0
271 256 257 1. 0
271 257 256 1. 0
36 258 30 1. 0
36 259 30 7.850462293418875e-17 0.9999999999999998
37 258 31 0.7071067811865475 -0.7071067811865475
37 259 31 -0.7071067811865476 -0.7071067811865475
76 258 70 -1. 0
76 259 70 7.850462293418875e-17 0.9999999999999998
77 258 71 -0.7071067811865475 0.7071067811865475
77 259 71 -0.7071067811865476 -0.7071067811865475
116 258 110 7.850462293418875e-17 0.9999999999999998
116 259 110 1. 0
117 258 111 7.850462293418875e-17 0.9999999999999998
117 259 111 -1. 0
156 258 150 -0.7071067811865475 -0.7071067811865475
156 259 150 0.7071067811865475 -0.7071067811865476
157 258 151 -0.7071067811865475 -0.7071067811865475
157 259 151 -0.7071067811865475 0.7071067811865476
212 258 203 -1. 0
212 259 202 1. 0
213 258 202 1. 0
213 259 203 1. 0
268 258 258 1. 0
268 259 259 1. 0
269 258 259 1. 0
269 259 258 -1. 0
32 260 32 1. 0
72 260 72 1. 0
112 260 112 1. 0
152 260 152 1. 0
204 260 204 1. 0
205 260 205 1. 0
260 260 260 1. 0
261 260 261 1. 0
33 261 32 -0.7071067811865476 -0.7071067811865475
73 261 72 0.7071067811865476 0.7071067811865475
113 261 112 -0.7071067811865476 -0.7071067811865475
153 261 152 0.7071067811865476 0.7071067811865475
206 261 204 1. 0
207 261 205 1. 0
262 261 260 1. 0
263 261 261 1. 0
32 262 33 -0.7071067811865475 0.7071067811865476
72 262 73 0.7071067811865475 -0.7071067811865476
112 262 113 -0.7071067811865475 0.7071067811865476
152 262 153 0.7071067811865475 -0.7071067811865476
204 262 206 1. 0
205 262 207 1. 0
260 262 262 1. 0
261 262 263 1. 0
33 263 33 1. 0
73 263 73 1. 0
113 263 113 1. 0
153 263 153 1. 0
206 263 206 1. 0
207 263 207 1. 0
262 263 262 1. 0
263 263 263 1. 0
34 264 34 1. 0
74 264 74 1. 0
114 264 114 1. 0
154 264 154 1. 0
208 264 208 1. 0
209 264 209 1. 0
264 264 264 1. 0
265 264 265 1. 0
35 265 34 0.7071067811865476 0.7071067811865475
75 265 74 -0.7071067811865476 -0.7071067811865475
115 265 114 0.7071067811865476 0.7071067811865475
155 265 154 -0.7071067811865476 -0.7071067811865475
210 265 208 1. 0
211 265 209 -1. 0
266 265 264 -1. 0
267 265 265 1. 0
34 266 35 -0.7071067811865475 0.7071067811865476
74 266 75 0.7071067811865475 -0.7071067811865476
114 266 115 -0.7071067811865475 0.7071067811865476
154 266 155 0.7071067811865475 -0.7071067811865476
208 266 210 -1. 0
209 266 211 1. 0
264 266 266 1. 0
265 266 267 -1. 0
35 267 35 1. 0
75 267 75 1. 0
115 267 115 1. 0
155 267 155 1. 0
210 267 210 1. 0
211 267 211 1. 0
266 267 266 1. 0
267 267 267 1. 0
36 268 36 1. 0
36 269 36 7.850462293418875e-17 0.9999999999999998
37 268 37 1. 0
37 269 37 -7.850462293418875e-17 -0.9999999999999998
76 268 76 1. 0
76 269 76 -7.850462293418875e-17 -0.9999999999999998
77 268 77 1. 0
77 269 77 7.850462293418875e-17 0.9999999999999998
116 268 116 1. 0
116 269 116 -7.850462293418875e-17 -0.9999999999999998
117 268 117 1. 0
117 269 117 7.850462293418875e-17 0.9999999999999998
156 268 156 1. 0
156 269 156 7.850462293418875e-17 0.9999999999999998
157 268 157 1. 0
157 269 157 -7.850462293418875e-17 -0.9999999999999998
212 268 212 1. 0
212 269 213 1. 0
213 268 213 1. 0
213 269 212 -1. 0
268 268 268 1. 0
268 269 269 1. 0
269 268 269 1. 0
269 269 268 -1. 0
38 270 38 1. 0
38 271 38 0.9999999999999998 -7.850462293418875e-17
39 270 39 1. 0
39 271 39 -0.9999999999999998 7.850462293418875e-17
78 270 78 1. 0
78 271 78 -0.9999999999999998 7.850462293418875e-17
79 270 79 1. 0
79 271 79 0.9999999999999998 -7.850462293418875e-17
118 270 118 1. 0
118 271 118 0.9999999999999998 -7.850462293418875e-17
119 270 119 1. 0
119 271 119 -0.9999999999999998 7.850462293418875e-17
158 270 158 1. 0
158 271 158 -0.9999999999999998 7.850462293418875e-17
159 270 159 1. 0
159 271 159 0.9999999999999998 -7.850462293418875e-17
214 270 214 1. 0
214 271 215 1. 0
215 270 215 1. 0
215 271 214 1. 0
270 270 270 1. 0
270 271 271 1. 0
271 270 271 1. 0
271 271 270 1. 0