1 1 1 1 1 1 0 0 0 0 0 0 0 0 0 0 0 0 0 0 0 0 0 0 0 0 0 0 0 0 0 0 0 0 0 0 0 0 0 0 0 0 0 0 0 0 0 0 0 0 1 1 1 1 1 1 0 0 0 0 0 0 0 0 0 0 0 0 0 0 0 0 0 0 0 0 0 0 0 0 0 0 0 0 0 0 0 0 0 0 0 0 0 0 0 0 0 0 0 0 1 1 1 1 1 1 0 0 0 0 0 0 0 0 0 0 0 0 0 0 0 0 0 0 0 0 0 0 0 0 0 0 0 0 0 0 0 0 0 0 0 0 0 0 0 0 0 0 0 0 1 1 1 1 1 1 0 0 0 0 0 0 0 0 0 0 0 0 0 0 0 0 0 0 0 0 0 0 0 0 0 0 0 0 0 0 0 0 0 0 0 0 0 0 0 0 0 0 0 0 0 0 0 0 0 0 0 0 0 0 0 0 0 0 0 0 1 0 0 0 1 0 1 0 0 0 1 0 0 0 1 0 0 0 0 1 0 0 0 0 0 0 0 0 0 0 0 0 0 0 0 0 0 0 0 0 0 0 0 0 0 0 0 0 0 0 0 0 0 0 0 0 0 0 0 0 0 0 0 0 0 0 0 0 0 0 0 0 0 0 0 0 0 0 0 0 0 0 0 0 0 0 0 0 0 0 0 0 0 0 0 0 0 0 0 0 0 0 0 0 0 0 1 0 0 0 1 0 1 0 0 0 1 0 0 0 1 0 0 0 0 1 0 0
0 0 0 1. 0
44 0 44 1. 0
88 0 88 1. 0
132 0 132 1. 0
176 0 176 1. 0
260 0 260 1. 0
1 1 1 1. 0
45 1 45 1. 0
89 1 89 1. 0
133 1 133 1. 0
177 1 177 1. 0
261 1 261 1. 0
2 2 2 1. 0
46 2 46 1. 0
90 2 90 1. 0
134 2 134 1. 0
178 2 178 1. 0
262 2 262 1. 0
3 3 3 1. 0
47 3 47 1. 0
91 3 91 1. 0
135 3 135 1. 0
179 3 179 1. 0
263 3 263 1. 0
4 4 4 1. 0
48 4 48 1. 0
92 4 92 1. 0
136 4 136 1. 0
180 4 180 1. 0
181 4 181 1. 0
182 4 182 1. 0
264 4 264 1. 0
265 4 265 1. 0
266 4 266 1. 0
5 5 5 1. 0
49 5 49 1. 0
93 5 93 1. 0
137 5 137 1. 0
183 5 183 1. 0
184 5 184 1. 0
185 5 185 1. 0
267 5 267 1. 0
268 5 268 1. 0
269 5 269 1. 0
1 6 6 1. 0
45 6 50 1. 0
89 6 94 1. 0
133 6 138 1. 0
177 6 186 1. 0
261 6 270 1. 0
0 7 7 1. 0
44 7 51 1. 0
88 7 95 1. 0
132 7 139 1. 0
176 7 187 1. 0
260 7 271 1. 0
3 8 8 1. 0
47 8 52 1. 0
91 8 96 1. 0
135 8 140 1. 0
179 8 188 -1. 0
263 8 272 -1. 0
2 9 9 1. 0
46 9 53 1. 0
90 9 97 1. 0
134 9 141 1. 0
178 9 189 -1. 0
262 9 273 -1. 0
4 10 10 1. 0
48 10 54 1. 0
92 10 98 1. 0
136 10 142 1. 0
180 10 190 1. 0
181 10 191 1. 0
182 10 192 -1. 0
264 10 274 1. 0
265 10 275 1. 0
266 10 276 -1. 0
5 11 11 1. 0
49 11 55 1. 0
93 11 99 1. 0
137 11 143 1. 0
183 11 193 -1. 0
184 11 194 -1. 0
185 11 195 1. 0
267 11 277 -1. 0
268 11 278 -1. 0
269 11 279 1. 0
3 12 12 1. 0
47 12 56 1. 0
91 12 100 1. 0
135 12 144 1. 0
179 12 196 -1. 0
263 12 280 1. 0
2 13 13 1. 0
46 13 57 1. 0
90 13 101 1. 0
134 13 145 1. 0
178 13 197 -1. 0
262 13 281 1. 0
0 14 14 1. 0
44 14 58 1. 0
88 14 102 1. 0
132 14 146 1. 0
176 14 198 1. 0
260 14 282 1. 0
1 15 15 1. 0
45 15 59 1. 0
89 15 103 1. 0
133 15 147 1. 0
177 15 199 1. 0
261 15 283 1. 0
5 16 16 1. 0
49 16 60 1. 0
93 16 104 1. 0
137 16 148 1. 0
183 16 200 -1. 0
184 16 201 -1. 0
185 16 202 1. 0
267 16 284 1. 0
268 16 285 -1. 0
269 16 286 -1. 0
4 17 17 1. 0
48 17 61 1. 0
92 17 105 1. 0
136 17 149 1. 0
180 17 203 1. 0
181 17 204 -1. 0
182 17 205 1. 0
264 17 287 1. 0
265 17 288 1. 0
266 17 289 1. 0
2 18 18 1. 0
46 18 62 1. 0
90 18 106 1. 0
134 18 150 1. 0
178 18 206 1. 0
262 18 290 -1. 0
3 19 19 1. 0
47 19 63 1. 0
91 19 107 1. 0
135 19 151 1. 0
179 19 207 1. 0
263 19 291 -1. 0
1 20 20 1. 0
45 20 64 1. 0
89 20 108 1. 0
133 20 152 1. 0
177 20 208 1. 0
261 20 292 1. 0
0 21 21 1. 0
44 21 65 1. 0
88 21 109 1. 0
132 21 153 1. 0
176 21 209 1. 0
260 21 293 1. 0
5 22 22 1. 0
49 22 66 1. 0
93 22 110 1. 0
137 22 154 1. 0
183 22 210 1. 0
184 22 211 1. 0
185 22 212 1. 0
267 22 294 -1. 0
268 22 295 1. 0
269 22 296 -1. 0
4 23 23 1. 0
48 23 67 1. 0
92 23 111 1. 0
136 23 155 1. 0
180 23 213 1. 0
181 23 214 -1. 0
182 23 215 -1. 0
264 23 297 1. 0
265 23 298 1. 0
266 23 299 -1. 0
4 24 24 1. 0
48 24 68 1. 0
92 24 112 1. 0
136 24 156 1. 0
180 24 216 1. 0
181 24 217 1. 0
182 24 218 0.5000000000000001 -0.8660254037844386
264 24 300 1. 0
265 24 301 1. 0
266 24 302 0.4999999999999998 -0.8660254037844387
4 25 25 1. 0
48 25 69 1. 0
92 25 113 1. 0
136 25 157 1. 0
180 25 219 1. 0
181 25 220 1. 0
182 25 221 -0.5000000000000001 0.8660254037844386
264 25 303 1. 0
265 25 304 1. 0
266 25 305 -0.4999999999999998 0.8660254037844387
5 26 26 1. 0
49 26 70 -1. 0
93 26 114 1. 0
137 26 158 -1. 0
183 26 222 -1. 0
184 26 223 1. 0
185 26 224 -0.5000000000000001 0.8660254037844386
267 26 306 1. 0
268 26 307 1. 0
269 26 308 0.4999999999999998 -0.8660254037844387
5 27 27 1. 0
49 27 71 -1. 0
93 27 115 1. 0
137 27 159 -1. 0
183 27 225 1. 0
184 27 226 -1. 0
185 27 227 0.5000000000000001 -0.8660254037844386
267 27 309 -1. 0
268 27 310 -1. 0
269 27 311 -0.4999999999999998 0.8660254037844387
0 28 28 1. 0
44 28 73 1. 0
88 28 116 1. 0
132 28 161 1. 0
176 28 230 0.5 0
176 28 231 0.5 0
176 28 232 0.7071067811865475 0
260 28 314 0.5 0
260 28 315 0.5 0
260 28 316 0.7071067811865475 0
1 29 29 1. 0
45 29 72 1. 0
89 29 117 1. 0
133 29 160 1. 0
177 29 230 0.5 0
177 29 231 0.5 0
177 29 232 -0.7071067811865475 0
261 29 314 0.5 0
261 29 315 0.5 0
261 29 316 -0.7071067811865475 0
5 30 30 1. 0
49 30 74 1. 0
93 30 118 1. 0
137 30 162 1. 0
183 30 228 0.5000000000000001 0.8660254037844386
184 30 229 -0.5000000000000001 -0.8660254037844386
185 30 230 0.7071067811865475 0
185 30 231 -0.7071067811865475 0
267 30 312 -0.5000000000000001 -0.8660254037844386
268 30 313 -0.4999999999999998 -0.8660254037844387
269 30 314 0.7071067811865475 0
269 30 315 -0.7071067811865475 0
2 31 31 1. 0
46 31 76 -1. 0
90 31 120 -1. 0
134 31 163 -1. 0
178 31 235 -0.5 0
178 31 236 0.5 0
178 31 237 -0.7071067811865475 0
262 31 319 -0.5 0
262 31 320 0.5 0
262 31 321 0.7071067811865475 0
3 32 32 1. 0
47 32 75 -1. 0
91 32 119 1. 0
135 32 164 1. 0
179 32 235 -0.5 0
179 32 236 0.5 0
179 32 237 0.7071067811865475 0
263 32 319 -0.5 0
263 32 320 0.5 0
263 32 321 -0.7071067811865475 0
4 33 33 1. 0
48 33 77 -1. 0
92 33 121 1. 0
136 33 165 -1. 0
180 33 233 0.5000000000000001 0.8660254037844386
181 33 234 0.4999999999999998 0.8660254037844387
182 33 235 0.7071067811865475 0
182 33 236 0.7071067811865475 0
264 33 317 -0.4999999999999998 -0.8660254037844387
265 33 318 0.4999999999999998 0.8660254037844387
266 33 319 0.7071067811865475 0
266 33 320 0.7071067811865475 0
5 34 34 1. 0
49 34 78 1. 0
93 34 122 -1. 0
137 34 166 1. 0
183 34 238 -1. 0
184 34 239 1. 0
185 34 240 -0.5000000000000001 0.8660254037844386
267 34 322 1. 0
268 34 323 1. 0
269 34 324 -0.5000000000000001 0.8660254037844386
5 35 35 1. 0
49 35 79 1. 0
93 35 123 -1. 0
137 35 167 1. 0
183 35 241 1. 0
184 35 242 -1. 0
185 35 243 0.5000000000000001 -0.8660254037844386
267 35 325 -1. 0
268 35 326 -1. 0
269 35 327 0.5000000000000001 -0.8660254037844386
4 36 36 1. 0
48 36 80 -1. 0
92 36 124 1. 0
136 36 168 1. 0
180 36 244 1. 0
181 36 245 1. 0
182 36 246 0.5000000000000001 -0.8660254037844386
264 36 328 1. 0
265 36 329 1. 0
266 36 330 0.5000000000000001 -0.8660254037844386
4 37 37 1. 0
48 37 81 -1. 0
92 37 125 1. 0
136 37 169 1. 0
180 37 247 1. 0
181 37 248 1. 0
182 37 249 -0.5000000000000001 0.8660254037844386
264 37 331 1. 0
265 37 332 1. 0
266 37 333 -0.5000000000000001 0.8660254037844386
2 38 38 1. 0
46 38 83 1. 0
90 38 127 -1. 0
134 38 170 1. 0
178 38 252 -0.5 0
178 38 253 0.5 0
178 38 254 -0.7071067811865475 0
262 38 336 0.5 0
262 38 337 -0.5 0
262 38 338 -0.7071067811865475 0
3 39 39 1. 0
47 39 82 1. 0
91 39 126 -1. 0
135 39 171 1. 0
179 39 252 -0.5 0
179 39 253 0.5 0
179 39 254 0.7071067811865475 0
263 39 336 0.5 0
263 39 337 -0.5 0
263 39 338 0.7071067811865475 0
4 40 40 1. 0
48 40 84 1. 0
92 40 128 -1. 0
136 40 172 1. 0
180 40 250 0.4999999999999998 0.8660254037844387
181 40 251 -0.4999999999999998 -0.8660254037844387
182 40 252 0.7071067811865475 0
182 40 253 0.7071067811865475 0
264 40 334 0.4999999999999998 0.8660254037844387
265 40 335 -0.4999999999999998 -0.8660254037844387
266 40 336 0.7071067811865475 0
266 40 337 0.7071067811865475 0
0 41 41 1. 0
44 41 86 1. 0
88 41 129 1. 0
132 41 174 1. 0
176 41 257 0.5 0
176 41 258 0.5 0
176 41 259 0.7071067811865475 0
260 41 341 0.5 0
260 41 342 0.5 0
260 41 343 0.7071067811865475 0
1 42 42 1. 0
45 42 85 1. 0
89 42 130 -1. 0
133 42 173 -1. 0
177 42 257 -0.5 0
177 42 258 -0.5 0
177 42 259 0.7071067811865475 0
261 42 341 -0.5 0
261 42 342 -0.5 0
261 42 343 0.7071067811865475 0
5 43 43 1. 0
49 43 87 -1. 0
93 43 131 1. 0
137 43 175 1. 0
183 43 255 0.5000000000000001 0.8660254037844386
184 43 256 -0.5000000000000001 -0.8660254037844386
185 43 257 -0.7071067811865475 0
185 43 258 0.7071067811865475 0
267 43 339 -0.5000000000000001 -0.8660254037844386
268 43 340 0.5000000000000001 0.8660254037844386
269 43 341 0.7071067811865475 0
269 43 342 -0.7071067811865475 0
7 44 0 1. 0
51 44 44 1. 0
95 44 88 1. 0
139 44 132 1. 0
187 44 176 1. 0
271 44 260 1. 0
6 45 1 1. 0
50 45 45 1. 0
94 45 89 1. 0
138 45 133 1. 0
186 45 177 1. 0
270 45 261 1. 0
9 46 2 1. 0
53 46 46 1. 0
97 46 90 1. 0
141 46 134 1. 0
189 46 178 -1. 0
273 46 262 -1. 0
8 47 3 1. 0
52 47 47 1. 0
96 47 91 1. 0
140 47 135 1. 0
188 47 179 -1. 0
272 47 263 -1. 0
10 48 4 1. 0
54 48 48 1. 0
98 48 92 1. 0
142 48 136 1. 0
190 48 180 1. 0
191 48 181 1. 0
192 48 182 -1. 0
274 48 264 1. 0
275 48 265 1. 0
276 48 266 -1. 0
11 49 5 1. 0
55 49 49 1. 0
99 49 93 1. 0
143 49 137 1. 0
193 49 183 -1. 0
194 49 184 -1. 0
195 49 185 1. 0
277 49 267 -1. 0
278 49 268 -1. 0
279 49 269 1. 0
6 50 6 1. 0
50 50 50 1. 0
94 50 94 1. 0
138 50 138 1. 0
186 50 186 1. 0
270 50 270 1. 0
7 51 7 1. 0
51 51 51 1. 0
95 51 95 1. 0
139 51 139 1. 0
187 51 187 1. 0
271 51 271 1. 0
8 52 8 1. 0
52 52 52 1. 0
96 52 96 1. 0
140 52 140 1. 0
188 52 188 1. 0
272 52 272 1. 0
9 53 9 1. 0
53 53 53 1. 0
97 53 97 1. 0
141 53 141 1. 0
189 53 189 1. 0
273 53 273 1. 0
10 54 10 1. 0
54 54 54 1. 0
98 54 98 1. 0
142 54 142 1. 0
190 54 190 1. 0
191 54 191 1. 0
192 54 192 1. 0
274 54 274 1. 0
275 54 275 1. 0
276 54 276 1. 0
11 55 11 1. 0
55 55 55 1. 0
99 55 99 1. 0
143 55 143 1. 0
193 55 193 1. 0
194 55 194 1. 0
195 55 195 1. 0
277 55 277 1. 0
278 55 278 1. 0
279 55 279 1. 0
8 56 12 1. 0
52 56 56 1. 0
96 56 100 1. 0
140 56 144 1. 0
188 56 196 1. 0
272 56 280 -1. 0
9 57 13 1. 0
53 57 57 1. 0
97 57 101 1. 0
141 57 145 1. 0
189 57 197 1. 0
273 57 281 -1. 0
7 58 14 1. 0
51 58 58 1. 0
95 58 102 1. 0
139 58 146 1. 0
187 58 198 1. 0
271 58 282 1. 0
6 59 15 1. 0
50 59 59 1. 0
94 59 103 1. 0
138 59 147 1. 0
186 59 199 1. 0
270 59 283 1. 0
11 60 16 1. 0
55 60 60 1. 0
99 60 104 1. 0
143 60 148 1. 0
193 60 200 1. 0
194 60 201 1. 0
195 60 202 1. 0
277 60 284 -1. 0
278 60 285 1. 0
279 60 286 -1. 0
10 61 17 1. 0
54 61 61 1. 0
98 61 105 1. 0
142 61 149 1. 0
190 61 203 1. 0
191 61 204 -1. 0
192 61 205 -1. 0
274 61 287 1. 0
275 61 288 1. 0
276 61 289 -1. 0
9 62 18 1. 0
53 62 62 1. 0
97 62 106 1. 0
141 62 150 1. 0
189 62 206 -1. 0
273 62 290 1. 0
8 63 19 1. 0
52 63 63 1. 0
96 63 107 1. 0
140 63 151 1. 0
188 63 207 -1. 0
272 63 291 1. 0
6 64 20 1. 0
50 64 64 1. 0
94 64 108 1. 0
138 64 152 1. 0
186 64 208 1. 0
270 64 292 1. 0
7 65 21 1. 0
51 65 65 1. 0
95 65 109 1. 0
139 65 153 1. 0
187 65 209 1. 0
271 65 293 1. 0
11 66 22 1. 0
55 66 66 1. 0
99 66 110 1. 0
143 66 154 1. 0
193 66 210 -1. 0
194 66 211 -1. 0
195 66 212 1. 0
277 66 294 1. 0
278 66 295 -1. 0
279 66 296 -1. 0
10 67 23 1. 0
54 67 67 1. 0
98 67 111 1. 0
142 67 155 1. 0
190 67 213 1. 0
191 67 214 -1. 0
192 67 215 1. 0
274 67 297 1. 0
275 67 298 1. 0
276 67 299 1. 0
10 68 24 1. 0
54 68 68 1. 0
98 68 112 1. 0
142 68 156 1. 0
190 68 216 1. 0
191 68 217 1. 0
192 68 218 -0.4999999999999998 0.8660254037844387
274 68 300 1. 0
275 68 301 1. 0
276 68 302 -0.5000000000000001 0.8660254037844386
10 69 25 1. 0
54 69 69 1. 0
98 69 113 1. 0
142 69 157 1. 0
190 69 219 1. 0
191 69 220 1. 0
192 69 221 0.4999999999999998 -0.8660254037844387
274 69 303 1. 0
275 69 304 1. 0
276 69 305 0.5000000000000001 -0.8660254037844386
11 70 26 -1. 0
55 70 70 1. 0
99 70 114 -1. 0
143 70 158 1. 0
193 70 222 -1. 0
194 70 223 1. 0
195 70 224 0.4999999999999998 -0.8660254037844387
277 70 306 1. 0
278 70 307 1. 0
279 70 308 -0.5000000000000001 0.8660254037844386
11 71 27 -1. 0
55 71 71 1. 0
99 71 115 -1. 0
143 71 159 1. 0
193 71 225 1. 0
194 71 226 -1. 0
195 71 227 -0.4999999999999998 0.8660254037844387
277 71 309 -1. 0
278 71 310 -1. 0
279 71 311 0.5000000000000001 -0.8660254037844386
6 72 29 1. 0
50 72 72 1. 0
94 72 117 1. 0
138 72 160 1. 0
186 72 230 0.5 0
186 72 231 0.5 0
186 72 232 -0.7071067811865475 0
270 72 314 0.5 0
270 72 315 0.5 0
270 72 316 -0.7071067811865475 0
7 73 28 1. 0
51 73 73 1. 0
95 73 116 1. 0
139 73 161 1. 0
187 73 230 0.5 0
187 73 231 0.5 0
187 73 232 0.7071067811865475 0
271 73 314 0.5 0
271 73 315 0.5 0
271 73 316 0.7071067811865475 0
11 74 30 1. 0
55 74 74 1. 0
99 74 118 1. 0
143 74 162 1. 0
193 74 228 -0.4999999999999998 -0.8660254037844387
194 74 229 0.4999999999999998 0.8660254037844387
195 74 230 0.7071067811865475 0
195 74 231 -0.7071067811865475 0
277 74 312 0.4999999999999998 0.8660254037844387
278 74 313 0.5000000000000001 0.8660254037844386
279 74 314 0.7071067811865475 0
279 74 315 -0.7071067811865475 0
8 75 32 -1. 0
52 75 75 1. 0
96 75 119 -1. 0
140 75 164 -1. 0
188 75 235 -0.5 0
188 75 236 0.5 0
188 75 237 0.7071067811865475 0
272 75 319 -0.5 0
272 75 320 0.5 0
272 75 321 -0.7071067811865475 0
9 76 31 -1. 0
53 76 76 1. 0
97 76 120 1. 0
141 76 163 1. 0
189 76 235 -0.5 0
189 76 236 0.5 0
189 76 237 -0.7071067811865475 0
273 76 319 -0.5 0
273 76 320 0.5 0
273 76 321 0.7071067811865475 0
10 77 33 -1. 0
54 77 77 1. 0
98 77 121 -1. 0
142 77 165 1. 0
190 77 233 -0.4999999999999998 -0.8660254037844387
191 77 234 -0.5000000000000001 -0.8660254037844386
192 77 235 0.7071067811865475 0
192 77 236 0.7071067811865475 0
274 77 317 0.5000000000000001 0.8660254037844386
275 77 318 -0.5000000000000001 -0.8660254037844386
276 77 319 0.7071067811865475 0
276 77 320 0.7071067811865475 0
11 78 34 1. 0
55 78 78 1. 0
99 78 122 -1. 0
143 78 166 1. 0
193 78 238 1. 0
194 78 239 -1. 0
195 78 240 -0.5000000000000001 0.8660254037844386
277 78 322 -1. 0
278 78 323 -1. 0
279 78 324 -0.5000000000000001 0.8660254037844386
11 79 35 1. 0
55 79 79 1. 0
99 79 123 -1. 0
143 79 167 1. 0
193 79 241 -1. 0
194 79 242 1. 0
195 79 243 0.5000000000000001 -0.8660254037844386
277 79 325 1. 0
278 79 326 1. 0
279 79 327 0.5000000000000001 -0.8660254037844386
10 80 36 -1. 0
54 80 80 1. 0
98 80 124 -1. 0
142 80 168 -1. 0
190 80 244 -1. 0
191 80 245 -1. 0
192 80 246 0.5000000000000001 -0.8660254037844386
274 80 328 -1. 0
275 80 329 -1. 0
276 80 330 0.5000000000000001 -0.8660254037844386
10 81 37 -1. 0
54 81 81 1. 0
98 81 125 -1. 0
142 81 169 -1. 0
190 81 247 -1. 0
191 81 248 -1. 0
192 81 249 -0.5000000000000001 0.8660254037844386
274 81 331 -1. 0
275 81 332 -1. 0
276 81 333 -0.5000000000000001 0.8660254037844386
8 82 39 1. 0
52 82 82 1. 0
96 82 126 -1. 0
140 82 171 1. 0
188 82 252 0.5 0
188 82 253 -0.5 0
188 82 254 -0.7071067811865475 0
272 82 336 -0.5 0
272 82 337 0.5 0
272 82 338 -0.7071067811865475 0
9 83 38 1. 0
53 83 83 1. 0
97 83 127 -1. 0
141 83 170 1. 0
189 83 252 0.5 0
189 83 253 -0.5 0
189 83 254 0.7071067811865475 0
273 83 336 -0.5 0
273 83 337 0.5 0
273 83 338 0.7071067811865475 0
10 84 40 1. 0
54 84 84 1. 0
98 84 128 -1. 0
142 84 172 1. 0
190 84 250 0.4999999999999998 0.8660254037844387
191 84 251 -0.4999999999999998 -0.8660254037844387
192 84 252 -0.7071067811865475 0
192 84 253 -0.7071067811865475 0
274 84 334 0.4999999999999998 0.8660254037844387
275 84 335 -0.4999999999999998 -0.8660254037844387
276 84 336 -0.7071067811865475 0
276 84 337 -0.7071067811865475 0
6 85 42 1. 0
50 85 85 1. 0
94 85 130 -1. 0
138 85 173 -1. 0
186 85 257 -0.5 0
186 85 258 -0.5 0
186 85 259 0.7071067811865475 0
270 85 341 -0.5 0
270 85 342 -0.5 0
270 85 343 0.7071067811865475 0
7 86 41 1. 0
51 86 86 1. 0
95 86 129 1. 0
139 86 174 1. 0
187 86 257 0.5 0
187 86 258 0.5 0
187 86 259 0.7071067811865475 0
271 86 341 0.5 0
271 86 342 0.5 0
271 86 343 0.7071067811865475 0
11 87 43 -1. 0
55 87 87 1. 0
99 87 131 -1. 0
143 87 175 -1. 0
193 87 255 0.5000000000000001 0.8660254037844386
194 87 256 -0.5000000000000001 -0.8660254037844386
195 87 257 0.7071067811865475 0
195 87 258 -0.7071067811865475 0
277 87 339 -0.5000000000000001 -0.8660254037844386
278 87 340 0.5000000000000001 0.8660254037844386
279 87 341 -0.7071067811865475 0
279 87 342 0.7071067811865475 0
14 88 0 1. 0
58 88 44 1. 0
102 88 88 1. 0
146 88 132 1. 0
198 88 176 1. 0
282 88 260 1. 0
15 89 1 1. 0
59 89 45 1. 0
103 89 89 1. 0
147 89 133 1. 0
199 89 177 1. 0
283 89 261 1. 0
13 90 2 1. 0
57 90 46 1. 0
101 90 90 1. 0
145 90 134 1. 0
197 90 178 -1. 0
281 90 262 1. 0
12 91 3 1. 0
56 91 47 1. 0
100 91 91 1. 0
144 91 135 1. 0
196 91 179 -1. 0
280 91 263 1. 0
17 92 4 1. 0
61 92 48 1. 0
105 92 92 1. 0
149 92 136 1. 0
203 92 180 1. 0
204 92 181 -1. 0
205 92 182 1. 0
287 92 264 1. 0
288 92 265 1. 0
289 92 266 1. 0
16 93 5 1. 0
60 93 49 1. 0
104 93 93 1. 0
148 93 137 1. 0
200 93 183 -1. 0
201 93 184 -1. 0
202 93 185 1. 0
284 93 267 1. 0
285 93 268 -1. 0
286 93 269 -1. 0
15 94 6 1. 0
59 94 50 1. 0
103 94 94 1. 0
147 94 138 1. 0
199 94 186 1. 0
283 94 270 1. 0
14 95 7 1. 0
58 95 51 1. 0
102 95 95 1. 0
146 95 139 1. 0
198 95 187 1. 0
282 95 271 1. 0
12 96 8 1. 0
56 96 52 1. 0
100 96 96 1. 0
144 96 140 1. 0
196 96 188 1. 0
280 96 272 -1. 0
13 97 9 1. 0
57 97 53 1. 0
101 97 97 1. 0
145 97 141 1. 0
197 97 189 1. 0
281 97 273 -1. 0
17 98 10 1. 0
61 98 54 1. 0
105 98 98 1. 0
149 98 142 1. 0
203 98 190 1. 0
204 98 191 -1. 0
205 98 192 -1. 0
287 98 274 1. 0
288 98 275 1. 0
289 98 276 -1. 0
16 99 11 1. 0
60 99 55 1. 0
104 99 99 1. 0
148 99 143 1. 0
200 99 193 1. 0
201 99 194 1. 0
202 99 195 1. 0
284 99 277 -1. 0
285 99 278 1. 0
286 99 279 -1. 0
12 100 12 1. 0
56 100 56 1. 0
100 100 100 1. 0
144 100 144 1. 0
196 100 196 1. 0
280 100 280 1. 0
13 101 13 1. 0
57 101 57 1. 0
101 101 101 1. 0
145 101 145 1. 0
197 101 197 1. 0
281 101 281 1. 0
14 102 14 1. 0
58 102 58 1. 0
102 102 102 1. 0
146 102 146 1. 0
198 102 198 1. 0
282 102 282 1. 0
15 103 15 1. 0
59 103 59 1. 0
103 103 103 1. 0
147 103 147 1. 0
199 103 199 1. 0
283 103 283 1. 0
16 104 16 1. 0
60 104 60 1. 0
104 104 104 1. 0
148 104 148 1. 0
200 104 200 1. 0
201 104 201 1. 0
202 104 202 1. 0
284 104 284 1. 0
285 104 285 1. 0
286 104 286 1. 0
17 105 17 1. 0
61 105 61 1. 0
105 105 105 1. 0
149 105 149 1. 0
203 105 203 1. 0
204 105 204 1. 0
205 105 205 1. 0
287 105 287 1. 0
288 105 288 1. 0
289 105 289 1. 0
13 106 18 1. 0
57 106 62 1. 0
101 106 106 1. 0
145 106 150 1. 0
197 106 206 -1. 0
281 106 290 -1. 0
12 107 19 1. 0
56 107 63 1. 0
100 107 107 1. 0
144 107 151 1. 0
196 107 207 -1. 0
280 107 291 -1. 0
15 108 20 1. 0
59 108 64 1. 0
103 108 108 1. 0
147 108 152 1. 0
199 108 208 1. 0
283 108 292 1. 0
14 109 21 1. 0
58 109 65 1. 0
102 109 109 1. 0
146 109 153 1. 0
198 109 209 1. 0
282 109 293 1. 0
16 110 22 1. 0
60 110 66 1. 0
104 110 110 1. 0
148 110 154 1. 0
200 110 210 -1. 0
201 110 211 -1. 0
202 110 212 1. 0
284 110 294 -1. 0
285 110 295 -1. 0
286 110 296 1. 0
17 111 23 1. 0
61 111 67 1. 0
105 111 111 1. 0
149 111 155 1. 0
203 111 213 1. 0
204 111 214 1. 0
205 111 215 -1. 0
287 111 297 1. 0
288 111 298 1. 0
289 111 299 -1. 0
17 112 24 1. 0
61 112 68 1. 0
105 112 112 1. 0
149 112 156 1. 0
203 112 216 1. 0
204 112 217 -1. 0
205 112 218 0.4999999999999998 -0.8660254037844387
287 112 300 1. 0
288 112 301 1. 0
289 112 302 0.4999999999999998 -0.8660254037844387
17 113 25 1. 0
61 113 69 1. 0
105 113 113 1. 0
149 113 157 1. 0
203 113 219 1. 0
204 113 220 -1. 0
205 113 221 -0.4999999999999998 0.8660254037844387
287 113 303 1. 0
288 113 304 1. 0
289 113 305 -0.4999999999999998 0.8660254037844387
16 114 26 1. 0
60 114 70 -1. 0
104 114 114 1. 0
148 114 158 -1. 0
200 114 222 1. 0
201 114 223 -1. 0
202 114 224 -0.4999999999999998 0.8660254037844387
284 114 306 1. 0
285 114 307 -1. 0
286 114 308 -0.4999999999999998 0.8660254037844387
16 115 27 1. 0
60 115 71 -1. 0
104 115 115 1. 0
148 115 159 -1. 0
200 115 225 -1. 0
201 115 226 1. 0
202 115 227 0.4999999999999998 -0.8660254037844387
284 115 309 -1. 0
285 115 310 1. 0
286 115 311 0.4999999999999998 -0.8660254037844387
14 116 28 1. 0
58 116 73 1. 0
102 116 116 1. 0
146 116 161 1. 0
198 116 230 0.5 0
198 116 231 0.5 0
198 116 232 0.7071067811865475 0
282 116 314 0.5 0
282 116 315 0.5 0
282 116 316 0.7071067811865475 0
15 117 29 1. 0
59 117 72 1. 0
103 117 117 1. 0
147 117 160 1. 0
199 117 230 0.5 0
199 117 231 0.5 0
199 117 232 -0.7071067811865475 0
283 117 314 0.5 0
283 117 315 0.5 0
283 117 316 -0.7071067811865475 0
16 118 30 1. 0
60 118 74 1. 0
104 118 118 1. 0
148 118 162 1. 0
200 118 228 -0.5000000000000001 -0.8660254037844386
201 118 229 0.5000000000000001 0.8660254037844386
202 118 230 0.7071067811865475 0
202 118 231 -0.7071067811865475 0
284 118 312 -0.5000000000000001 -0.8660254037844386
285 118 313 0.5000000000000001 0.8660254037844386
286 118 314 -0.7071067811865475 0
286 118 315 0.7071067811865475 0
12 119 32 1. 0
56 119 75 -1. 0
100 119 119 1. 0
144 119 164 1. 0
196 119 235 0.5 0
196 119 236 -0.5 0
196 119 237 -0.7071067811865475 0
280 119 319 -0.5 0
280 119 320 0.5 0
280 119 321 -0.7071067811865475 0
13 120 31 -1. 0
57 120 76 1. 0
101 120 120 1. 0
145 120 163 1. 0
197 120 235 -0.5 0
197 120 236 0.5 0
197 120 237 -0.7071067811865475 0
281 120 319 0.5 0
281 120 320 -0.5 0
281 120 321 -0.7071067811865475 0
17 121 33 1. 0
61 121 77 -1. 0
105 121 121 1. 0
149 121 165 -1. 0
203 121 233 0.4999999999999998 0.8660254037844387
204 121 234 -0.4999999999999998 -0.8660254037844387
205 121 235 0.7071067811865475 0
205 121 236 0.7071067811865475 0
287 121 317 -0.4999999999999998 -0.8660254037844387
288 121 318 0.4999999999999998 0.8660254037844387
289 121 319 0.7071067811865475 0
289 121 320 0.7071067811865475 0
16 122 34 -1. 0
60 122 78 -1. 0
104 122 122 1. 0
148 122 166 -1. 0
200 122 238 -1. 0
201 122 239 1. 0
202 122 240 0.5000000000000001 -0.8660254037844386
284 122 322 -1. 0
285 122 323 1. 0
286 122 324 -0.5000000000000001 0.8660254037844386
16 123 35 -1. 0
60 123 79 -1. 0
104 123 123 1. 0
148 123 167 -1. 0
200 123 241 1. 0
201 123 242 -1. 0
202 123 243 -0.5000000000000001 0.8660254037844386
284 123 325 1. 0
285 123 326 -1. 0
286 123 327 0.5000000000000001 -0.8660254037844386
17 124 36 1. 0
61 124 80 -1. 0
105 124 124 1. 0
149 124 168 1. 0
203 124 244 1. 0
204 124 245 -1. 0
205 124 246 0.5000000000000001 -0.8660254037844386
287 124 328 1. 0
288 124 329 1. 0
289 124 330 0.5000000000000001 -0.8660254037844386
17 125 37 1. 0
61 125 81 -1. 0
105 125 125 1. 0
149 125 169 1. 0
203 125 247 1. 0
204 125 248 -1. 0
205 125 249 -0.5000000000000001 0.8660254037844386
287 125 331 1. 0
288 125 332 1. 0
289 125 333 -0.5000000000000001 0.8660254037844386
12 126 39 -1. 0
56 126 82 -1. 0
100 126 126 1. 0
144 126 171 -1. 0
196 126 252 -0.5 0
196 126 253 0.5 0
196 126 254 0.7071067811865475 0
280 126 336 -0.5 0
280 126 337 0.5 0
280 126 338 -0.7071067811865475 0
13 127 38 -1. 0
57 127 83 -1. 0
101 127 127 1. 0
145 127 170 -1. 0
197 127 252 -0.5 0
197 127 253 0.5 0
197 127 254 -0.7071067811865475 0
281 127 336 -0.5 0
281 127 337 0.5 0
281 127 338 0.7071067811865475 0
17 128 40 -1. 0
61 128 84 -1. 0
105 128 128 1. 0
149 128 172 -1. 0
203 128 250 -0.4999999999999998 -0.8660254037844387
204 128 251 -0.5000000000000001 -0.8660254037844386
205 128 252 -0.7071067811865475 0
205 128 253 -0.7071067811865475 0
287 128 334 -0.5000000000000001 -0.8660254037844386
288 128 335 0.5000000000000001 0.8660254037844386
289 128 336 -0.7071067811865475 0
289 128 337 -0.7071067811865475 0
14 129 41 1. 0
58 129 86 1. 0
102 129 129 1. 0
146 129 174 1. 0
198 129 257 0.5 0
198 129 258 0.5 0
198 129 259 0.7071067811865475 0
282 129 341 0.5 0
282 129 342 0.5 0
282 129 343 0.7071067811865475 0
15 130 42 -1. 0
59 130 85 -1. 0
103 130 130 1. 0
147 130 173 1. 0
199 130 257 0.5 0
199 130 258 0.5 0
199 130 259 -0.7071067811865475 0
283 130 341 0.5 0
283 130 342 0.5 0
283 130 343 -0.7071067811865475 0
16 131 43 1. 0
60 131 87 -1. 0
104 131 131 1. 0
148 131 175 1. 0
200 131 255 -0.5000000000000001 -0.8660254037844386
201 131 256 0.5000000000000001 0.8660254037844386
202 131 257 -0.7071067811865475 0
202 131 258 0.7071067811865475 0
284 131 339 -0.5000000000000001 -0.8660254037844386
285 131 340 -0.4999999999999998 -0.8660254037844387
286 131 341 -0.7071067811865475 0
286 131 342 0.7071067811865475 0
21 132 0 1. 0
65 132 44 1. 0
109 132 88 1. 0
153 132 132 1. 0
209 132 176 1. 0
293 132 260 1. 0
20 133 1 1. 0
64 133 45 1. 0
108 133 89 1. 0
152 133 133 1. 0
208 133 177 1. 0
292 133 261 1. 0
18 134 2 1. 0
62 134 46 1. 0
106 134 90 1. 0
150 134 134 1. 0
206 134 178 1. 0
290 134 262 -1. 0
19 135 3 1. 0
63 135 47 1. 0
107 135 91 1. 0
151 135 135 1. 0
207 135 179 1. 0
291 135 263 -1. 0
23 136 4 1. 0
67 136 48 1. 0
111 136 92 1. 0
155 136 136 1. 0
213 136 180 1. 0
214 136 181 -1. 0
215 136 182 -1. 0
297 136 264 1. 0
298 136 265 1. 0
299 136 266 -1. 0
22 137 5 1. 0
66 137 49 1. 0
110 137 93 1. 0
154 137 137 1. 0
210 137 183 1. 0
211 137 184 1. 0
212 137 185 1. 0
294 137 267 -1. 0
295 137 268 1. 0
296 137 269 -1. 0
20 138 6 1. 0
64 138 50 1. 0
108 138 94 1. 0
152 138 138 1. 0
208 138 186 1. 0
292 138 270 1. 0
21 139 7 1. 0
65 139 51 1. 0
109 139 95 1. 0
153 139 139 1. 0
209 139 187 1. 0
293 139 271 1. 0
19 140 8 1. 0
63 140 52 1. 0
107 140 96 1. 0
151 140 140 1. 0
207 140 188 -1. 0
291 140 272 1. 0
18 141 9 1. 0
62 141 53 1. 0
106 141 97 1. 0
150 141 141 1. 0
206 141 189 -1. 0
290 141 273 1. 0
23 142 10 1. 0
67 142 54 1. 0
111 142 98 1. 0
155 142 142 1. 0
213 142 190 1. 0
214 142 191 -1. 0
215 142 192 1. 0
297 142 274 1. 0
298 142 275 1. 0
299 142 276 1. 0
22 143 11 1. 0
66 143 55 1. 0
110 143 99 1. 0
154 143 143 1. 0
210 143 193 -1. 0
211 143 194 -1. 0
212 143 195 1. 0
294 143 277 1. 0
295 143 278 -1. 0
296 143 279 -1. 0
19 144 12 1. 0
63 144 56 1. 0
107 144 100 1. 0
151 144 144 1. 0
207 144 196 -1. 0
291 144 280 -1. 0
18 145 13 1. 0
62 145 57 1. 0
106 145 101 1. 0
150 145 145 1. 0
206 145 197 -1. 0
290 145 281 -1. 0
21 146 14 1. 0
65 146 58 1. 0
109 146 102 1. 0
153 146 146 1. 0
209 146 198 1. 0
293 146 282 1. 0
20 147 15 1. 0
64 147 59 1. 0
108 147 103 1. 0
152 147 147 1. 0
208 147 199 1. 0
292 147 283 1. 0
22 148 16 1. 0
66 148 60 1. 0
110 148 104 1. 0
154 148 148 1. 0
210 148 200 -1. 0
211 148 201 -1. 0
212 148 202 1. 0
294 148 284 -1. 0
295 148 285 -1. 0
296 148 286 1. 0
23 149 17 1. 0
67 149 61 1. 0
111 149 105 1. 0
155 149 149 1. 0
213 149 203 1. 0
214 149 204 1. 0
215 149 205 -1. 0
297 149 287 1. 0
298 149 288 1. 0
299 149 289 -1. 0
18 150 18 1. 0
62 150 62 1. 0
106 150 106 1. 0
150 150 150 1. 0
206 150 206 1. 0
290 150 290 1. 0
19 151 19 1. 0
63 151 63 1. 0
107 151 107 1. 0
151 151 151 1. 0
207 151 207 1. 0
291 151 291 1. 0
20 152 20 1. 0
64 152 64 1. 0
108 152 108 1. 0
152 152 152 1. 0
208 152 208 1. 0
292 152 292 1. 0
21 153 21 1. 0
65 153 65 1. 0
109 153 109 1. 0
153 153 153 1. 0
209 153 209 1. 0
293 153 293 1. 0
22 154 22 1. 0
66 154 66 1. 0
110 154 110 1. 0
154 154 154 1. 0
210 154 210 1. 0
211 154 211 1. 0
212 154 212 1. 0
294 154 294 1. 0
295 154 295 1. 0
296 154 296 1. 0
23 155 23 1. 0
67 155 67 1. 0
111 155 111 1. 0
155 155 155 1. 0
213 155 213 1. 0
214 155 214 1. 0
215 155 215 1. 0
297 155 297 1. 0
298 155 298 1. 0
299 155 299 1. 0
23 156 24 1. 0
67 156 68 1. 0
111 156 112 1. 0
155 156 156 1. 0
213 156 216 1. 0
214 156 217 -1. 0
215 156 218 -0.5000000000000001 0.8660254037844386
297 156 300 1. 0
298 156 301 1. 0
299 156 302 -0.5000000000000001 0.8660254037844386
23 157 25 1. 0
67 157 69 1. 0
111 157 113 1. 0
155 157 157 1. 0
213 157 219 1. 0
214 157 220 -1. 0
215 157 221 0.5000000000000001 -0.8660254037844386
297 157 303 1. 0
298 157 304 1. 0
299 157 305 0.5000000000000001 -0.8660254037844386
22 158 26 -1. 0
66 158 70 1. 0
110 158 114 -1. 0
154 158 158 1. 0
210 158 222 1. 0
211 158 223 -1. 0
212 158 224 0.5000000000000001 -0.8660254037844386
294 158 306 1. 0
295 158 307 -1. 0
296 158 308 0.5000000000000001 -0.8660254037844386
22 159 27 -1. 0
66 159 71 1. 0
110 159 115 -1. 0
154 159 159 1. 0
210 159 225 -1. 0
211 159 226 1. 0
212 159 227 -0.5000000000000001 0.8660254037844386
294 159 309 -1. 0
295 159 310 1. 0
296 159 311 -0.5000000000000001 0.8660254037844386
20 160 29 1. 0
64 160 72 1. 0
108 160 117 1. 0
152 160 160 1. 0
208 160 230 0.5 0
208 160 231 0.5 0
208 160 232 -0.7071067811865475 0
292 160 314 0.5 0
292 160 315 0.5 0
292 160 316 -0.7071067811865475 0
21 161 28 1. 0
65 161 73 1. 0
109 161 116 1. 0
153 161 161 1. 0
209 161 230 0.5 0
209 161 231 0.5 0
209 161 232 0.7071067811865475 0
293 161 314 0.5 0
293 161 315 0.5 0
293 161 316 0.7071067811865475 0
22 162 30 1. 0
66 162 74 1. 0
110 162 118 1. 0
154 162 162 1. 0
210 162 228 0.4999999999999998 0.8660254037844387
211 162 229 -0.4999999999999998 -0.8660254037844387
212 162 230 0.7071067811865475 0
212 162 231 -0.7071067811865475 0
294 162 312 0.4999999999999998 0.8660254037844387
295 162 313 -0.4999999999999998 -0.8660254037844387
296 162 314 -0.7071067811865475 0
296 162 315 0.7071067811865475 0
18 163 31 -1. 0
62 163 76 1. 0
106 163 120 1. 0
150 163 163 1. 0
206 163 235 0.5 0
206 163 236 -0.5 0
206 163 237 0.7071067811865475 0
290 163 319 -0.5 0
290 163 320 0.5 0
290 163 321 0.7071067811865475 0
19 164 32 1. 0
63 164 75 -1. 0
107 164 119 1. 0
151 164 164 1. 0
207 164 235 -0.5 0
207 164 236 0.5 0
207 164 237 0.7071067811865475 0
291 164 319 0.5 0
291 164 320 -0.5 0
291 164 321 0.7071067811865475 0
23 165 33 -1. 0
67 165 77 1. 0
111 165 121 -1. 0
155 165 165 1. 0
213 165 233 -0.5000000000000001 -0.8660254037844386
214 165 234 0.5000000000000001 0.8660254037844386
215 165 235 0.7071067811865475 0
215 165 236 0.7071067811865475 0
297 165 317 0.5000000000000001 0.8660254037844386
298 165 318 -0.5000000000000001 -0.8660254037844386
299 165 319 0.7071067811865475 0
299 165 320 0.7071067811865475 0
22 166 34 1. 0
66 166 78 1. 0
110 166 122 -1. 0
154 166 166 1. 0
210 166 238 -1. 0
211 166 239 1. 0
212 166 240 -0.4999999999999998 0.8660254037844387
294 166 322 -1. 0
295 166 323 1. 0
296 166 324 0.4999999999999998 -0.8660254037844387
22 167 35 1. 0
66 167 79 1. 0
110 167 123 -1. 0
154 167 167 1. 0
210 167 241 1. 0
211 167 242 -1. 0
212 167 243 0.4999999999999998 -0.8660254037844387
294 167 325 1. 0
295 167 326 -1. 0
296 167 327 -0.4999999999999998 0.8660254037844387
23 168 36 1. 0
67 168 80 -1. 0
111 168 124 1. 0
155 168 168 1. 0
213 168 244 1. 0
214 168 245 -1. 0
215 168 246 -0.4999999999999998 0.8660254037844387
297 168 328 1. 0
298 168 329 1. 0
299 168 330 -0.4999999999999998 0.8660254037844387
23 169 37 1. 0
67 169 81 -1. 0
111 169 125 1. 0
155 169 169 1. 0
213 169 247 1. 0
214 169 248 -1. 0
215 169 249 0.4999999999999998 -0.8660254037844387
297 169 331 1. 0
298 169 332 1. 0
299 169 333 0.4999999999999998 -0.8660254037844387
18 170 38 1. 0
62 170 83 1. 0
106 170 127 -1. 0
150 170 170 1. 0
206 170 252 -0.5 0
206 170 253 0.5 0
206 170 254 -0.7071067811865475 0
290 170 336 -0.5 0
290 170 337 0.5 0
290 170 338 0.7071067811865475 0
19 171 39 1. 0
63 171 82 1. 0
107 171 126 -1. 0
151 171 171 1. 0
207 171 252 -0.5 0
207 171 253 0.5 0
207 171 254 0.7071067811865475 0
291 171 336 -0.5 0
291 171 337 0.5 0
291 171 338 -0.7071067811865475 0
23 172 40 1. 0
67 172 84 1. 0
111 172 128 -1. 0
155 172 172 1. 0
213 172 250 0.5000000000000001 0.8660254037844386
214 172 251 0.4999999999999998 0.8660254037844387
215 172 252 -0.7071067811865475 0
215 172 253 -0.7071067811865475 0
297 172 334 0.4999999999999998 0.8660254037844387
298 172 335 -0.4999999999999998 -0.8660254037844387
299 172 336 -0.7071067811865475 0
299 172 337 -0.7071067811865475 0
20 173 42 -1. 0
64 173 85 -1. 0
108 173 130 1. 0
152 173 173 1. 0
208 173 257 0.5 0
208 173 258 0.5 0
208 173 259 -0.7071067811865475 0
292 173 341 0.5 0
292 173 342 0.5 0
292 173 343 -0.7071067811865475 0
21 174 41 1. 0
65 174 86 1. 0
109 174 129 1. 0
153 174 174 1. 0
209 174 257 0.5 0
209 174 258 0.5 0
209 174 259 0.7071067811865475 0
293 174 341 0.5 0
293 174 342 0.5 0
293 174 343 0.7071067811865475 0
22 175 43 1. 0
66 175 87 -1. 0
110 175 131 1. 0
154 175 175 1. 0
210 175 255 0.4999999999999998 0.8660254037844387
211 175 256 -0.4999999999999998 -0.8660254037844387
212 175 257 -0.7071067811865475 0
212 175 258 0.7071067811865475 0
294 175 339 0.4999999999999998 0.8660254037844387
295 175 340 0.5000000000000001 0.8660254037844386
296 175 341 -0.7071067811865475 0
296 175 342 0.7071067811865475 0
28 176 0 2. 0
73 176 44 2. 0
116 176 88 2. 0
161 176 132 2. 0
230 176 176 1. 0
231 176 176 1. 0
232 176 176 1.4142135623730951 0
314 176 260 1. 0
315 176 260 1. 0
316 176 260 1.4142135623730951 0
29 177 1 2. 0
72 177 45 2. 0
117 177 89 2. 0
160 177 133 2. 0
230 177 177 1. 0
231 177 177 1. 0
232 177 177 -1.4142135623730951 0
314 177 261 1. 0
315 177 261 1. 0
316 177 261 -1.4142135623730951 0
31 178 2 -2. 0
76 178 46 2. 0
120 178 90 2. 0
163 178 134 2. 0
235 178 178 1. 0
236 178 178 -1. 0
237 178 178 1.4142135623730951 0
319 178 262 1. 0
320 178 262 -1. 0
321 178 262 -1.4142135623730951 0
32 179 3 -2. 0
75 179 47 2. 0
119 179 91 -2. 0
164 179 135 -2. 0
235 179 179 1. 0
236 179 179 -1. 0
237 179 179 -1.4142135623730951 0
319 179 263 1. 0
320 179 263 -1. 0
321 179 263 1.4142135623730951 0
24 180 4 1. 0
68 180 48 1. 0
112 180 92 1. 0
156 180 136 1. 0
216 180 180 1. 0
217 180 181 1. 0
218 180 182 0.4999999999999998 0.8660254037844387
300 180 264 1. 0
301 180 265 1. 0
302 180 266 0.5000000000000001 0.8660254037844386
25 181 4 1. 0
69 181 48 1. 0
113 181 92 1. 0
157 181 136 1. 0
219 181 180 1. 0
220 181 181 1. 0
221 181 182 -0.5000000000000001 -0.8660254037844386
303 181 264 1. 0
304 181 265 1. 0
305 181 266 -0.4999999999999998 -0.8660254037844387
33 182 4 1.4142135623730951 0
77 182 48 -1.4142135623730951 0
121 182 92 1.4142135623730951 0
165 182 136 -1.4142135623730951 0
233 182 180 0.7071067811865477 -1.2247448713915892
234 182 181 0.7071067811865472 -1.2247448713915892
235 182 182 1. 0
236 182 182 1. 0
317 182 264 -0.7071067811865472 1.2247448713915892
318 182 265 0.7071067811865472 -1.2247448713915892
319 182 266 1. 0
320 182 266 1. 0
26 183 5 -1. 0
70 183 49 1. 0
114 183 93 -1. 0
158 183 137 1. 0
222 183 183 1. 0
223 183 184 -1. 0
224 183 185 0.5000000000000001 0.8660254037844386
306 183 267 -1. 0
307 183 268 -1. 0
308 183 269 -0.5000000000000001 -0.8660254037844386
27 184 5 -1. 0
71 184 49 1. 0
115 184 93 -1. 0
159 184 137 1. 0
225 184 183 -1. 0
226 184 184 1. 0
227 184 185 -0.4999999999999998 -0.8660254037844387
309 184 267 1. 0
310 184 268 1. 0
311 184 269 0.4999999999999998 0.8660254037844387
30 185 5 1.4142135623730951 0
74 185 49 1.4142135623730951 0
118 185 93 1.4142135623730951 0
162 185 137 1.4142135623730951 0
228 185 183 0.7071067811865472 -1.2247448713915892
229 185 184 -0.7071067811865472 1.2247448713915892
230 185 185 1. 0
231 185 185 -1. 0
312 185 267 -0.7071067811865472 1.2247448713915892
313 185 268 -0.7071067811865477 1.2247448713915892
314 185 269 1. 0
315 185 269 -1. 0
29 186 6 2. 0
72 186 50 2. 0
117 186 94 2. 0
160 186 138 2. 0
230 186 186 1. 0
231 186 186 1. 0
232 186 186 -1.4142135623730951 0
314 186 270 1. 0
315 186 270 1. 0
316 186 270 -1.4142135623730951 0
28 187 7 2. 0
73 187 51 2. 0
116 187 95 2. 0
161 187 139 2. 0
230 187 187 1. 0
231 187 187 1. 0
232 187 187 1.4142135623730951 0
314 187 271 1. 0
315 187 271 1. 0
316 187 271 1.4142135623730951 0
32 188 8 2. 0
75 188 52 -2. 0
119 188 96 2. 0
164 188 140 2. 0
235 188 188 1. 0
236 188 188 -1. 0
237 188 188 -1.4142135623730951 0
319 188 272 1. 0
320 188 272 -1. 0
321 188 272 1.4142135623730951 0
31 189 9 2. 0
76 189 53 -2. 0
120 189 97 -2. 0
163 189 141 -2. 0
235 189 189 1. 0
236 189 189 -1. 0
237 189 189 1.4142135623730951 0
319 189 273 1. 0
320 189 273 -1. 0
321 189 273 -1.4142135623730951 0
24 190 10 1. 0
68 190 54 1. 0
112 190 98 1. 0
156 190 142 1. 0
216 190 190 1. 0
217 190 191 1. 0
218 190 192 -0.4999999999999998 -0.8660254037844387
300 190 274 1. 0
301 190 275 1. 0
302 190 276 -0.5000000000000001 -0.8660254037844386
25 191 10 1. 0
69 191 54 1. 0
113 191 98 1. 0
157 191 142 1. 0
219 191 190 1. 0
220 191 191 1. 0
221 191 192 0.5000000000000001 0.8660254037844386
303 191 274 1. 0
304 191 275 1. 0
305 191 276 0.4999999999999998 0.8660254037844387
33 192 10 -1.4142135623730951 0
77 192 54 1.4142135623730951 0
121 192 98 -1.4142135623730951 0
165 192 142 1.4142135623730951 0
233 192 190 -0.7071067811865477 1.2247448713915892
234 192 191 -0.7071067811865472 1.2247448713915892
235 192 192 1. 0
236 192 192 1. 0
317 192 274 0.7071067811865472 -1.2247448713915892
318 192 275 -0.7071067811865472 1.2247448713915892
319 192 276 1. 0
320 192 276 1. 0
26 193 11 1. 0
70 193 55 -1. 0
114 193 99 1. 0
158 193 143 -1. 0
222 193 193 1. 0
223 193 194 -1. 0
224 193 195 -0.5000000000000001 -0.8660254037844386
306 193 277 -1. 0
307 193 278 -1. 0
308 193 279 0.5000000000000001 0.8660254037844386
27 194 11 1. 0
71 194 55 -1. 0
115 194 99 1. 0
159 194 143 -1. 0
225 194 193 -1. 0
226 194 194 1. 0
227 194 195 0.4999999999999998 0.8660254037844387
309 194 277 1. 0
310 194 278 1. 0
311 194 279 -0.4999999999999998 -0.8660254037844387
30 195 11 1.4142135623730951 0
74 195 55 1.4142135623730951 0
118 195 99 1.4142135623730951 0
162 195 143 1.4142135623730951 0
228 195 193 -0.7071067811865472 1.2247448713915892
229 195 194 0.7071067811865472 -1.2247448713915892
230 195 195 1. 0
231 195 195 -1. 0
312 195 277 0.7071067811865472 -1.2247448713915892
313 195 278 0.7071067811865477 -1.2247448713915892
314 195 279 1. 0
315 195 279 -1. 0
32 196 12 2. 0
75 196 56 -2. 0
119 196 100 2. 0
164 196 144 2. 0
235 196 196 1. 0
236 196 196 -1. 0
237 196 196 -1.4142135623730951 0
319 196 280 -1. 0
320 196 280 1. 0
321 196 280 -1.4142135623730951 0
31 197 13 2. 0
76 197 57 -2. 0
120 197 101 -2. 0
163 197 145 -2. 0
235 197 197 1. 0
236 197 197 -1. 0
237 197 197 1.4142135623730951 0
319 197 281 -1. 0
320 197 281 1. 0
321 197 281 1.4142135623730951 0
28 198 14 2. 0
73 198 58 2. 0
116 198 102 2. 0
161 198 146 2. 0
230 198 198 1. 0
231 198 198 1. 0
232 198 198 1.4142135623730951 0
314 198 282 1. 0
315 198 282 1. 0
316 198 282 1.4142135623730951 0
29 199 15 2. 0
72 199 59 2. 0
117 199 103 2. 0
160 199 147 2. 0
230 199 199 1. 0
231 199 199 1. 0
232 199 199 -1.4142135623730951 0
314 199 283 1. 0
315 199 283 1. 0
316 199 283 -1.4142135623730951 0
26 200 16 1. 0
70 200 60 -1. 0
114 200 104 1. 0
158 200 148 -1. 0
222 200 200 1. 0
223 200 201 -1. 0
224 200 202 -0.4999999999999998 -0.8660254037844387
306 200 284 1. 0
307 200 285 -1. 0
308 200 286 -0.4999999999999998 -0.8660254037844387
27 201 16 1. 0
71 201 60 -1. 0
115 201 104 1. 0
159 201 148 -1. 0
225 201 200 -1. 0
226 201 201 1. 0
227 201 202 0.5000000000000001 0.8660254037844386
309 201 284 -1. 0
310 201 285 1. 0
311 201 286 0.5000000000000001 0.8660254037844386
30 202 16 1.4142135623730951 0
74 202 60 1.4142135623730951 0
118 202 104 1.4142135623730951 0
162 202 148 1.4142135623730951 0
228 202 200 -0.7071067811865477 1.2247448713915892
229 202 201 0.7071067811865477 -1.2247448713915892
230 202 202 1. 0
231 202 202 -1. 0
312 202 284 -0.7071067811865477 1.2247448713915892
313 202 285 0.7071067811865477 -1.2247448713915892
314 202 286 -1. 0
315 202 286 1. 0
24 203 17 1. 0
68 203 61 1. 0
112 203 105 1. 0
156 203 149 1. 0
216 203 203 1. 0
217 203 204 -1. 0
218 203 205 0.5000000000000001 0.8660254037844386
300 203 287 1. 0
301 203 288 1. 0
302 203 289 0.5000000000000001 0.8660254037844386
25 204 17 -1. 0
69 204 61 -1. 0
113 204 105 -1. 0
157 204 149 -1. 0
219 204 203 -1. 0
220 204 204 1. 0
221 204 205 0.5000000000000001 0.8660254037844386
303 204 287 -1. 0
304 204 288 -1. 0
305 204 289 0.5000000000000001 0.8660254037844386
33 205 17 1.4142135623730951 0
77 205 61 -1.4142135623730951 0
121 205 105 1.4142135623730951 0
165 205 149 -1.4142135623730951 0
233 205 203 0.7071067811865472 -1.2247448713915892
234 205 204 -0.7071067811865472 1.2247448713915892
235 205 205 1. 0
236 205 205 1. 0
317 205 287 -0.7071067811865472 1.2247448713915892
318 205 288 0.7071067811865472 -1.2247448713915892
319 205 289 1. 0
320 205 289 1. 0
31 206 18 -2. 0
76 206 62 2. 0
120 206 106 2. 0
163 206 150 2. 0
235 206 206 1. 0
236 206 206 -1. 0
237 206 206 1.4142135623730951 0
319 206 290 -1. 0
320 206 290 1. 0
321 206 290 1.4142135623730951 0
32 207 19 -2. 0
75 207 63 2. 0
119 207 107 -2. 0
164 207 151 -2. 0
235 207 207 1. 0
236 207 207 -1. 0
237 207 207 -1.4142135623730951 0
319 207 291 -1. 0
320 207 291 1. 0
321 207 291 -1.4142135623730951 0
29 208 20 2. 0
72 208 64 2. 0
117 208 108 2. 0
160 208 152 2. 0
230 208 208 1. 0
231 208 208 1. 0
232 208 208 -1.4142135623730951 0
314 208 292 1. 0
315 208 292 1. 0
316 208 292 -1.4142135623730951 0
28 209 21 2. 0
73 209 65 2. 0
116 209 109 2. 0
161 209 153 2. 0
230 209 209 1. 0
231 209 209 1. 0
232 209 209 1.4142135623730951 0
314 209 293 1. 0
315 209 293 1. 0
316 209 293 1.4142135623730951 0
26 210 22 -1. 0
70 210 66 1. 0
114 210 110 -1. 0
158 210 154 1. 0
222 210 210 1. 0
223 210 211 -1. 0
224 210 212 0.4999999999999998 0.8660254037844387
306 210 294 1. 0
307 210 295 -1. 0
308 210 296 0.4999999999999998 0.8660254037844387
27 211 22 -1. 0
71 211 66 1. 0
115 211 110 -1. 0
159 211 154 1. 0
225 211 210 -1. 0
226 211 211 1. 0
227 211 212 -0.5000000000000001 -0.8660254037844386
309 211 294 -1. 0
310 211 295 1. 0
311 211 296 -0.5000000000000001 -0.8660254037844386
30 212 22 1.4142135623730951 0
74 212 66 1.4142135623730951 0
118 212 110 1.4142135623730951 0
162 212 154 1.4142135623730951 0
228 212 210 0.7071067811865477 -1.2247448713915892
229 212 211 -0.7071067811865477 1.2247448713915892
230 212 212 1. 0
231 212 212 -1. 0
312 212 294 0.7071067811865477 -1.2247448713915892
313 212 295 -0.7071067811865477 1.2247448713915892
314 212 296 -1. 0
315 212 296 1. 0
24 213 23 1. 0
68 213 67 1. 0
112 213 111 1. 0
156 213 155 1. 0
216 213 213 1. 0
217 213 214 -1. 0
218 213 215 -0.5000000000000001 -0.8660254037844386
300 213 297 1. 0
301 213 298 1. 0
302 213 299 -0.5000000000000001 -0.8660254037844386
25 214 23 -1. 0
69 214 67 -1. 0
113 214 111 -1. 0
157 214 155 -1. 0
219 214 213 -1. 0
220 214 214 1. 0
221 214 215 -0.5000000000000001 -0.8660254037844386
303 214 297 -1. 0
304 214 298 -1. 0
305 214 299 -0.5000000000000001 -0.8660254037844386
33 215 23 -1.4142135623730951 0
77 215 67 1.4142135623730951 0
121 215 111 -1.4142135623730951 0
165 215 155 1.4142135623730951 0
233 215 213 -0.7071067811865472 1.2247448713915892
234 215 214 0.7071067811865472 -1.2247448713915892
235 215 215 1. 0
236 215 215 1. 0
317 215 297 0.7071067811865472 -1.2247448713915892
318 215 298 -0.7071067811865472 1.2247448713915892
319 215 299 1. 0
320 215 299 1. 0
24 216 24 1. 0
68 216 68 1. 0
112 216 112 1. 0
156 216 156 1. 0
216 216 216 1. 0
217 216 217 1. 0
218 216 218 1. 0
300 216 300 1. 0
301 216 301 1. 0
302 216 302 1. 0
25 217 24 1. 0
69 217 68 1. 0
113 217 112 1. 0
157 217 156 1. 0
219 217 216 1. 0
220 217 217 1. 0
221 217 218 -1. 0
303 217 300 1. 0
304 217 301 1. 0
305 217 302 -1. 0
33 218 24 0.7071067811865477 1.2247448713915892
77 218 68 -0.7071067811865477 -1.2247448713915892
121 218 112 0.7071067811865477 1.2247448713915892
165 218 156 -0.7071067811865477 -1.2247448713915892
233 218 216 1.4142135623730951 0
234 218 217 1.4142135623730951 0
235 218 218 1. 0
236 218 218 1. 0
317 218 300 -1.4142135623730951 0
318 218 301 1.4142135623730951 0
319 218 302 1. 0
320 218 302 1. 0
24 219 25 1. 0
68 219 69 1. 0
112 219 113 1. 0
156 219 157 1. 0
216 219 219 1. 0
217 219 220 1. 0
218 219 221 -1. 0
300 219 303 1. 0
301 219 304 1. 0
302 219 305 -1. 0
25 220 25 1. 0
69 220 69 1. 0
113 220 113 1. 0
157 220 157 1. 0
219 220 219 1. 0
220 220 220 1. 0
221 220 221 1. 0
303 220 303 1. 0
304 220 304 1. 0
305 220 305 1. 0
33 221 25 -0.7071067811865477 -1.2247448713915892
77 221 69 0.7071067811865477 1.2247448713915892
121 221 113 -0.7071067811865477 -1.2247448713915892
165 221 157 0.7071067811865477 1.2247448713915892
233 221 219 -1.4142135623730951 0
234 221 220 -1.4142135623730951 0
235 221 221 1. 0
236 221 221 1. 0
317 221 303 1.4142135623730951 0
318 221 304 -1.4142135623730951 0
319 221 305 1. 0
320 221 305 1. 0
26 222 26 1. 0
70 222 70 1. 0
114 222 114 1. 0
158 222 158 1. 0
222 222 222 1. 0
223 222 223 1. 0
224 222 224 1. 0
306 222 306 1. 0
307 222 307 1. 0
308 222 308 1. 0
27 223 26 -1. 0
71 223 70 -1. 0
115 223 114 -1. 0
159 223 158 -1. 0
225 223 222 1. 0
226 223 223 1. 0
227 223 224 1. 0
309 223 306 1. 0
310 223 307 1. 0
311 223 308 1. 0
30 224 26 -0.7071067811865477 -1.2247448713915892
74 224 70 0.7071067811865477 1.2247448713915892
118 224 114 -0.7071067811865477 -1.2247448713915892
162 224 158 0.7071067811865477 1.2247448713915892
228 224 222 1.4142135623730951 0
229 224 223 1.4142135623730951 0
230 224 224 1. 0
231 224 224 -1. 0
312 224 306 1.4142135623730951 0
313 224 307 1.4142135623730951 0
314 224 308 -1. 0
315 224 308 1. 0
26 225 27 -1. 0
70 225 71 -1. 0
114 225 115 -1. 0
158 225 159 -1. 0
222 225 225 1. 0
223 225 226 1. 0
224 225 227 1. 0
306 225 309 1. 0
307 225 310 1. 0
308 225 311 1. 0
27 226 27 1. 0
71 226 71 1. 0
115 226 115 1. 0
159 226 159 1. 0
225 226 225 1. 0
226 226 226 1. 0
227 226 227 1. 0
309 226 309 1. 0
310 226 310 1. 0
311 226 311 1. 0
30 227 27 0.7071067811865477 1.2247448713915892
74 227 71 -0.7071067811865477 -1.2247448713915892
118 227 115 0.7071067811865477 1.2247448713915892
162 227 159 -0.7071067811865477 -1.2247448713915892
228 227 225 1.4142135623730951 0
229 227 226 1.4142135623730951 0
230 227 227 1. 0
231 227 227 -1. 0
312 227 309 1.4142135623730951 0
313 227 310 1.4142135623730951 0
314 227 311 -1. 0
315 227 311 1. 0
26 228 30 -0.5000000000000001 0.8660254037844386
70 228 74 0.5000000000000001 -0.8660254037844386
114 228 118 -0.5000000000000001 0.8660254037844386
158 228 162 0.5000000000000001 -0.8660254037844386
222 228 228 1. 0
223 228 229 1. 0
224 228 230 0.7071067811865475 0
224 228 231 -0.7071067811865475 0
306 228 312 1. 0
307 228 313 1. 0
308 228 314 -0.7071067811865475 0
308 228 315 0.7071067811865475 0
27 229 30 0.4999999999999998 -0.8660254037844387
71 229 74 -0.4999999999999998 0.8660254037844387
115 229 118 0.4999999999999998 -0.8660254037844387
159 229 162 -0.4999999999999998 0.8660254037844387
225 229 228 1. 0
226 229 229 1. 0
227 229 230 0.7071067811865475 0
227 229 231 -0.7071067811865475 0
309 229 312 1. 0
310 229 313 1. 0
311 229 314 -0.7071067811865475 0
311 229 315 0.7071067811865475 0
28 230 28 1. 0
28 231 28 1. 0
28 232 28 1.4142135623730951 0
29 230 29 1. 0
29 231 29 1. 0
29 232 29 -1.4142135623730951 0
30 230 30 1. 0
30 231 30 -1. 0
72 230 72 1. 0
72 231 72 1. 0
72 232 72 -1.4142135623730951 0
73 230 73 1. 0
73 231 73 1. 0
73 232 73 1.4142135623730951 0
74 230 74 1. 0
74 231 74 -1. 0
116 230 116 1. 0
116 231 116 1. 0
116 232 116 1.4142135623730951 0
117 230 117 1. 0
117 231 117 1. 0
117 232 117 -1.4142135623730951 0
118 230 118 1. 0
118 231 118 -1. 0
160 230 160 1. 0
160 231 160 1. 0
160 232 160 -1.4142135623730951 0
161 230 161 1. 0
161 231 161 1. 0
161 232 161 1.4142135623730951 0
162 230 162 1. 0
162 231 162 -1. 0
228 230 228 1. 0
228 231 228 -1. 0
229 230 229 1. 0
229 231 229 -1. 0
230 230 230 1. 0
230 231 231 1. 0
230 232 232 1. 0
231 230 231 1. 0
231 231 230 1. 0
231 232 232 1. 0
232 230 232 1. 0
232 231 232 1. 0
232 232 230 1. 0
232 232 231 1. 0
312 230 312 1. 0
312 231 312 -1. 0
313 230 313 1. 0
313 231 313 -1. 0
314 230 314 1. 0
314 231 315 1. 0
314 232 316 1. 0
315 230 315 1. 0
315 231 314 1. 0
315 232 316 1. 0
316 230 316 1. 0
316 231 316 1. 0
316 232 314 1. 0
316 232 315 1. 0
24 233 33 0.4999999999999998 -0.8660254037844387
68 233 77 -0.4999999999999998 0.8660254037844387
112 233 121 0.4999999999999998 -0.8660254037844387
156 233 165 -0.4999999999999998 0.8660254037844387
216 233 233 1. 0
217 233 234 1. 0
218 233 235 0.7071067811865475 0
218 233 236 0.7071067811865475 0
300 233 317 -1. 0
301 233 318 1. 0
302 233 319 0.7071067811865475 0
302 233 320 0.7071067811865475 0
25 234 33 0.4999999999999998 -0.8660254037844387
69 234 77 -0.4999999999999998 0.8660254037844387
113 234 121 0.4999999999999998 -0.8660254037844387
157 234 165 -0.4999999999999998 0.8660254037844387
219 234 233 1. 0
220 234 234 1. 0
221 234 235 -0.7071067811865475 0
221 234 236 -0.7071067811865475 0
303 234 317 -1. 0
304 234 318 1. 0
305 234 319 -0.7071067811865475 0
305 234 320 -0.7071067811865475 0
31 235 31 1. 0
31 236 31 -1. 0
31 237 31 1.4142135623730951 0
32 235 32 1. 0
32 236 32 -1. 0
32 237 32 -1.4142135623730951 0
33 235 33 1. 0
33 236 33 1. 0
75 235 75 1. 0
75 236 75 -1. 0
75 237 75 -1.4142135623730951 0
76 235 76 1. 0
76 236 76 -1. 0
76 237 76 1.4142135623730951 0
77 235 77 1. 0
77 236 77 1. 0
119 235 119 1. 0
119 236 119 -1. 0
119 237 119 -1.4142135623730951 0
120 235 120 1. 0
120 236 120 -1. 0
120 237 120 1.4142135623730951 0
121 235 121 1. 0
121 236 121 1. 0
163 235 163 1. 0
163 236 163 -1. 0
163 237 163 1.4142135623730951 0
164 235 164 1. 0
164 236 164 -1. 0
164 237 164 -1.4142135623730951 0
165 235 165 1. 0
165 236 165 1. 0
233 235 233 1. 0
233 236 233 1. 0
234 235 234 1. 0
234 236 234 1. 0
235 235 235 1. 0
235 236 236 1. 0
235 237 237 1. 0
236 235 236 1. 0
236 236 235 1. 0
236 237 237 -1. 0
237 235 237 1. 0
237 236 237 -1. 0
237 237 235 1. 0
237 237 236 -1. 0
317 235 317 1. 0
317 236 317 1. 0
318 235 318 1. 0
318 236 318 1. 0
319 235 319 1. 0
319 236 320 1. 0
319 237 321 -1. 0
320 235 320 1. 0
320 236 319 1. 0
320 237 321 1. 0
321 235 321 1. 0
321 236 321 -1. 0
321 237 319 -1. 0
321 237 320 1. 0
26 238 34 1. 0
70 238 78 -1. 0
114 238 122 -1. 0
158 238 166 -1. 0
222 238 238 1. 0
223 238 239 1. 0
224 238 240 1. 0
306 238 322 1. 0
307 238 323 1. 0
308 238 324 -1. 0
27 239 34 -1. 0
71 239 78 1. 0
115 239 122 1. 0
159 239 166 1. 0
225 239 238 1. 0
226 239 239 1. 0
227 239 240 1. 0
309 239 322 1. 0
310 239 323 1. 0
311 239 324 -1. 0
30 240 34 -0.7071067811865472 -1.2247448713915892
74 240 78 -0.7071067811865477 -1.2247448713915892
118 240 122 0.7071067811865472 1.2247448713915892
162 240 166 -0.7071067811865472 -1.2247448713915892
228 240 238 1.4142135623730951 0
229 240 239 1.4142135623730951 0
230 240 240 1. 0
231 240 240 -1. 0
312 240 322 1.4142135623730951 0
313 240 323 1.4142135623730951 0
314 240 324 1. 0
315 240 324 -1. 0
26 241 35 -1. 0
70 241 79 1. 0
114 241 123 1. 0
158 241 167 1. 0
222 241 241 1. 0
223 241 242 1. 0
224 241 243 1. 0
306 241 325 1. 0
307 241 326 1. 0
308 241 327 -1. 0
27 242 35 1. 0
71 242 79 -1. 0
115 242 123 -1. 0
159 242 167 -1. 0
225 242 241 1. 0
226 242 242 1. 0
227 242 243 1. 0
309 242 325 1. 0
310 242 326 1. 0
311 242 327 -1. 0
30 243 35 0.7071067811865472 1.2247448713915892
74 243 79 0.7071067811865477 1.2247448713915892
118 243 123 -0.7071067811865472 -1.2247448713915892
162 243 167 0.7071067811865472 1.2247448713915892
228 243 241 1.4142135623730951 0
229 243 242 1.4142135623730951 0
230 243 243 1. 0
231 243 243 -1. 0
312 243 325 1.4142135623730951 0
313 243 326 1.4142135623730951 0
314 243 327 1. 0
315 243 327 -1. 0
24 244 36 1. 0
68 244 80 -1. 0
112 244 124 1. 0
156 244 168 1. 0
216 244 244 1. 0
217 244 245 1. 0
218 244 246 1. 0
300 244 328 1. 0
301 244 329 1. 0
302 244 330 1. 0
25 245 36 1. 0
69 245 80 -1. 0
113 245 124 1. 0
157 245 168 1. 0
219 245 244 1. 0
220 245 245 1. 0
221 245 246 -1. 0
303 245 328 1. 0
304 245 329 1. 0
305 245 330 -1. 0
33 246 36 0.7071067811865472 1.2247448713915892
77 246 80 0.7071067811865477 1.2247448713915892
121 246 124 0.7071067811865472 1.2247448713915892
165 246 168 -0.7071067811865472 -1.2247448713915892
233 246 244 1.4142135623730951 0
234 246 245 1.4142135623730951 0
235 246 246 1. 0
236 246 246 1. 0
317 246 328 -1.4142135623730951 0
318 246 329 1.4142135623730951 0
319 246 330 1. 0
320 246 330 1. 0
24 247 37 1. 0
68 247 81 -1. 0
112 247 125 1. 0
156 247 169 1. 0
216 247 247 1. 0
217 247 248 1. 0
218 247 249 -1. 0
300 247 331 1. 0
301 247 332 1. 0
302 247 333 -1. 0
25 248 37 1. 0
69 248 81 -1. 0
113 248 125 1. 0
157 248 169 1. 0
219 248 247 1. 0
220 248 248 1. 0
221 248 249 1. 0
303 248 331 1. 0
304 248 332 1. 0
305 248 333 1. 0
33 249 37 -0.7071067811865472 -1.2247448713915892
77 249 81 -0.7071067811865477 -1.2247448713915892
121 249 125 -0.7071067811865472 -1.2247448713915892
165 249 169 0.7071067811865472 1.2247448713915892
233 249 247 -1.4142135623730951 0
234 249 248 -1.4142135623730951 0
235 249 249 1. 0
236 249 249 1. 0
317 249 331 1.4142135623730951 0
318 249 332 -1.4142135623730951 0
319 249 333 1. 0
320 249 333 1. 0
24 250 40 0.5000000000000001 -0.8660254037844386
68 250 84 0.4999999999999998 -0.8660254037844387
112 250 128 -0.4999999999999998 0.8660254037844387
156 250 172 0.4999999999999998 -0.8660254037844387
216 250 250 1. 0
217 250 251 -1. 0
218 250 252 0.7071067811865475 0
218 250 253 0.7071067811865475 0
300 250 334 1. 0
301 250 335 -1. 0
302 250 336 0.7071067811865475 0
302 250 337 0.7071067811865475 0
25 251 40 -0.4999999999999998 0.8660254037844387
69 251 84 -0.5000000000000001 0.8660254037844386
113 251 128 0.5000000000000001 -0.8660254037844386
157 251 172 -0.5000000000000001 0.8660254037844386
219 251 250 -1. 0
220 251 251 1. 0
221 251 252 0.7071067811865475 0
221 251 253 0.7071067811865475 0
303 251 334 -1. 0
304 251 335 1. 0
305 251 336 0.7071067811865475 0
305 251 337 0.7071067811865475 0
31 252 38 1. 0
31 253 38 -1. 0
31 254 38 1.4142135623730951 0
32 252 39 1. 0
32 253 39 -1. 0
32 254 39 -1.4142135623730951 0
33 252 40 1. 0
33 253 40 1. 0
75 252 82 -1. 0
75 253 82 1. 0
75 254 82 1.4142135623730951 0
76 252 83 -1. 0
76 253 83 1. 0
76 254 83 -1.4142135623730951 0
77 252 84 -1. 0
77 253 84 -1. 0
119 252 126 -1. 0
119 253 126 1. 0
119 254 126 1.4142135623730951 0
120 252 127 1. 0
120 253 127 -1. 0
120 254 127 1.4142135623730951 0
121 252 128 -1. 0
121 253 128 -1. 0
163 252 170 -1. 0
163 253 170 1. 0
163 254 170 -1.4142135623730951 0
164 252 171 1. 0
164 253 171 -1. 0
164 254 171 -1.4142135623730951 0
165 252 172 -1. 0
165 253 172 -1. 0
233 252 250 1. 0
233 253 250 1. 0
234 252 251 -1. 0
234 253 251 -1. 0
235 252 252 1. 0
235 253 253 1. 0
235 254 254 1. 0
236 252 253 1. 0
236 253 252 1. 0
236 254 254 -1. 0
237 252 254 1. 0
237 253 254 -1. 0
237 254 252 1. 0
237 254 253 -1. 0
317 252 334 -1. 0
317 253 334 -1. 0
318 252 335 -1. 0
318 253 335 -1. 0
319 252 337 1. 0
319 253 336 1. 0
319 254 338 1. 0
320 252 336 1. 0
320 253 337 1. 0
320 254 338 -1. 0
321 252 338 -1. 0
321 253 338 1. 0
321 254 336 1. 0
321 254 337 -1. 0
26 255 43 -0.5000000000000001 0.8660254037844386
70 255 87 -0.4999999999999998 0.8660254037844387
114 255 131 -0.5000000000000001 0.8660254037844386
158 255 175 0.5000000000000001 -0.8660254037844386
222 255 255 1. 0
223 255 256 1. 0
224 255 257 -0.7071067811865475 0
224 255 258 0.7071067811865475 0
306 255 339 1. 0
307 255 340 -1. 0
308 255 341 -0.7071067811865475 0
308 255 342 0.7071067811865475 0
27 256 43 0.4999999999999998 -0.8660254037844387
71 256 87 0.5000000000000001 -0.8660254037844386
115 256 131 0.4999999999999998 -0.8660254037844387
159 256 175 -0.4999999999999998 0.8660254037844387
225 256 255 1. 0
226 256 256 1. 0
227 256 257 -0.7071067811865475 0
227 256 258 0.7071067811865475 0
309 256 339 1. 0
310 256 340 -1. 0
311 256 341 -0.7071067811865475 0
311 256 342 0.7071067811865475 0
28 257 41 1. 0
28 258 41 1. 0
28 259 41 1.4142135623730951 0
29 257 42 -1. 0
29 258 42 -1. 0
29 259 42 1.4142135623730951 0
30 257 43 -1. 0
30 258 43 1. 0
72 257 85 -1. 0
72 258 85 -1. 0
72 259 85 1.4142135623730951 0
73 257 86 1. 0
73 258 86 1. 0
73 259 86 1.4142135623730951 0
74 257 87 1. 0
74 258 87 -1. 0
116 257 129 1. 0
116 258 129 1. 0
116 259 129 1.4142135623730951 0
117 257 130 1. 0
117 258 130 1. 0
117 259 130 -1.4142135623730951 0
118 257 131 -1. 0
118 258 131 1. 0
160 257 173 1. 0
160 258 173 1. 0
160 259 173 -1.4142135623730951 0
161 257 174 1. 0
161 258 174 1. 0
161 259 174 1.4142135623730951 0
162 257 175 -1. 0
162 258 175 1. 0
228 257 255 -1. 0
228 258 255 1. 0
229 257 256 -1. 0
229 258 256 1. 0
230 257 257 1. 0
230 258 258 1. 0
230 259 259 1. 0
231 257 258 1. 0
231 258 257 1. 0
231 259 259 1. 0
232 257 259 1. 0
232 258 259 1. 0
232 259 257 1. 0
232 259 258 1. 0
312 257 339 -1. 0
312 258 339 1. 0
313 257 340 1. 0
313 258 340 -1. 0
314 257 342 1. 0
314 258 341 1. 0
314 259 343 1. 0
315 257 341 1. 0
315 258 342 1. 0
315 259 343 1. 0
316 257 343 1. 0
316 258 343 1. 0
316 259 341 1. 0
316 259 342 1. 0
41 260 0 2. 0
86 260 44 2. 0
129 260 88 2. 0
174 260 132 2. 0
257 260 176 1. 0
258 260 176 1. 0
259 260 176 1.4142135623730951 0
341 260 260 1. 0
342 260 260 1. 0
343 260 260 1.4142135623730951 0
42 261 1 -2. 0
85 261 45 -2. 0
130 261 89 2. 0
173 261 133 2. 0
257 261 177 1. 0
258 261 177 1. 0
259 261 177 -1.4142135623730951 0
341 261 261 1. 0
342 261 261 1. 0
343 261 261 -1.4142135623730951 0
38 262 2 2. 0
83 262 46 2. 0
127 262 90 -2. 0
170 262 134 2. 0
252 262 178 -1. 0
253 262 178 1. 0
254 262 178 -1.4142135623730951 0
336 262 262 1. 0
337 262 262 -1. 0
338 262 262 -1.4142135623730951 0
39 263 3 2. 0
82 263 47 2. 0
126 263 91 -2. 0
171 263 135 2. 0
252 263 179 -1. 0
253 263 179 1. 0
254 263 179 1.4142135623730951 0
336 263 263 1. 0
337 263 263 -1. 0
338 263 263 1.4142135623730951 0
36 264 4 1. 0
80 264 48 -1. 0
124 264 92 1. 0
168 264 136 1. 0
244 264 180 1. 0
245 264 181 1. 0
246 264 182 0.4999999999999998 0.8660254037844387
328 264 264 1. 0
329 264 265 1. 0
330 264 266 0.4999999999999998 0.8660254037844387
37 265 4 1. 0
81 265 48 -1. 0
125 265 92 1. 0
169 265 136 1. 0
247 265 180 1. 0
248 265 181 1. 0
249 265 182 -0.5000000000000001 -0.8660254037844386
331 265 264 1. 0
332 265 265 1. 0
333 265 266 -0.5000000000000001 -0.8660254037844386
40 266 4 1.4142135623730951 0
84 266 48 1.4142135623730951 0
128 266 92 -1.4142135623730951 0
172 266 136 1.4142135623730951 0
250 266 180 0.7071067811865477 -1.2247448713915892
251 266 181 -0.7071067811865477 1.2247448713915892
252 266 182 1. 0
253 266 182 1. 0
334 266 264 0.7071067811865477 -1.2247448713915892
335 266 265 -0.7071067811865477 1.2247448713915892
336 266 266 1. 0
337 266 266 1. 0
34 267 5 1. 0
78 267 49 1. 0
122 267 93 -1. 0
166 267 137 1. 0
238 267 183 -1. 0
239 267 184 1. 0
240 267 185 -0.5000000000000001 -0.8660254037844386
322 267 267 1. 0
323 267 268 1. 0
324 267 269 -0.5000000000000001 -0.8660254037844386
35 268 5 -1. 0
79 268 49 -1. 0
123 268 93 1. 0
167 268 137 -1. 0
241 268 183 -1. 0
242 268 184 1. 0
243 268 185 -0.5000000000000001 -0.8660254037844386
325 268 267 1. 0
326 268 268 1. 0
327 268 269 -0.5000000000000001 -0.8660254037844386
43 269 5 1.4142135623730951 0
87 269 49 -1.4142135623730951 0
131 269 93 1.4142135623730951 0
175 269 137 1.4142135623730951 0
255 269 183 0.7071067811865472 -1.2247448713915892
256 269 184 -0.7071067811865472 1.2247448713915892
257 269 185 -1. 0
258 269 185 1. 0
339 269 267 -0.7071067811865472 1.2247448713915892
340 269 268 0.7071067811865472 -1.2247448713915892
341 269 269 1. 0
342 269 269 -1. 0
42 270 6 -2. 0
85 270 50 -2. 0
130 270 94 2. 0
173 270 138 2. 0
257 270 186 1. 0
258 270 186 1. 0
259 270 186 -1.4142135623730951 0
341 270 270 1. 0
342 270 270 1. 0
343 270 270 -1.4142135623730951 0
41 271 7 2. 0
86 271 51 2. 0
129 271 95 2. 0
174 271 139 2. 0
257 271 187 1. 0
258 271 187 1. 0
259 271 187 1.4142135623730951 0
341 271 271 1. 0
342 271 271 1. 0
343 271 271 1.4142135623730951 0
39 272 8 -2. 0
82 272 52 -2. 0
126 272 96 2. 0
171 272 140 -2. 0
252 272 188 -1. 0
253 272 188 1. 0
254 272 188 1.4142135623730951 0
336 272 272 1. 0
337 272 272 -1. 0
338 272 272 1.4142135623730951 0
38 273 9 -2. 0
83 273 53 -2. 0
127 273 97 2. 0
170 273 141 -2. 0
252 273 189 -1. 0
253 273 189 1. 0
254 273 189 -1.4142135623730951 0
336 273 273 1. 0
337 273 273 -1. 0
338 273 273 -1.4142135623730951 0
36 274 10 1. 0
80 274 54 -1. 0
124 274 98 1. 0
168 274 142 1. 0
244 274 190 1. 0
245 274 191 1. 0
246 274 192 -0.4999999999999998 -0.8660254037844387
328 274 274 1. 0
329 274 275 1. 0
330 274 276 -0.4999999999999998 -0.8660254037844387
37 275 10 1. 0
81 275 54 -1. 0
125 275 98 1. 0
169 275 142 1. 0
247 275 190 1. 0
248 275 191 1. 0
249 275 192 0.5000000000000001 0.8660254037844386
331 275 274 1. 0
332 275 275 1. 0
333 275 276 0.5000000000000001 0.8660254037844386
40 276 10 -1.4142135623730951 0
84 276 54 -1.4142135623730951 0
128 276 98 1.4142135623730951 0
172 276 142 -1.4142135623730951 0
250 276 190 -0.7071067811865477 1.2247448713915892
251 276 191 0.7071067811865477 -1.2247448713915892
252 276 192 1. 0
253 276 192 1. 0
334 276 274 -0.7071067811865477 1.2247448713915892
335 276 275 0.7071067811865477 -1.2247448713915892
336 276 276 1. 0
337 276 276 1. 0
34 277 11 -1. 0
78 277 55 -1. 0
122 277 99 1. 0
166 277 143 -1. 0
238 277 193 -1. 0
239 277 194 1. 0
240 277 195 0.5000000000000001 0.8660254037844386
322 277 277 1. 0
323 277 278 1. 0
324 277 279 0.5000000000000001 0.8660254037844386
35 278 11 1. 0
79 278 55 1. 0
123 278 99 -1. 0
167 278 143 1. 0
241 278 193 -1. 0
242 278 194 1. 0
243 278 195 0.5000000000000001 0.8660254037844386
325 278 277 1. 0
326 278 278 1. 0
327 278 279 0.5000000000000001 0.8660254037844386
43 279 11 1.4142135623730951 0
87 279 55 -1.4142135623730951 0
131 279 99 1.4142135623730951 0
175 279 143 1.4142135623730951 0
255 279 193 -0.7071067811865472 1.2247448713915892
256 279 194 0.7071067811865472 -1.2247448713915892
257 279 195 -1. 0
258 279 195 1. 0
339 279 277 0.7071067811865472 -1.2247448713915892
340 279 278 -0.7071067811865472 1.2247448713915892
341 279 279 1. 0
342 279 279 -1. 0
39 280 12 2. 0
82 280 56 2. 0
126 280 100 -2. 0
171 280 144 2. 0
252 280 196 1. 0
253 280 196 -1. 0
254 280 196 -1.4142135623730951 0
336 280 280 1. 0
337 280 280 -1. 0
338 280 280 1.4142135623730951 0
38 281 13 2. 0
83 281 57 2. 0
127 281 101 -2. 0
170 281 145 2. 0
252 281 197 1. 0
253 281 197 -1. 0
254 281 197 1.4142135623730951 0
336 281 281 1. 0
337 281 281 -1. 0
338 281 281 -1.4142135623730951 0
41 282 14 2. 0
86 282 58 2. 0
129 282 102 2. 0
174 282 146 2. 0
257 282 198 1. 0
258 282 198 1. 0
259 282 198 1.4142135623730951 0
341 282 282 1. 0
342 282 282 1. 0
343 282 282 1.4142135623730951 0
42 283 15 -2. 0
85 283 59 -2. 0
130 283 103 2. 0
173 283 147 2. 0
257 283 199 1. 0
258 283 199 1. 0
259 283 199 -1.4142135623730951 0
341 283 283 1. 0
342 283 283 1. 0
343 283 283 -1.4142135623730951 0
34 284 16 1. 0
78 284 60 1. 0
122 284 104 -1. 0
166 284 148 1. 0
238 284 200 1. 0
239 284 201 -1. 0
240 284 202 -0.5000000000000001 -0.8660254037844386
322 284 284 1. 0
323 284 285 -1. 0
324 284 286 0.4999999999999998 0.8660254037844387
35 285 16 1. 0
79 285 60 1. 0
123 285 104 -1. 0
167 285 148 1. 0
241 285 200 -1. 0
242 285 201 1. 0
243 285 202 0.4999999999999998 0.8660254037844387
325 285 284 -1. 0
326 285 285 1. 0
327 285 286 -0.5000000000000001 -0.8660254037844386
43 286 16 -1.4142135623730951 0
87 286 60 1.4142135623730951 0
131 286 104 -1.4142135623730951 0
175 286 148 -1.4142135623730951 0
255 286 200 0.7071067811865472 -1.2247448713915892
256 286 201 -0.7071067811865472 1.2247448713915892
257 286 202 1. 0
258 286 202 -1. 0
339 286 284 0.7071067811865477 -1.2247448713915892
340 286 285 0.7071067811865472 -1.2247448713915892
341 286 286 1. 0
342 286 286 -1. 0
36 287 17 1. 0
80 287 61 -1. 0
124 287 105 1. 0
168 287 149 1. 0
244 287 203 1. 0
245 287 204 -1. 0
246 287 205 0.5000000000000001 0.8660254037844386
328 287 287 1. 0
329 287 288 1. 0
330 287 289 0.5000000000000001 0.8660254037844386
37 288 17 1. 0
81 288 61 -1. 0
125 288 105 1. 0
169 288 149 1. 0
247 288 203 1. 0
248 288 204 -1. 0
249 288 205 -0.4999999999999998 -0.8660254037844387
331 288 287 1. 0
332 288 288 1. 0
333 288 289 -0.4999999999999998 -0.8660254037844387
40 289 17 1.4142135623730951 0
84 289 61 1.4142135623730951 0
128 289 105 -1.4142135623730951 0
172 289 149 1.4142135623730951 0
250 289 203 0.7071067811865472 -1.2247448713915892
251 289 204 0.7071067811865477 -1.2247448713915892
252 289 205 1. 0
253 289 205 1. 0
334 289 287 0.7071067811865472 -1.2247448713915892
335 289 288 -0.7071067811865472 1.2247448713915892
336 289 289 1. 0
337 289 289 1. 0
38 290 18 -2. 0
83 290 62 -2. 0
127 290 106 2. 0
170 290 150 -2. 0
252 290 206 1. 0
253 290 206 -1. 0
254 290 206 1.4142135623730951 0
336 290 290 1. 0
337 290 290 -1. 0
338 290 290 -1.4142135623730951 0
39 291 19 -2. 0
82 291 63 -2. 0
126 291 107 2. 0
171 291 151 -2. 0
252 291 207 1. 0
253 291 207 -1. 0
254 291 207 -1.4142135623730951 0
336 291 291 1. 0
337 291 291 -1. 0
338 291 291 1.4142135623730951 0
42 292 20 -2. 0
85 292 64 -2. 0
130 292 108 2. 0
173 292 152 2. 0
257 292 208 1. 0
258 292 208 1. 0
259 292 208 -1.4142135623730951 0
341 292 292 1. 0
342 292 292 1. 0
343 292 292 -1.4142135623730951 0
41 293 21 2. 0
86 293 65 2. 0
129 293 109 2. 0
174 293 153 2. 0
257 293 209 1. 0
258 293 209 1. 0
259 293 209 1.4142135623730951 0
341 293 293 1. 0
342 293 293 1. 0
343 293 293 1.4142135623730951 0
34 294 22 -1. 0
78 294 66 -1. 0
122 294 110 1. 0
166 294 154 -1. 0
238 294 210 1. 0
239 294 211 -1. 0
240 294 212 0.5000000000000001 0.8660254037844386
322 294 294 1. 0
323 294 295 -1. 0
324 294 296 -0.4999999999999998 -0.8660254037844387
35 295 22 -1. 0
79 295 66 -1. 0
123 295 110 1. 0
167 295 154 -1. 0
241 295 210 -1. 0
242 295 211 1. 0
243 295 212 -0.4999999999999998 -0.8660254037844387
325 295 294 -1. 0
326 295 295 1. 0
327 295 296 0.5000000000000001 0.8660254037844386
43 296 22 -1.4142135623730951 0
87 296 66 1.4142135623730951 0
131 296 110 -1.4142135623730951 0
175 296 154 -1.4142135623730951 0
255 296 210 -0.7071067811865472 1.2247448713915892
256 296 211 0.7071067811865472 -1.2247448713915892
257 296 212 1. 0
258 296 212 -1. 0
339 296 294 -0.7071067811865477 1.2247448713915892
340 296 295 -0.7071067811865472 1.2247448713915892
341 296 296 1. 0
342 296 296 -1. 0
36 297 23 1. 0
80 297 67 -1. 0
124 297 111 1. 0
168 297 155 1. 0
244 297 213 1. 0
245 297 214 -1. 0
246 297 215 -0.5000000000000001 -0.8660254037844386
328 297 297 1. 0
329 297 298 1. 0
330 297 299 -0.5000000000000001 -0.8660254037844386
37 298 23 1. 0
81 298 67 -1. 0
125 298 111 1. 0
169 298 155 1. 0
247 298 213 1. 0
248 298 214 -1. 0
249 298 215 0.4999999999999998 0.8660254037844387
331 298 297 1. 0
332 298 298 1. 0
333 298 299 0.4999999999999998 0.8660254037844387
40 299 23 -1.4142135623730951 0
84 299 67 -1.4142135623730951 0
128 299 111 1.4142135623730951 0
172 299 155 -1.4142135623730951 0
250 299 213 -0.7071067811865472 1.2247448713915892
251 299 214 -0.7071067811865477 1.2247448713915892
252 299 215 1. 0
253 299 215 1. 0
334 299 297 -0.7071067811865472 1.2247448713915892
335 299 298 0.7071067811865472 -1.2247448713915892
336 299 299 1. 0
337 299 299 1. 0
36 300 24 1. 0
80 300 68 -1. 0
124 300 112 1. 0
168 300 156 1. 0
244 300 216 1. 0
245 300 217 1. 0
246 300 218 1. 0
328 300 300 1. 0
329 300 301 1. 0
330 300 302 1. 0
37 301 24 1. 0
81 301 68 -1. 0
125 301 112 1. 0
169 301 156 1. 0
247 301 216 1. 0
248 301 217 1. 0
249 301 218 -1. 0
331 301 300 1. 0
332 301 301 1. 0
333 301 302 -1. 0
40 302 24 0.7071067811865477 1.2247448713915892
84 302 68 0.7071067811865472 1.2247448713915892
128 302 112 -0.7071067811865472 -1.2247448713915892
172 302 156 0.7071067811865472 1.2247448713915892
250 302 216 1.4142135623730951 0
251 302 217 -1.4142135623730951 0
252 302 218 1. 0
253 302 218 1. 0
334 302 300 1.4142135623730951 0
335 302 301 -1.4142135623730951 0
336 302 302 1. 0
337 302 302 1. 0
36 303 25 1. 0
80 303 69 -1. 0
124 303 113 1. 0
168 303 157 1. 0
244 303 219 1. 0
245 303 220 1. 0
246 303 221 -1. 0
328 303 303 1. 0
329 303 304 1. 0
330 303 305 -1. 0
37 304 25 1. 0
81 304 69 -1. 0
125 304 113 1. 0
169 304 157 1. 0
247 304 219 1. 0
248 304 220 1. 0
249 304 221 1. 0
331 304 303 1. 0
332 304 304 1. 0
333 304 305 1. 0
40 305 25 -0.7071067811865477 -1.2247448713915892
84 305 69 -0.7071067811865472 -1.2247448713915892
128 305 113 0.7071067811865472 1.2247448713915892
172 305 157 -0.7071067811865472 -1.2247448713915892
250 305 219 -1.4142135623730951 0
251 305 220 1.4142135623730951 0
252 305 221 1. 0
253 305 221 1. 0
334 305 303 -1.4142135623730951 0
335 305 304 1.4142135623730951 0
336 305 305 1. 0
337 305 305 1. 0
34 306 26 1. 0
78 306 70 -1. 0
122 306 114 -1. 0
166 306 158 -1. 0
238 306 222 1. 0
239 306 223 1. 0
240 306 224 1. 0
322 306 306 1. 0
323 306 307 1. 0
324 306 308 -1. 0
35 307 26 -1. 0
79 307 70 1. 0
123 307 114 1. 0
167 307 158 1. 0
241 307 222 1. 0
242 307 223 1. 0
243 307 224 1. 0
325 307 306 1. 0
326 307 307 1. 0
327 307 308 -1. 0
43 308 26 0.7071067811865477 1.2247448713915892
87 308 70 0.7071067811865472 1.2247448713915892
131 308 114 0.7071067811865472 1.2247448713915892
175 308 158 -0.7071067811865472 -1.2247448713915892
255 308 222 -1.4142135623730951 0
256 308 223 -1.4142135623730951 0
257 308 224 1. 0
258 308 224 -1. 0
339 308 306 -1.4142135623730951 0
340 308 307 1.4142135623730951 0
341 308 308 1. 0
342 308 308 -1. 0
34 309 27 -1. 0
78 309 71 1. 0
122 309 115 1. 0
166 309 159 1. 0
238 309 225 1. 0
239 309 226 1. 0
240 309 227 1. 0
322 309 309 1. 0
323 309 310 1. 0
324 309 311 -1. 0
35 310 27 1. 0
79 310 71 -1. 0
123 310 115 -1. 0
167 310 159 -1. 0
241 310 225 1. 0
242 310 226 1. 0
243 310 227 1. 0
325 310 309 1. 0
326 310 310 1. 0
327 310 311 -1. 0
43 311 27 -0.7071067811865477 -1.2247448713915892
87 311 71 -0.7071067811865472 -1.2247448713915892
131 311 115 -0.7071067811865472 -1.2247448713915892
175 311 159 0.7071067811865472 1.2247448713915892
255 311 225 -1.4142135623730951 0
256 311 226 -1.4142135623730951 0
257 311 227 1. 0
258 311 227 -1. 0
339 311 309 -1.4142135623730951 0
340 311 310 1.4142135623730951 0
341 311 311 1. 0
342 311 311 -1. 0
34 312 30 -0.5000000000000001 0.8660254037844386
78 312 74 -0.4999999999999998 0.8660254037844387
122 312 118 0.5000000000000001 -0.8660254037844386
166 312 162 -0.5000000000000001 0.8660254037844386
238 312 228 1. 0
239 312 229 1. 0
240 312 230 0.7071067811865475 0
240 312 231 -0.7071067811865475 0
322 312 312 1. 0
323 312 313 1. 0
324 312 314 0.7071067811865475 0
324 312 315 -0.7071067811865475 0
35 313 30 0.4999999999999998 -0.8660254037844387
79 313 74 0.5000000000000001 -0.8660254037844386
123 313 118 -0.4999999999999998 0.8660254037844387
167 313 162 0.4999999999999998 -0.8660254037844387
241 313 228 1. 0
242 313 229 1. 0
243 313 230 0.7071067811865475 0
243 313 231 -0.7071067811865475 0
325 313 312 1. 0
326 313 313 1. 0
327 313 314 0.7071067811865475 0
327 313 315 -0.7071067811865475 0
41 314 28 1. 0
41 315 28 1. 0
41 316 28 1.4142135623730951 0
42 314 29 -1. 0
42 315 29 -1. 0
42 316 29 1.4142135623730951 0
43 314 30 1. 0
43 315 30 -1. 0
85 314 72 -1. 0
85 315 72 -1. 0
85 316 72 1.4142135623730951 0
86 314 73 1. 0
86 315 73 1. 0
86 316 73 1.4142135623730951 0
87 314 74 -1. 0
87 315 74 1. 0
129 314 116 1. 0
129 315 116 1. 0
129 316 116 1.4142135623730951 0
130 314 117 1. 0
130 315 117 1. 0
130 316 117 -1.4142135623730951 0
131 314 118 1. 0
131 315 118 -1. 0
173 314 160 1. 0
173 315 160 1. 0
173 316 160 -1.4142135623730951 0
174 314 161 1. 0
174 315 161 1. 0
174 316 161 1.4142135623730951 0
175 314 162 1. 0
175 315 162 -1. 0
255 314 228 1. 0
255 315 228 -1. 0
256 314 229 1. 0
256 315 229 -1. 0
257 314 231 1. 0
257 315 230 1. 0
257 316 232 1. 0
258 314 230 1. 0
258 315 231 1. 0
258 316 232 1. 0
259 314 232 1. 0
259 315 232 1. 0
259 316 230 1. 0
259 316 231 1. 0
339 314 312 1. 0
339 315 312 -1. 0
340 314 313 -1. 0
340 315 313 1. 0
341 314 314 1. 0
341 315 315 1. 0
341 316 316 1. 0
342 314 315 1. 0
342 315 314 1. 0
342 316 316 1. 0
343 314 316 1. 0
343 315 316 1. 0
343 316 314 1. 0
343 316 315 1. 0
36 317 33 -0.4999999999999998 0.8660254037844387
80 317 77 -0.5000000000000001 0.8660254037844386
124 317 121 -0.5000000000000001 0.8660254037844386
168 317 165 0.5000000000000001 -0.8660254037844386
244 317 233 -1. 0
245 317 234 -1. 0
246 317 235 -0.7071067811865475 0
246 317 236 -0.7071067811865475 0
328 317 317 1. 0
329 317 318 -1. 0
330 317 319 -0.7071067811865475 0
330 317 320 -0.7071067811865475 0
37 318 33 0.5000000000000001 -0.8660254037844386
81 318 77 0.4999999999999998 -0.8660254037844387
125 318 121 0.4999999999999998 -0.8660254037844387
169 318 165 -0.4999999999999998 0.8660254037844387
247 318 233 1. 0
248 318 234 1. 0
249 318 235 -0.7071067811865475 0
249 318 236 -0.7071067811865475 0
331 318 317 -1. 0
332 318 318 1. 0
333 318 319 -0.7071067811865475 0
333 318 320 -0.7071067811865475 0
38 319 31 -1. 0
38 320 31 1. 0
38 321 31 1.4142135623730951 0
39 319 32 -1. 0
39 320 32 1. 0
39 321 32 -1.4142135623730951 0
40 319 33 1. 0
40 320 33 1. 0
82 319 75 1. 0
82 320 75 -1. 0
82 321 75 1.4142135623730951 0
83 319 76 1. 0
83 320 76 -1. 0
83 321 76 -1.4142135623730951 0
84 319 77 -1. 0
84 320 77 -1. 0
126 319 119 1. 0
126 320 119 -1. 0
126 321 119 1.4142135623730951 0
127 319 120 -1. 0
127 320 120 1. 0
127 321 120 1.4142135623730951 0
128 319 121 -1. 0
128 320 121 -1. 0
170 319 163 1. 0
170 320 163 -1. 0
170 321 163 -1.4142135623730951 0
171 319 164 -1. 0
171 320 164 1. 0
171 321 164 -1.4142135623730951 0
172 319 165 -1. 0
172 320 165 -1. 0
250 319 233 1. 0
250 320 233 1. 0
251 319 234 -1. 0
251 320 234 -1. 0
252 319 236 1. 0
252 320 235 1. 0
252 321 237 1. 0
253 319 235 1. 0
253 320 236 1. 0
253 321 237 -1. 0
254 319 237 -1. 0
254 320 237 1. 0
254 321 235 1. 0
254 321 236 -1. 0
334 319 317 -1. 0
334 320 317 -1. 0
335 319 318 -1. 0
335 320 318 -1. 0
336 319 319 1. 0
336 320 320 1. 0
336 321 321 1. 0
337 319 320 1. 0
337 320 319 1. 0
337 321 321 -1. 0
338 319 321 1. 0
338 320 321 -1. 0
338 321 319 1. 0
338 321 320 -1. 0
34 322 34 1. 0
78 322 78 1. 0
122 322 122 1. 0
166 322 166 1. 0
238 322 238 1. 0
239 322 239 1. 0
240 322 240 1. 0
322 322 322 1. 0
323 322 323 1. 0
324 322 324 1. 0
35 323 34 -1. 0
79 323 78 -1. 0
123 323 122 -1. 0
167 323 166 -1. 0
241 323 238 1. 0
242 323 239 1. 0
243 323 240 1. 0
325 323 322 1. 0
326 323 323 1. 0
327 323 324 1. 0
43 324 34 -0.7071067811865472 -1.2247448713915892
87 324 78 0.7071067811865472 1.2247448713915892
131 324 122 0.7071067811865472 1.2247448713915892
175 324 166 -0.7071067811865472 -1.2247448713915892
255 324 238 1.4142135623730951 0
256 324 239 1.4142135623730951 0
257 324 240 -1. 0
258 324 240 1. 0
339 324 322 1.4142135623730951 0
340 324 323 -1.4142135623730951 0
341 324 324 1. 0
342 324 324 -1. 0
34 325 35 -1. 0
78 325 79 -1. 0
122 325 123 -1. 0
166 325 167 -1. 0
238 325 241 1. 0
239 325 242 1. 0
240 325 243 1. 0
322 325 325 1. 0
323 325 326 1. 0
324 325 327 1. 0
35 326 35 1. 0
79 326 79 1. 0
123 326 123 1. 0
167 326 167 1. 0
241 326 241 1. 0
242 326 242 1. 0
243 326 243 1. 0
325 326 325 1. 0
326 326 326 1. 0
327 326 327 1. 0
43 327 35 0.7071067811865472 1.2247448713915892
87 327 79 -0.7071067811865472 -1.2247448713915892
131 327 123 -0.7071067811865472 -1.2247448713915892
175 327 167 0.7071067811865472 1.2247448713915892
255 327 241 1.4142135623730951 0
256 327 242 1.4142135623730951 0
257 327 243 -1. 0
258 327 243 1. 0
339 327 325 1.4142135623730951 0
340 327 326 -1.4142135623730951 0
341 327 327 1. 0
342 327 327 -1. 0
36 328 36 1. 0
80 328 80 1. 0
124 328 124 1. 0
168 328 168 1. 0
244 328 244 1. 0
245 328 245 1. 0
246 328 246 1. 0
328 328 328 1. 0
329 328 329 1. 0
330 328 330 1. 0
37 329 36 1. 0
81 329 80 1. 0
125 329 124 1. 0
169 329 168 1. 0
247 329 244 1. 0
248 329 245 1. 0
249 329 246 -1. 0
331 329 328 1. 0
332 329 329 1. 0
333 329 330 -1. 0
40 330 36 0.7071067811865472 1.2247448713915892
84 330 80 -0.7071067811865472 -1.2247448713915892
128 330 124 -0.7071067811865472 -1.2247448713915892
172 330 168 0.7071067811865472 1.2247448713915892
250 330 244 1.4142135623730951 0
251 330 245 -1.4142135623730951 0
252 330 246 1. 0
253 330 246 1. 0
334 330 328 1.4142135623730951 0
335 330 329 -1.4142135623730951 0
336 330 330 1. 0
337 330 330 1. 0
36 331 37 1. 0
80 331 81 1. 0
124 331 125 1. 0
168 331 169 1. 0
244 331 247 1. 0
245 331 248 1. 0
246 331 249 -1. 0
328 331 331 1. 0
329 331 332 1. 0
330 331 333 -1. 0
37 332 37 1. 0
81 332 81 1. 0
125 332 125 1. 0
169 332 169 1. 0
247 332 247 1. 0
248 332 248 1. 0
249 332 249 1. 0
331 332 331 1. 0
332 332 332 1. 0
333 332 333 1. 0
40 333 37 -0.7071067811865472 -1.2247448713915892
84 333 81 0.7071067811865472 1.2247448713915892
128 333 125 0.7071067811865472 1.2247448713915892
172 333 169 -0.7071067811865472 -1.2247448713915892
250 333 247 -1.4142135623730951 0
251 333 248 1.4142135623730951 0
252 333 249 1. 0
253 333 249 1. 0
334 333 331 -1.4142135623730951 0
335 333 332 1.4142135623730951 0
336 333 333 1. 0
337 333 333 1. 0
36 334 40 0.4999999999999998 -0.8660254037844387
80 334 84 -0.4999999999999998 0.8660254037844387
124 334 128 -0.4999999999999998 0.8660254037844387
168 334 172 0.4999999999999998 -0.8660254037844387
244 334 250 1. 0
245 334 251 -1. 0
246 334 252 0.7071067811865475 0
246 334 253 0.7071067811865475 0
328 334 334 1. 0
329 334 335 -1. 0
330 334 336 0.7071067811865475 0
330 334 337 0.7071067811865475 0
37 335 40 -0.5000000000000001 0.8660254037844386
81 335 84 0.5000000000000001 -0.8660254037844386
125 335 128 0.5000000000000001 -0.8660254037844386
169 335 172 -0.5000000000000001 0.8660254037844386
247 335 250 -1. 0
248 335 251 1. 0
249 335 252 0.7071067811865475 0
249 335 253 0.7071067811865475 0
331 335 334 -1. 0
332 335 335 1. 0
333 335 336 0.7071067811865475 0
333 335 337 0.7071067811865475 0
38 336 38 1. 0
38 337 38 -1. 0
38 338 38 -1.4142135623730951 0
39 336 39 1. 0
39 337 39 -1. 0
39 338 39 1.4142135623730951 0
40 336 40 1. 0
40 337 40 1. 0
82 336 82 1. 0
82 337 82 -1. 0
82 338 82 1.4142135623730951 0
83 336 83 1. 0
83 337 83 -1. 0
83 338 83 -1.4142135623730951 0
84 336 84 1. 0
84 337 84 1. 0
126 336 126 1. 0
126 337 126 -1. 0
126 338 126 1.4142135623730951 0
127 336 127 1. 0
127 337 127 -1. 0
127 338 127 -1.4142135623730951 0
128 336 128 1. 0
128 337 128 1. 0
170 336 170 1. 0
170 337 170 -1. 0
170 338 170 -1.4142135623730951 0
171 336 171 1. 0
171 337 171 -1. 0
171 338 171 1.4142135623730951 0
172 336 172 1. 0
172 337 172 1. 0
250 336 250 1. 0
250 337 250 1. 0
251 336 251 1. 0
251 337 251 1. 0
252 336 252 1. 0
252 337 253 1. 0
252 338 254 -1. 0
253 336 253 1. 0
253 337 252 1. 0
253 338 254 1. 0
254 336 254 1. 0
254 337 254 -1. 0
254 338 252 -1. 0
254 338 253 1. 0
334 336 334 1. 0
334 337 334 1. 0
335 336 335 1. 0
335 337 335 1. 0
336 336 336 1. 0
336 337 337 1. 0
336 338 338 1. 0
337 336 337 1. 0
337 337 336 1. 0
337 338 338 -1. 0
338 336 338 1. 0
338 337 338 -1. 0
338 338 336 1. 0
338 338 337 -1. 0
34 339 43 -0.5000000000000001 0.8660254037844386
78 339 87 0.5000000000000001 -0.8660254037844386
122 339 131 0.5000000000000001 -0.8660254037844386
166 339 175 -0.5000000000000001 0.8660254037844386
238 339 255 1. 0
239 339 256 1. 0
240 339 257 -0.7071067811865475 0
240 339 258 0.7071067811865475 0
322 339 339 1. 0
323 339 340 -1. 0
324 339 341 0.7071067811865475 0
324 339 342 -0.7071067811865475 0
35 340 43 -0.5000000000000001 0.8660254037844386
79 340 87 0.5000000000000001 -0.8660254037844386
123 340 131 0.5000000000000001 -0.8660254037844386
167 340 175 -0.5000000000000001 0.8660254037844386
241 340 255 -1. 0
242 340 256 -1. 0
243 340 257 0.7071067811865475 0
243 340 258 -0.7071067811865475 0
325 340 339 -1. 0
326 340 340 1. 0
327 340 341 -0.7071067811865475 0
327 340 342 0.7071067811865475 0
41 341 41 1. 0
41 342 41 1. 0
41 343 41 1.4142135623730951 0
42 341 42 1. 0
42 342 42 1. 0
42 343 42 -1.4142135623730951 0
43 341 43 1. 0
43 342 43 -1. 0
85 341 85 1. 0
85 342 85 1. 0
85 343 85 -1.4142135623730951 0
86 341 86 1. 0
86 342 86 1. 0
86 343 86 1.4142135623730951 0
87 341 87 1. 0
87 342 87 -1. 0
129 341 129 1. 0
129 342 129 1. 0
129 343 129 1.4142135623730951 0
130 341 130 1. 0
130 342 130 1. 0
130 343 130 -1.4142135623730951 0
131 341 131 1. 0
131 342 131 -1. 0
173 341 173 1. 0
173 342 173 1. 0
173 343 173 -1.4142135623730951 0
174 341 174 1. 0
174 342 174 1. 0
174 343 174 1.4142135623730951 0
175 341 175 1. 0
175 342 175 -1. 0
255 341 255 1. 0
255 342 255 -1. 0
256 341 256 1. 0
256 342 256 -1. 0
257 341 257 1. 0
257 342 258 1. 0
257 343 259 1. 0
258 341 258 1. 0
258 342 257 1. 0
258 343 259 1. 0
259 341 259 1. 0
259 342 259 1. 0
259 343 257 1. 0
259 343 258 1. 0
339 341 339 1. 0
339 342 339 -1. 0
340 341 340 1. 0
340 342 340 -1. 0
341 341 341 1. 0
341 342 342 1. 0
341 343 343 1. 0
342 341 342 1. 0
342 342 341 1. 0
342 343 343 1. 0
343 341 343 1. 0
343 342 343 1. 0
343 343 341 1. 0
343 343 342 1. 0