1 1 1 1 1 0 0 0 0 0 0 0 0 0 0 0 0 0 0 0 0 0 0 0 0 0 0 0 0 0 0 0 0 0 0 0 0 0 0 0 1 1 1 1 1 0 0 0 0 0 0 0 0 0 0 0 0 0 0 0 0 0 0 0 0 0 0 0 0 0 0 0 0 0 0 0 0 0 0 0 0 0 0 0 0 0 1 0 1 0 1 0 0 0 1 0 0 0 1 0 0 0 0 0 0 0 0 0 0 0 0 0 0 0 0 0 0 0 0 0 0 0 0 0 0 0 0 0 0 0 0 0 0 0 0 0 0 0 0 0 0 0 0 0 0 0 0 0 0 0 0 0 0 0 0 0 0 0 0 0 1 0 1 0 1 0 0 0 1 0 0 0 1 0 0 0 0 0 0 0 0 0 0 0 0 0 0 0 0 0 0 0 0 0 0 0 0 0 0 0 0 0 0 0 0 0 0 0 0 0 0 0 0 0 0 0 0 0 0 0 0 0 0 0 0 0 0 0 0 0 0 0 0 0 0 0 0 0 0 0 1 0 0 0 1 0 1 0 0 0 0 0 1 0 0 0 1 0 0
0 0 0 1. 0
35 0 35 1. 0
70 0 70 1. 0
130 0 130 1. 0
190 0 190 1. 0
1 1 1 1. 0
36 1 36 1. 0
71 1 71 1. 0
131 1 131 1. 0
191 1 191 1. 0
2 2 2 1. 0
37 2 37 1. 0
72 2 72 1. 0
73 2 73 1. 0
132 2 132 1. 0
133 2 133 1. 0
192 2 192 1. 0
193 2 193 1. 0
3 3 3 1. 0
38 3 38 1. 0
74 3 74 1. 0
75 3 75 1. 0
134 3 134 1. 0
135 3 135 1. 0
194 3 194 1. 0
195 3 195 1. 0
4 4 4 1. 0
39 4 39 1. 0
76 4 76 1. 0
77 4 77 1. 0
136 4 136 1. 0
137 4 137 1. 0
196 4 196 1. 0
197 4 197 1. 0
198 4 198 1. 0
1 5 5 1. 0
36 5 40 1. 0
71 5 78 -1. 0
131 5 138 -1. 0
191 5 199 1. 0
0 6 6 1. 0
35 6 41 1. 0
70 6 79 1. 0
130 6 139 1. 0
190 6 200 1. 0
3 7 7 1. 0
38 7 42 1. 0
74 7 80 1. 0
75 7 81 1. 0
134 7 140 1. 0
135 7 141 1. 0
194 7 201 1. 0
195 7 202 1. 0
2 8 8 1. 0
37 8 43 1. 0
72 8 82 -1. 0
73 8 83 -1. 0
132 8 142 -1. 0
133 8 143 -1. 0
192 8 203 1. 0
193 8 204 1. 0
4 9 9 1. 0
39 9 44 1. 0
76 9 84 -1. 0
77 9 85 1. 0
136 9 144 1. 0
137 9 145 -1. 0
196 9 205 -1. 0
197 9 206 -1. 0
198 9 207 1. 0
2 10 10 1. 0
37 10 45 1. 0
72 10 86 -1. 0
73 10 87 1. 0
132 10 146 -1. 0
133 10 147 1. 0
192 10 208 -1. 0
193 10 209 -1. 0
3 11 11 1. 0
38 11 46 1. 0
74 11 88 -1. 0
75 11 89 1. 0
134 11 148 -1. 0
135 11 149 1. 0
194 11 210 -1. 0
195 11 211 -1. 0
0 12 12 1. 0
35 12 47 1. 0
70 12 90 0.5773502691896258 0
70 12 91 0.816496580927726 0
130 12 151 0.5773502691896258 0
130 12 152 0.816496580927726 0
190 12 214 0.7071067811865475 0
190 12 215 0.7071067811865475 0
4 13 13 1. 0
39 13 48 1. 0
76 13 90 -0.816496580927726 0
76 13 91 0.5773502691896258 0
77 13 92 1. 0
136 13 150 1. 0
137 13 151 -0.816496580927726 0
137 13 152 0.5773502691896258 0
196 13 212 -1. 0
197 13 213 -1. 0
198 13 214 -0.7071067811865475 0
198 13 215 0.7071067811865475 0
1 14 14 1. 0
36 14 49 1. 0
71 14 94 0.5773502691896258 0
71 14 95 0.816496580927726 0
131 14 153 0.5773502691896258 0
131 14 154 0.816496580927726 0
191 14 218 0.7071067811865475 0
191 14 219 0.7071067811865475 0
4 15 15 1. 0
39 15 50 1. 0
76 15 93 1. 0
77 15 94 0.816496580927726 0
77 15 95 -0.5773502691896258 0
136 15 153 0.816496580927726 0
136 15 154 -0.5773502691896258 0
137 15 155 1. 0
196 15 216 1. 0
197 15 217 1. 0
198 15 218 0.7071067811865475 0
198 15 219 -0.7071067811865475 0
2 16 16 1. 0
37 16 52 1. 0
72 16 96 1. 0
73 16 98 0.7071067811865475 0
73 16 99 0.7071067811865475 0
132 16 157 1. 0
133 16 158 0.7071067811865475 0
133 16 159 -0.7071067811865475 0
192 16 220 0.5 0
192 16 221 0.8660254037844386 0
193 16 222 0.8660254037844386 0
193 16 223 0.5 0
3 17 17 1. 0
38 17 51 1. 0
74 17 97 1. 0
75 17 98 -0.7071067811865475 0
75 17 99 0.7071067811865475 0
134 17 156 1. 0
135 17 158 -0.7071067811865475 0
135 17 159 -0.7071067811865475 0
194 17 220 -0.8660254037844386 0
194 17 221 0.5 0
195 17 222 0.5 0
195 17 223 -0.8660254037844386 0
3 18 18 1. 0
38 18 53 1. 0
74 18 100 -1. 0
75 18 101 1. 0
134 18 160 -1. 0
135 18 161 1. 0
194 18 224 -1. 0
195 18 225 -1. 0
2 19 19 1. 0
37 19 54 1. 0
72 19 102 1. 0
73 19 103 -1. 0
132 19 162 1. 0
133 19 163 -1. 0
192 19 226 -1. 0
193 19 227 -1. 0
1 20 20 1. 0
36 20 55 1. 0
71 20 105 -0.5773502691896258 0
71 20 106 -0.816496580927726 0
131 20 164 -0.5773502691896258 0
131 20 165 -0.816496580927726 0
191 20 230 0.7071067811865475 0
191 20 231 0.7071067811865475 0
4 21 21 1. 0
39 21 56 1. 0
76 21 104 -1. 0
77 21 105 -0.816496580927726 0
77 21 106 0.5773502691896258 0
136 21 164 -0.816496580927726 0
136 21 165 0.5773502691896258 0
137 21 166 -1. 0
196 21 228 1. 0
197 21 229 1. 0
198 21 230 -0.7071067811865475 0
198 21 231 0.7071067811865475 0
0 22 22 1. 0
35 22 57 1. 0
70 22 107 0.5773502691896258 0
70 22 108 0.816496580927726 0
130 22 168 0.5773502691896258 0
130 22 169 0.816496580927726 0
190 22 234 0.7071067811865475 0
190 22 235 0.7071067811865475 0
4 23 23 1. 0
39 23 58 1. 0
76 23 107 -0.816496580927726 0
76 23 108 0.5773502691896258 0
77 23 109 1. 0
136 23 167 1. 0
137 23 168 -0.816496580927726 0
137 23 169 0.5773502691896258 0
196 23 232 -1. 0
197 23 233 -1. 0
198 23 234 0.7071067811865475 0
198 23 235 -0.7071067811865475 0
2 24 24 1. 0
37 24 60 1. 0
72 24 110 -1. 0
73 24 112 0.7071067811865475 0
73 24 113 0.7071067811865475 0
132 24 171 -1. 0
133 24 172 0.7071067811865475 0
133 24 173 -0.7071067811865475 0
192 24 236 -0.8660254037844386 0
192 24 237 0.5 0
193 24 238 0.5 0
193 24 239 -0.8660254037844386 0
3 25 25 1. 0
38 25 59 1. 0
74 25 111 1. 0
75 25 112 0.7071067811865475 0
75 25 113 -0.7071067811865475 0
134 25 170 1. 0
135 25 172 0.7071067811865475 0
135 25 173 0.7071067811865475 0
194 25 236 0.5 0
194 25 237 0.8660254037844386 0
195 25 238 0.8660254037844386 0
195 25 239 0.5 0
4 26 26 1. 0
39 26 61 1. 0
76 26 114 -1. 0
77 26 115 -1. 0
136 26 174 -1. 0
137 26 175 -1. 0
196 26 240 1. 0
197 26 241 1. 0
198 26 242 -1. 0
4 27 27 1. 0
39 27 62 1. 0
76 27 116 -1. 0
77 27 117 1. 0
136 27 176 1. 0
137 27 177 -1. 0
196 27 243 -1. 0
197 27 244 -1. 0
198 27 245 1. 0
2 28 28 1. 0
37 28 64 1. 0
72 28 118 -1. 0
73 28 120 0.5 0
73 28 121 0.8660254037844386 0
132 28 179 -1. 0
133 28 180 0.8660254037844386 0
133 28 181 0.5 0
192 28 246 -0.7071067811865475 0
192 28 247 -0.7071067811865475 0
193 28 248 -0.7071067811865475 0
193 28 249 0.7071067811865475 0
3 29 29 1. 0
38 29 63 1. 0
74 29 119 -1. 0
75 29 120 -0.8660254037844386 0
75 29 121 0.5 0
134 29 178 -1. 0
135 29 180 0.5 0
135 29 181 -0.8660254037844386 0
194 29 246 0.7071067811865475 0
194 29 247 -0.7071067811865475 0
195 29 248 0.7071067811865475 0
195 29 249 0.7071067811865475 0
2 30 30 1. 0
37 30 66 1. 0
72 30 122 1. 0
73 30 124 0.8660254037844386 0
73 30 125 -0.5 0
132 30 183 1. 0
133 30 184 -0.5 0
133 30 185 0.8660254037844386 0
192 30 250 0.7071067811865475 0
192 30 251 0.7071067811865475 0
193 30 252 0.7071067811865475 0
193 30 253 -0.7071067811865475 0
3 31 31 1. 0
38 31 65 1. 0
74 31 123 -1. 0
75 31 124 0.5 0
75 31 125 0.8660254037844386 0
134 31 182 -1. 0
135 31 184 0.8660254037844386 0
135 31 185 0.5 0
194 31 250 -0.7071067811865475 0
194 31 251 0.7071067811865475 0
195 31 252 -0.7071067811865475 0
195 31 253 -0.7071067811865475 0
0 32 32 1. 0
35 32 68 1. 0
70 32 126 0.7071067811865475 0
70 32 127 0.7071067811865475 0
130 32 188 0.7071067811865475 0
130 32 189 0.7071067811865475 0
190 32 256 0.5 0
190 32 257 0.5 0
190 32 258 0.7071067811865475 0
1 33 33 1. 0
36 33 67 1. 0
71 33 128 0.7071067811865475 0
71 33 129 -0.7071067811865475 0
131 33 186 -0.7071067811865475 0
131 33 187 0.7071067811865475 0
191 33 256 -0.5 0
191 33 257 -0.5 0
191 33 258 0.7071067811865475 0
4 34 34 1. 0
39 34 69 -1. 0
76 34 126 -0.7071067811865475 0
76 34 127 0.7071067811865475 0
77 34 128 0.7071067811865475 0
77 34 129 0.7071067811865475 0
136 34 186 0.7071067811865475 0
136 34 187 0.7071067811865475 0
137 34 188 0.7071067811865475 0
137 34 189 -0.7071067811865475 0
196 34 254 -1. 0
197 34 255 1. 0
198 34 256 -0.7071067811865475 0
198 34 257 0.7071067811865475 0
6 35 0 1. 0
41 35 35 1. 0
79 35 70 1. 0
139 35 130 1. 0
200 35 190 1. 0
5 36 1 1. 0
40 36 36 1. 0
78 36 71 -1. 0
138 36 131 -1. 0
199 36 191 1. 0
8 37 2 1. 0
43 37 37 1. 0
82 37 72 -1. 0
83 37 73 -1. 0
142 37 132 -1. 0
143 37 133 -1. 0
203 37 192 1. 0
204 37 193 1. 0
7 38 3 1. 0
42 38 38 1. 0
80 38 74 1. 0
81 38 75 1. 0
140 38 134 1. 0
141 38 135 1. 0
201 38 194 1. 0
202 38 195 1. 0
9 39 4 1. 0
44 39 39 1. 0
84 39 76 -1. 0
85 39 77 1. 0
144 39 136 1. 0
145 39 137 -1. 0
205 39 196 -1. 0
206 39 197 -1. 0
207 39 198 1. 0
5 40 5 1. 0
40 40 40 1. 0
78 40 78 1. 0
138 40 138 1. 0
199 40 199 1. 0
6 41 6 1. 0
41 41 41 1. 0
79 41 79 1. 0
139 41 139 1. 0
200 41 200 1. 0
7 42 7 1. 0
42 42 42 1. 0
80 42 80 1. 0
81 42 81 1. 0
140 42 140 1. 0
141 42 141 1. 0
201 42 201 1. 0
202 42 202 1. 0
8 43 8 1. 0
43 43 43 1. 0
82 43 82 1. 0
83 43 83 1. 0
142 43 142 1. 0
143 43 143 1. 0
203 43 203 1. 0
204 43 204 1. 0
9 44 9 1. 0
44 44 44 1. 0
84 44 84 1. 0
85 44 85 1. 0
144 44 144 1. 0
145 44 145 1. 0
205 44 205 1. 0
206 44 206 1. 0
207 44 207 1. 0
8 45 10 1. 0
43 45 45 1. 0
82 45 86 1. 0
83 45 87 -1. 0
142 45 146 1. 0
143 45 147 -1. 0
203 45 208 -1. 0
204 45 209 -1. 0
7 46 11 1. 0
42 46 46 1. 0
80 46 88 -1. 0
81 46 89 1. 0
140 46 148 -1. 0
141 46 149 1. 0
201 46 210 -1. 0
202 46 211 -1. 0
6 47 12 1. 0
41 47 47 1. 0
79 47 90 0.5773502691896258 0
79 47 91 0.816496580927726 0
139 47 151 0.5773502691896258 0
139 47 152 0.816496580927726 0
200 47 214 0.7071067811865475 0
200 47 215 0.7071067811865475 0
9 48 13 1. 0
44 48 48 1. 0
84 48 90 0.816496580927726 0
84 48 91 -0.5773502691896258 0
85 48 92 1. 0
144 48 150 1. 0
145 48 151 0.816496580927726 0
145 48 152 -0.5773502691896258 0
205 48 212 1. 0
206 48 213 1. 0
207 48 214 -0.7071067811865475 0
207 48 215 0.7071067811865475 0
5 49 14 1. 0
40 49 49 1. 0
78 49 94 -0.5773502691896258 0
78 49 95 -0.816496580927726 0
138 49 153 -0.5773502691896258 0
138 49 154 -0.816496580927726 0
199 49 218 0.7071067811865475 0
199 49 219 0.7071067811865475 0
9 50 15 1. 0
44 50 50 1. 0
84 50 93 -1. 0
85 50 94 0.816496580927726 0
85 50 95 -0.5773502691896258 0
144 50 153 0.816496580927726 0
144 50 154 -0.5773502691896258 0
145 50 155 -1. 0
205 50 216 -1. 0
206 50 217 -1. 0
207 50 218 0.7071067811865475 0
207 50 219 -0.7071067811865475 0
7 51 17 1. 0
42 51 51 1. 0
80 51 97 1. 0
81 51 98 -0.7071067811865475 0
81 51 99 0.7071067811865475 0
140 51 156 1. 0
141 51 158 -0.7071067811865475 0
141 51 159 -0.7071067811865475 0
201 51 220 -0.8660254037844386 0
201 51 221 0.5 0
202 51 222 0.5 0
202 51 223 -0.8660254037844386 0
8 52 16 1. 0
43 52 52 1. 0
82 52 96 -1. 0
83 52 98 -0.7071067811865475 0
83 52 99 -0.7071067811865475 0
142 52 157 -1. 0
143 52 158 -0.7071067811865475 0
143 52 159 0.7071067811865475 0
203 52 220 0.5 0
203 52 221 0.8660254037844386 0
204 52 222 0.8660254037844386 0
204 52 223 0.5 0
7 53 18 1. 0
42 53 53 1. 0
80 53 100 -1. 0
81 53 101 1. 0
140 53 160 -1. 0
141 53 161 1. 0
201 53 224 -1. 0
202 53 225 -1. 0
8 54 19 1. 0
43 54 54 1. 0
82 54 102 -1. 0
83 54 103 1. 0
142 54 162 -1. 0
143 54 163 1. 0
203 54 226 -1. 0
204 54 227 -1. 0
5 55 20 1. 0
40 55 55 1. 0
78 55 105 0.5773502691896258 0
78 55 106 0.816496580927726 0
138 55 164 0.5773502691896258 0
138 55 165 0.816496580927726 0
199 55 230 0.7071067811865475 0
199 55 231 0.7071067811865475 0
9 56 21 1. 0
44 56 56 1. 0
84 56 104 1. 0
85 56 105 -0.816496580927726 0
85 56 106 0.5773502691896258 0
144 56 164 -0.816496580927726 0
144 56 165 0.5773502691896258 0
145 56 166 1. 0
205 56 228 -1. 0
206 56 229 -1. 0
207 56 230 -0.7071067811865475 0
207 56 231 0.7071067811865475 0
6 57 22 1. 0
41 57 57 1. 0
79 57 107 0.5773502691896258 0
79 57 108 0.816496580927726 0
139 57 168 0.5773502691896258 0
139 57 169 0.816496580927726 0
200 57 234 0.7071067811865475 0
200 57 235 0.7071067811865475 0
9 58 23 1. 0
44 58 58 1. 0
84 58 107 0.816496580927726 0
84 58 108 -0.5773502691896258 0
85 58 109 1. 0
144 58 167 1. 0
145 58 168 0.816496580927726 0
145 58 169 -0.5773502691896258 0
205 58 232 1. 0
206 58 233 1. 0
207 58 234 0.7071067811865475 0
207 58 235 -0.7071067811865475 0
7 59 25 1. 0
42 59 59 1. 0
80 59 111 1. 0
81 59 112 0.7071067811865475 0
81 59 113 -0.7071067811865475 0
140 59 170 1. 0
141 59 172 0.7071067811865475 0
141 59 173 0.7071067811865475 0
201 59 236 0.5 0
201 59 237 0.8660254037844386 0
202 59 238 0.8660254037844386 0
202 59 239 0.5 0
8 60 24 1. 0
43 60 60 1. 0
82 60 110 1. 0
83 60 112 -0.7071067811865475 0
83 60 113 -0.7071067811865475 0
142 60 171 1. 0
143 60 172 -0.7071067811865475 0
143 60 173 0.7071067811865475 0
203 60 236 -0.8660254037844386 0
203 60 237 0.5 0
204 60 238 0.5 0
204 60 239 -0.8660254037844386 0
9 61 26 1. 0
44 61 61 1. 0
84 61 114 1. 0
85 61 115 -1. 0
144 61 174 -1. 0
145 61 175 1. 0
205 61 240 -1. 0
206 61 241 -1. 0
207 61 242 -1. 0
9 62 27 1. 0
44 62 62 1. 0
84 62 116 1. 0
85 62 117 1. 0
144 62 176 1. 0
145 62 177 1. 0
205 62 243 1. 0
206 62 244 1. 0
207 62 245 1. 0
7 63 29 1. 0
42 63 63 1. 0
80 63 119 -1. 0
81 63 120 -0.8660254037844386 0
81 63 121 0.5 0
140 63 178 -1. 0
141 63 180 0.5 0
141 63 181 -0.8660254037844386 0
201 63 246 0.7071067811865475 0
201 63 247 -0.7071067811865475 0
202 63 248 0.7071067811865475 0
202 63 249 0.7071067811865475 0
8 64 28 1. 0
43 64 64 1. 0
82 64 118 1. 0
83 64 120 -0.5 0
83 64 121 -0.8660254037844386 0
142 64 179 1. 0
143 64 180 -0.8660254037844386 0
143 64 181 -0.5 0
203 64 246 -0.7071067811865475 0
203 64 247 -0.7071067811865475 0
204 64 248 -0.7071067811865475 0
204 64 249 0.7071067811865475 0
7 65 31 1. 0
42 65 65 1. 0
80 65 123 -1. 0
81 65 124 0.5 0
81 65 125 0.8660254037844386 0
140 65 182 -1. 0
141 65 184 0.8660254037844386 0
141 65 185 0.5 0
201 65 250 -0.7071067811865475 0
201 65 251 0.7071067811865475 0
202 65 252 -0.7071067811865475 0
202 65 253 -0.7071067811865475 0
8 66 30 1. 0
43 66 66 1. 0
82 66 122 -1. 0
83 66 124 -0.8660254037844386 0
83 66 125 0.5 0
142 66 183 -1. 0
143 66 184 0.5 0
143 66 185 -0.8660254037844386 0
203 66 250 0.7071067811865475 0
203 66 251 0.7071067811865475 0
204 66 252 0.7071067811865475 0
204 66 253 -0.7071067811865475 0
5 67 33 1. 0
40 67 67 1. 0
78 67 128 -0.7071067811865475 0
78 67 129 0.7071067811865475 0
138 67 186 0.7071067811865475 0
138 67 187 -0.7071067811865475 0
199 67 256 -0.5 0
199 67 257 -0.5 0
199 67 258 0.7071067811865475 0
6 68 32 1. 0
41 68 68 1. 0
79 68 126 0.7071067811865475 0
79 68 127 0.7071067811865475 0
139 68 188 0.7071067811865475 0
139 68 189 0.7071067811865475 0
200 68 256 0.5 0
200 68 257 0.5 0
200 68 258 0.7071067811865475 0
9 69 34 -1. 0
44 69 69 1. 0
84 69 126 -0.7071067811865475 0
84 69 127 0.7071067811865475 0
85 69 128 -0.7071067811865475 0
85 69 129 -0.7071067811865475 0
144 69 186 -0.7071067811865475 0
144 69 187 -0.7071067811865475 0
145 69 188 0.7071067811865475 0
145 69 189 -0.7071067811865475 0
205 69 254 -1. 0
206 69 255 1. 0
207 69 256 0.7071067811865475 0
207 69 257 -0.7071067811865475 0
12 70 0 1.7320508075688772 0
47 70 35 1.7320508075688772 0
90 70 70 1. 0
91 70 70 1.4142135623730951 0
151 70 130 1. 0
152 70 130 1.4142135623730951 0
214 70 190 1.224744871391589 0
215 70 190 1.224744871391589 0
14 71 1 1.7320508075688772 0
49 71 36 1.7320508075688772 0
94 71 71 1. 0
95 71 71 1.4142135623730951 0
153 71 131 1. 0
154 71 131 1.4142135623730951 0
218 71 191 1.224744871391589 0
219 71 191 1.224744871391589 0
10 72 2 -1. 0
45 72 37 -1. 0
86 72 72 1. 0
87 72 73 -1. 0
146 72 132 1. 0
147 72 133 -1. 0
208 72 192 1. 0
209 72 193 1. 0
16 73 2 1.4142135623730951 0
52 73 37 1.4142135623730951 0
96 73 72 1.4142135623730951 0
98 73 73 1. 0
99 73 73 1. 0
157 73 132 1.4142135623730951 0
158 73 133 1. 0
159 73 133 -1. 0
220 73 192 0.7071067811865475 0
221 73 192 1.224744871391589 0
222 73 193 1.224744871391589 0
223 73 193 0.7071067811865475 0
11 74 3 -1. 0
46 74 38 -1. 0
88 74 74 1. 0
89 74 75 -1. 0
148 74 134 1. 0
149 74 135 -1. 0
210 74 194 1. 0
211 74 195 1. 0
17 75 3 -1.4142135623730951 0
51 75 38 -1.4142135623730951 0
97 75 74 -1.4142135623730951 0
98 75 75 1. 0
99 75 75 -1. 0
156 75 134 -1.4142135623730951 0
158 75 135 1. 0
159 75 135 1. 0
220 75 194 1.224744871391589 0
221 75 194 -0.7071067811865475 0
222 75 195 -0.7071067811865475 0
223 75 195 1.224744871391589 0
13 76 4 -1.224744871391589 0
48 76 39 -1.224744871391589 0
90 76 76 1. 0
91 76 76 -0.7071067811865475 0
92 76 77 -1.224744871391589 0
150 76 136 -1.224744871391589 0
151 76 137 1. 0
152 76 137 -0.7071067811865475 0
212 76 196 1.224744871391589 0
213 76 197 1.224744871391589 0
214 76 198 0.8660254037844386 0
215 76 198 -0.8660254037844386 0
15 77 4 1.224744871391589 0
50 77 39 1.224744871391589 0
93 77 76 1.224744871391589 0
94 77 77 1. 0
95 77 77 -0.7071067811865475 0
153 77 136 1. 0
154 77 136 -0.7071067811865475 0
155 77 137 1.224744871391589 0
216 77 196 1.224744871391589 0
217 77 197 1.224744871391589 0
218 77 198 0.8660254037844386 0
219 77 198 -0.8660254037844386 0
14 78 5 -1.7320508075688772 0
49 78 40 -1.7320508075688772 0
94 78 78 1. 0
95 78 78 1.4142135623730951 0
153 78 138 1. 0
154 78 138 1.4142135623730951 0
218 78 199 -1.224744871391589 0
219 78 199 -1.224744871391589 0
12 79 6 1.7320508075688772 0
47 79 41 1.7320508075688772 0
90 79 79 1. 0
91 79 79 1.4142135623730951 0
151 79 139 1. 0
152 79 139 1.4142135623730951 0
214 79 200 1.224744871391589 0
215 79 200 1.224744871391589 0
11 80 7 -1. 0
46 80 42 -1. 0
88 80 80 1. 0
89 80 81 -1. 0
148 80 140 1. 0
149 80 141 -1. 0
210 80 201 1. 0
211 80 202 1. 0
17 81 7 -1.4142135623730951 0
51 81 42 -1.4142135623730951 0
97 81 80 -1.4142135623730951 0
98 81 81 1. 0
99 81 81 -1. 0
156 81 140 -1.4142135623730951 0
158 81 141 1. 0
159 81 141 1. 0
220 81 201 1.224744871391589 0
221 81 201 -0.7071067811865475 0
222 81 202 -0.7071067811865475 0
223 81 202 1.224744871391589 0
10 82 8 1. 0
45 82 43 1. 0
86 82 82 1. 0
87 82 83 -1. 0
146 82 142 1. 0
147 82 143 -1. 0
208 82 203 -1. 0
209 82 204 -1. 0
16 83 8 -1.4142135623730951 0
52 83 43 -1.4142135623730951 0
96 83 82 1.4142135623730951 0
98 83 83 1. 0
99 83 83 1. 0
157 83 142 1.4142135623730951 0
158 83 143 1. 0
159 83 143 -1. 0
220 83 203 -0.7071067811865475 0
221 83 203 -1.224744871391589 0
222 83 204 -1.224744871391589 0
223 83 204 -0.7071067811865475 0
13 84 9 1.224744871391589 0
48 84 44 1.224744871391589 0
90 84 84 1. 0
91 84 84 -0.7071067811865475 0
92 84 85 1.224744871391589 0
150 84 144 1.224744871391589 0
151 84 145 1. 0
152 84 145 -0.7071067811865475 0
212 84 205 1.224744871391589 0
213 84 206 1.224744871391589 0
214 84 207 -0.8660254037844386 0
215 84 207 0.8660254037844386 0
15 85 9 1.224744871391589 0
50 85 44 1.224744871391589 0
93 85 84 -1.224744871391589 0
94 85 85 1. 0
95 85 85 -0.7071067811865475 0
153 85 144 1. 0
154 85 144 -0.7071067811865475 0
155 85 145 -1.224744871391589 0
216 85 205 -1.224744871391589 0
217 85 206 -1.224744871391589 0
218 85 207 0.8660254037844386 0
219 85 207 -0.8660254037844386 0
10 86 10 1. 0
45 86 45 1. 0
86 86 86 1. 0
87 86 87 1. 0
146 86 146 1. 0
147 86 147 1. 0
208 86 208 1. 0
209 86 209 1. 0
16 87 10 1.4142135623730951 0
52 87 45 1.4142135623730951 0
96 87 86 -1.4142135623730951 0
98 87 87 1. 0
99 87 87 1. 0
157 87 146 -1.4142135623730951 0
158 87 147 1. 0
159 87 147 -1. 0
220 87 208 -0.7071067811865475 0
221 87 208 -1.224744871391589 0
222 87 209 -1.224744871391589 0
223 87 209 -0.7071067811865475 0
11 88 11 1. 0
46 88 46 1. 0
88 88 88 1. 0
89 88 89 1. 0
148 88 148 1. 0
149 88 149 1. 0
210 88 210 1. 0
211 88 211 1. 0
17 89 11 -1.4142135623730951 0
51 89 46 -1.4142135623730951 0
97 89 88 1.4142135623730951 0
98 89 89 1. 0
99 89 89 -1. 0
156 89 148 1.4142135623730951 0
158 89 149 1. 0
159 89 149 1. 0
220 89 210 -1.224744871391589 0
221 89 210 0.7071067811865475 0
222 89 211 0.7071067811865475 0
223 89 211 -1.224744871391589 0
12 90 12 1. 0
12 91 12 1.4142135623730951 0
13 90 13 1. 0
13 91 13 -0.7071067811865475 0
47 90 47 1. 0
47 91 47 1.4142135623730951 0
48 90 48 1. 0
48 91 48 -0.7071067811865475 0
90 90 90 1. 0
90 91 91 1. 0
91 90 91 1. 0
91 91 90 1. 0
91 91 91 0.7071067811865475 0
92 90 92 1. 0
92 91 92 -0.7071067811865475 0
150 90 150 1. 0
150 91 150 -0.7071067811865475 0
151 90 151 1. 0
151 91 152 1. 0
152 90 152 1. 0
152 91 151 1. 0
152 91 152 0.7071067811865475 0
212 90 212 1. 0
212 91 212 -0.7071067811865475 0
213 90 213 1. 0
213 91 213 -0.7071067811865475 0
214 90 214 1. 0
214 91 214 0.35355339059327373 0
214 91 215 1.0606601717798212 0
215 90 215 1. 0
215 91 214 1.0606601717798212 0
215 91 215 0.35355339059327373 0
15 92 13 1.224744871391589 0
50 92 48 1.224744871391589 0
93 92 90 -1. 0
93 92 91 0.7071067811865475 0
94 92 92 1. 0
95 92 92 -0.7071067811865475 0
153 92 150 1. 0
154 92 150 -0.7071067811865475 0
155 92 151 -1. 0
155 92 152 0.7071067811865475 0
216 92 212 -1.224744871391589 0
217 92 213 -1.224744871391589 0
218 92 214 -0.6123724356957945 0
218 92 215 0.6123724356957945 0
219 92 214 0.6123724356957945 0
219 92 215 -0.6123724356957945 0
13 93 15 -1.224744871391589 0
48 93 50 -1.224744871391589 0
90 93 93 1. 0
91 93 93 -0.7071067811865475 0
92 93 94 -1. 0
92 93 95 0.7071067811865475 0
150 93 153 -1. 0
150 93 154 0.7071067811865475 0
151 93 155 1. 0
152 93 155 -0.7071067811865475 0
212 93 216 1.224744871391589 0
213 93 217 1.224744871391589 0
214 93 218 0.6123724356957945 0
214 93 219 -0.6123724356957945 0
215 93 218 -0.6123724356957945 0
215 93 219 0.6123724356957945 0
14 94 14 1. 0
14 95 14 1.4142135623730951 0
15 94 15 1. 0
15 95 15 -0.7071067811865475 0
49 94 49 1. 0
49 95 49 1.4142135623730951 0
50 94 50 1. 0
50 95 50 -0.7071067811865475 0
93 94 93 1. 0
93 95 93 -0.7071067811865475 0
94 94 94 1. 0
94 95 95 1. 0
95 94 95 1. 0
95 95 94 1. 0
95 95 95 0.7071067811865475 0
153 94 153 1. 0
153 95 154 1. 0
154 94 154 1. 0
154 95 153 1. 0
154 95 154 0.7071067811865475 0
155 94 155 1. 0
155 95 155 -0.7071067811865475 0
216 94 216 1. 0
216 95 216 -0.7071067811865475 0
217 94 217 1. 0
217 95 217 -0.7071067811865475 0
218 94 218 1. 0
218 95 218 0.35355339059327373 0
218 95 219 1.0606601717798212 0
219 94 219 1. 0
219 95 218 1.0606601717798212 0
219 95 219 0.35355339059327373 0
10 96 16 -1. 0
45 96 52 -1. 0
86 96 96 1. 0
87 96 98 -0.7071067811865475 0
87 96 99 -0.7071067811865475 0
146 96 157 1. 0
147 96 158 -0.7071067811865475 0
147 96 159 0.7071067811865475 0
208 96 220 0.5 0
208 96 221 0.8660254037844386 0
209 96 222 0.8660254037844386 0
209 96 223 0.5 0
11 97 17 -1. 0
46 97 51 -1. 0
88 97 97 1. 0
89 97 98 0.7071067811865475 0
89 97 99 -0.7071067811865475 0
148 97 156 1. 0
149 97 158 0.7071067811865475 0
149 97 159 0.7071067811865475 0
210 97 220 -0.8660254037844386 0
210 97 221 0.5 0
211 97 222 0.5 0
211 97 223 -0.8660254037844386 0
16 98 16 1. 0
16 99 16 1. 0
17 98 17 1. 0
17 99 17 -1. 0
51 98 51 1. 0
51 99 51 -1. 0
52 98 52 1. 0
52 99 52 1. 0
96 98 96 1. 0
96 99 96 1. 0
97 98 97 1. 0
97 99 97 -1. 0
98 98 98 1. 0
98 99 99 1. 0
99 98 99 1. 0
99 99 98 1. 0
156 98 156 1. 0
156 99 156 -1. 0
157 98 157 1. 0
157 99 157 1. 0
158 98 158 1. 0
158 99 159 -1. 0
159 98 159 1. 0
159 99 158 -1. 0
220 98 220 1. 0
220 99 220 -0.5 0
220 99 221 0.8660254037844386 0
221 98 221 1. 0
221 99 220 0.8660254037844386 0
221 99 221 0.5 0
222 98 222 1. 0
222 99 222 0.5 0
222 99 223 0.8660254037844386 0
223 98 223 1. 0
223 99 222 0.8660254037844386 0
223 99 223 -0.5 0
11 100 18 1. 0
46 100 53 1. 0
88 100 100 1. 0
89 100 101 1. 0
148 100 160 1. 0
149 100 161 1. 0
210 100 224 1. 0
211 100 225 1. 0
17 101 18 -1.4142135623730951 0
51 101 53 -1.4142135623730951 0
97 101 100 1.4142135623730951 0
98 101 101 1. 0
99 101 101 -1. 0
156 101 160 1.4142135623730951 0
158 101 161 1. 0
159 101 161 1. 0
220 101 224 -1.224744871391589 0
221 101 224 0.7071067811865475 0
222 101 225 0.7071067811865475 0
223 101 225 -1.224744871391589 0
10 102 19 -1. 0
45 102 54 -1. 0
86 102 102 1. 0
87 102 103 1. 0
146 102 162 1. 0
147 102 163 1. 0
208 102 226 -1. 0
209 102 227 -1. 0
16 103 19 -1.4142135623730951 0
52 103 54 -1.4142135623730951 0
96 103 102 -1.4142135623730951 0
98 103 103 1. 0
99 103 103 1. 0
157 103 162 -1.4142135623730951 0
158 103 163 1. 0
159 103 163 -1. 0
220 103 226 0.7071067811865475 0
221 103 226 1.224744871391589 0
222 103 227 1.224744871391589 0
223 103 227 0.7071067811865475 0
13 104 21 1.224744871391589 0
48 104 56 1.224744871391589 0
90 104 104 1. 0
91 104 104 -0.7071067811865475 0
92 104 105 -1. 0
92 104 106 0.7071067811865475 0
150 104 164 -1. 0
150 104 165 0.7071067811865475 0
151 104 166 1. 0
152 104 166 -0.7071067811865475 0
212 104 228 -1.224744871391589 0
213 104 229 -1.224744871391589 0
214 104 230 0.6123724356957945 0
214 104 231 -0.6123724356957945 0
215 104 230 -0.6123724356957945 0
215 104 231 0.6123724356957945 0
14 105 20 -1. 0
14 106 20 -1.4142135623730951 0
15 105 21 -1. 0
15 106 21 0.7071067811865475 0
49 105 55 -1. 0
49 106 55 -1.4142135623730951 0
50 105 56 -1. 0
50 106 56 0.7071067811865475 0
93 105 104 1. 0
93 106 104 -0.7071067811865475 0
94 105 105 1. 0
94 106 106 1. 0
95 105 106 1. 0
95 106 105 1. 0
95 106 106 0.7071067811865475 0
153 105 164 1. 0
153 106 165 1. 0
154 105 165 1. 0
154 106 164 1. 0
154 106 165 0.7071067811865475 0
155 105 166 1. 0
155 106 166 -0.7071067811865475 0
216 105 228 -1. 0
216 106 228 0.7071067811865475 0
217 105 229 -1. 0
217 106 229 0.7071067811865475 0
218 105 231 -1. 0
218 106 230 -1.0606601717798212 0
218 106 231 -0.35355339059327373 0
219 105 230 -1. 0
219 106 230 -0.35355339059327373 0
219 106 231 -1.0606601717798212 0
12 107 22 1. 0
12 108 22 1.4142135623730951 0
13 107 23 1. 0
13 108 23 -0.7071067811865475 0
47 107 57 1. 0
47 108 57 1.4142135623730951 0
48 107 58 1. 0
48 108 58 -0.7071067811865475 0
90 107 107 1. 0
90 108 108 1. 0
91 107 108 1. 0
91 108 107 1. 0
91 108 108 0.7071067811865475 0
92 107 109 1. 0
92 108 109 -0.7071067811865475 0
150 107 167 1. 0
150 108 167 -0.7071067811865475 0
151 107 168 1. 0
151 108 169 1. 0
152 107 169 1. 0
152 108 168 1. 0
152 108 169 0.7071067811865475 0
212 107 232 1. 0
212 108 232 -0.7071067811865475 0
213 107 233 1. 0
213 108 233 -0.7071067811865475 0
214 107 235 1. 0
214 108 234 1.0606601717798212 0
214 108 235 0.35355339059327373 0
215 107 234 1. 0
215 108 234 0.35355339059327373 0
215 108 235 1.0606601717798212 0
15 109 23 1.224744871391589 0
50 109 58 1.224744871391589 0
93 109 107 -1. 0
93 109 108 0.7071067811865475 0
94 109 109 1. 0
95 109 109 -0.7071067811865475 0
153 109 167 1. 0
154 109 167 -0.7071067811865475 0
155 109 168 -1. 0
155 109 169 0.7071067811865475 0
216 109 232 -1.224744871391589 0
217 109 233 -1.224744871391589 0
218 109 234 0.6123724356957945 0
218 109 235 -0.6123724356957945 0
219 109 234 -0.6123724356957945 0
219 109 235 0.6123724356957945 0
10 110 24 1. 0
45 110 60 1. 0
86 110 110 1. 0
87 110 112 0.7071067811865475 0
87 110 113 0.7071067811865475 0
146 110 171 1. 0
147 110 172 0.7071067811865475 0
147 110 173 -0.7071067811865475 0
208 110 236 0.8660254037844386 0
208 110 237 -0.5 0
209 110 238 -0.5 0
209 110 239 0.8660254037844386 0
11 111 25 -1. 0
46 111 59 -1. 0
88 111 111 1. 0
89 111 112 -0.7071067811865475 0
89 111 113 0.7071067811865475 0
148 111 170 1. 0
149 111 172 -0.7071067811865475 0
149 111 173 -0.7071067811865475 0
210 111 236 0.5 0
210 111 237 0.8660254037844386 0
211 111 238 0.8660254037844386 0
211 111 239 0.5 0
16 112 24 1. 0
16 113 24 1. 0
17 112 25 -1. 0
17 113 25 1. 0
51 112 59 -1. 0
51 113 59 1. 0
52 112 60 1. 0
52 113 60 1. 0
96 112 110 -1. 0
96 113 110 -1. 0
97 112 111 -1. 0
97 113 111 1. 0
98 112 112 1. 0
98 113 113 1. 0
99 112 113 1. 0
99 113 112 1. 0
156 112 170 -1. 0
156 113 170 1. 0
157 112 171 -1. 0
157 113 171 -1. 0
158 112 172 1. 0
158 113 173 -1. 0
159 112 173 1. 0
159 113 172 -1. 0
220 112 237 1. 0
220 113 236 -0.8660254037844386 0
220 113 237 -0.5 0
221 112 236 -1. 0
221 113 236 -0.5 0
221 113 237 0.8660254037844386 0
222 112 239 -1. 0
222 113 238 0.8660254037844386 0
222 113 239 -0.5 0
223 112 238 1. 0
223 113 238 -0.5 0
223 113 239 -0.8660254037844386 0
13 114 26 1.224744871391589 0
48 114 61 1.224744871391589 0
90 114 114 1. 0
91 114 114 -0.7071067811865475 0
92 114 115 -1.224744871391589 0
150 114 174 -1.224744871391589 0
151 114 175 1. 0
152 114 175 -0.7071067811865475 0
212 114 240 -1.224744871391589 0
213 114 241 -1.224744871391589 0
214 114 242 0.8660254037844386 0
215 114 242 -0.8660254037844386 0
15 115 26 -1.224744871391589 0
50 115 61 -1.224744871391589 0
93 115 114 1.224744871391589 0
94 115 115 1. 0
95 115 115 -0.7071067811865475 0
153 115 174 1. 0
154 115 174 -0.7071067811865475 0
155 115 175 1.224744871391589 0
216 115 240 -1.224744871391589 0
217 115 241 -1.224744871391589 0
218 115 242 0.8660254037844386 0
219 115 242 -0.8660254037844386 0
13 116 27 1.224744871391589 0
48 116 62 1.224744871391589 0
90 116 116 1. 0
91 116 116 -0.7071067811865475 0
92 116 117 1.224744871391589 0
150 116 176 1.224744871391589 0
151 116 177 1. 0
152 116 177 -0.7071067811865475 0
212 116 243 1.224744871391589 0
213 116 244 1.224744871391589 0
214 116 245 -0.8660254037844386 0
215 116 245 0.8660254037844386 0
15 117 27 1.224744871391589 0
50 117 62 1.224744871391589 0
93 117 116 -1.224744871391589 0
94 117 117 1. 0
95 117 117 -0.7071067811865475 0
153 117 176 1. 0
154 117 176 -0.7071067811865475 0
155 117 177 -1.224744871391589 0
216 117 243 -1.224744871391589 0
217 117 244 -1.224744871391589 0
218 117 245 0.8660254037844386 0
219 117 245 -0.8660254037844386 0
10 118 28 1. 0
45 118 64 1. 0
86 118 118 1. 0
87 118 120 0.5 0
87 118 121 0.8660254037844386 0
146 118 179 1. 0
147 118 180 0.8660254037844386 0
147 118 181 0.5 0
208 118 246 0.7071067811865475 0
208 118 247 0.7071067811865475 0
209 118 248 0.7071067811865475 0
209 118 249 -0.7071067811865475 0
11 119 29 1. 0
46 119 63 1. 0
88 119 119 1. 0
89 119 120 -0.8660254037844386 0
89 119 121 0.5 0
148 119 178 1. 0
149 119 180 0.5 0
149 119 181 -0.8660254037844386 0
210 119 246 -0.7071067811865475 0
210 119 247 0.7071067811865475 0
211 119 248 -0.7071067811865475 0
211 119 249 -0.7071067811865475 0
16 120 28 0.7071067811865475 0
16 121 28 1.224744871391589 0
17 120 29 1.224744871391589 0
17 121 29 -0.7071067811865475 0
51 120 63 1.224744871391589 0
51 121 63 -0.7071067811865475 0
52 120 64 0.7071067811865475 0
52 121 64 1.224744871391589 0
96 120 118 -0.7071067811865475 0
96 121 118 -1.224744871391589 0
97 120 119 -1.224744871391589 0
97 121 119 0.7071067811865475 0
98 120 120 1. 0
98 121 121 1. 0
99 120 120 -0.5 0
99 120 121 0.8660254037844386 0
99 121 120 0.8660254037844386 0
99 121 121 0.5 0
156 120 178 -1.224744871391589 0
156 121 178 0.7071067811865475 0
157 120 179 -0.7071067811865475 0
157 121 179 -1.224744871391589 0
158 120 181 1. 0
158 121 180 1. 0
159 120 180 -0.8660254037844386 0
159 120 181 0.5 0
159 121 180 -0.5 0
159 121 181 -0.8660254037844386 0
220 120 246 -1. 0
220 120 247 0.5 0
220 121 247 -0.8660254037844386 0
221 120 247 -0.8660254037844386 0
221 121 246 -1. 0
221 121 247 -0.5 0
222 120 249 0.8660254037844386 0
222 121 248 -1. 0
222 121 249 0.5 0
223 120 248 -1. 0
223 120 249 -0.5 0
223 121 249 0.8660254037844386 0
10 122 30 -1. 0
45 122 66 -1. 0
86 122 122 1. 0
87 122 124 -0.8660254037844386 0
87 122 125 0.5 0
146 122 183 1. 0
147 122 184 0.5 0
147 122 185 -0.8660254037844386 0
208 122 250 0.7071067811865475 0
208 122 251 0.7071067811865475 0
209 122 252 0.7071067811865475 0
209 122 253 -0.7071067811865475 0
11 123 31 1. 0
46 123 65 1. 0
88 123 123 1. 0
89 123 124 0.5 0
89 123 125 0.8660254037844386 0
148 123 182 1. 0
149 123 184 0.8660254037844386 0
149 123 185 0.5 0
210 123 250 0.7071067811865475 0
210 123 251 -0.7071067811865475 0
211 123 252 0.7071067811865475 0
211 123 253 0.7071067811865475 0
16 124 30 1.224744871391589 0
16 125 30 -0.7071067811865475 0
17 124 31 -0.7071067811865475 0
17 125 31 -1.224744871391589 0
51 124 65 -0.7071067811865475 0
51 125 65 -1.224744871391589 0
52 124 66 1.224744871391589 0
52 125 66 -0.7071067811865475 0
96 124 122 1.224744871391589 0
96 125 122 -0.7071067811865475 0
97 124 123 0.7071067811865475 0
97 125 123 1.224744871391589 0
98 124 124 1. 0
98 125 125 1. 0
99 124 124 0.5 0
99 124 125 -0.8660254037844386 0
99 125 124 -0.8660254037844386 0
99 125 125 -0.5 0
156 124 182 0.7071067811865475 0
156 125 182 1.224744871391589 0
157 124 183 1.224744871391589 0
157 125 183 -0.7071067811865475 0
158 124 185 1. 0
158 125 184 1. 0
159 124 184 0.8660254037844386 0
159 124 185 -0.5 0
159 125 184 0.5 0
159 125 185 0.8660254037844386 0
220 124 251 0.8660254037844386 0
220 125 250 -1. 0
220 125 251 0.5 0
221 124 250 1. 0
221 124 251 0.5 0
221 125 251 -0.8660254037844386 0
222 124 252 1. 0
222 124 253 -0.5 0
222 125 253 0.8660254037844386 0
223 124 253 -0.8660254037844386 0
223 125 252 -1. 0
223 125 253 -0.5 0
12 126 32 1.224744871391589 0
12 127 32 1.224744871391589 0
13 126 34 0.8660254037844386 0
13 127 34 -0.8660254037844386 0
47 126 68 1.224744871391589 0
47 127 68 1.224744871391589 0
48 126 69 -0.8660254037844386 0
48 127 69 0.8660254037844386 0
90 126 126 1. 0
90 127 127 1. 0
91 126 126 0.35355339059327373 0
91 126 127 1.0606601717798212 0
91 127 126 1.0606601717798212 0
91 127 127 0.35355339059327373 0
92 126 128 0.6123724356957945 0
92 126 129 0.6123724356957945 0
92 127 128 -0.6123724356957945 0
92 127 129 -0.6123724356957945 0
150 126 186 0.6123724356957945 0
150 126 187 0.6123724356957945 0
150 127 186 -0.6123724356957945 0
150 127 187 -0.6123724356957945 0
151 126 189 1. 0
151 127 188 1. 0
152 126 188 1.0606601717798212 0
152 126 189 0.35355339059327373 0
152 127 188 0.35355339059327373 0
152 127 189 1.0606601717798212 0
212 126 254 0.8660254037844386 0
212 127 254 -0.8660254037844386 0
213 126 255 -0.8660254037844386 0
213 127 255 0.8660254037844386 0
214 126 256 0.8660254037844386 0
214 126 258 0.6123724356957945 0
214 127 257 0.8660254037844386 0
214 127 258 0.6123724356957945 0
215 126 257 0.8660254037844386 0
215 126 258 0.6123724356957945 0
215 127 256 0.8660254037844386 0
215 127 258 0.6123724356957945 0
14 128 33 1.224744871391589 0
14 129 33 -1.224744871391589 0
15 128 34 0.8660254037844386 0
15 129 34 0.8660254037844386 0
49 128 67 1.224744871391589 0
49 129 67 -1.224744871391589 0
50 128 69 -0.8660254037844386 0
50 129 69 -0.8660254037844386 0
93 128 126 -0.6123724356957945 0
93 128 127 0.6123724356957945 0
93 129 126 -0.6123724356957945 0
93 129 127 0.6123724356957945 0
94 128 128 1. 0
94 129 129 1. 0
95 128 128 0.35355339059327373 0
95 128 129 -1.0606601717798212 0
95 129 128 -1.0606601717798212 0
95 129 129 0.35355339059327373 0
153 128 187 1. 0
153 129 186 1. 0
154 128 186 -1.0606601717798212 0
154 128 187 0.35355339059327373 0
154 129 186 0.35355339059327373 0
154 129 187 -1.0606601717798212 0
155 128 188 0.6123724356957945 0
155 128 189 -0.6123724356957945 0
155 129 188 0.6123724356957945 0
155 129 189 -0.6123724356957945 0
216 128 254 -0.8660254037844386 0
216 129 254 -0.8660254037844386 0
217 128 255 0.8660254037844386 0
217 129 255 0.8660254037844386 0
218 128 256 -0.8660254037844386 0
218 128 258 0.6123724356957945 0
218 129 257 0.8660254037844386 0
218 129 258 -0.6123724356957945 0
219 128 257 -0.8660254037844386 0
219 128 258 0.6123724356957945 0
219 129 256 0.8660254037844386 0
219 129 258 -0.6123724356957945 0
22 130 0 1.7320508075688772 0
57 130 35 1.7320508075688772 0
107 130 70 1. 0
108 130 70 1.4142135623730951 0
168 130 130 1. 0
169 130 130 1.4142135623730951 0
234 130 190 1.224744871391589 0
235 130 190 1.224744871391589 0
20 131 1 -1.7320508075688772 0
55 131 36 -1.7320508075688772 0
105 131 71 1. 0
106 131 71 1.4142135623730951 0
164 131 131 1. 0
165 131 131 1.4142135623730951 0
230 131 191 -1.224744871391589 0
231 131 191 -1.224744871391589 0
19 132 2 1. 0
54 132 37 1. 0
102 132 72 1. 0
103 132 73 -1. 0
162 132 132 1. 0
163 132 133 -1. 0
226 132 192 -1. 0
227 132 193 -1. 0
24 133 2 1.4142135623730951 0
60 133 37 1.4142135623730951 0
110 133 72 -1.4142135623730951 0
112 133 73 1. 0
113 133 73 1. 0
171 133 132 -1.4142135623730951 0
172 133 133 1. 0
173 133 133 -1. 0
236 133 192 -1.224744871391589 0
237 133 192 0.7071067811865475 0
238 133 193 0.7071067811865475 0
239 133 193 -1.224744871391589 0
18 134 3 -1. 0
53 134 38 -1. 0
100 134 74 1. 0
101 134 75 -1. 0
160 134 134 1. 0
161 134 135 -1. 0
224 134 194 1. 0
225 134 195 1. 0
25 135 3 1.4142135623730951 0
59 135 38 1.4142135623730951 0
111 135 74 1.4142135623730951 0
112 135 75 1. 0
113 135 75 -1. 0
170 135 134 1.4142135623730951 0
172 135 135 1. 0
173 135 135 1. 0
236 135 194 0.7071067811865475 0
237 135 194 1.224744871391589 0
238 135 195 1.224744871391589 0
239 135 195 0.7071067811865475 0
21 136 4 -1.224744871391589 0
56 136 39 -1.224744871391589 0
104 136 76 1.224744871391589 0
105 136 77 1. 0
106 136 77 -0.7071067811865475 0
164 136 136 1. 0
165 136 136 -0.7071067811865475 0
166 136 137 1.224744871391589 0
228 136 196 -1.224744871391589 0
229 136 197 -1.224744871391589 0
230 136 198 0.8660254037844386 0
231 136 198 -0.8660254037844386 0
23 137 4 -1.224744871391589 0
58 137 39 -1.224744871391589 0
107 137 76 1. 0
108 137 76 -0.7071067811865475 0
109 137 77 -1.224744871391589 0
167 137 136 -1.224744871391589 0
168 137 137 1. 0
169 137 137 -0.7071067811865475 0
232 137 196 1.224744871391589 0
233 137 197 1.224744871391589 0
234 137 198 -0.8660254037844386 0
235 137 198 0.8660254037844386 0
20 138 5 1.7320508075688772 0
55 138 40 1.7320508075688772 0
105 138 78 1. 0
106 138 78 1.4142135623730951 0
164 138 138 1. 0
165 138 138 1.4142135623730951 0
230 138 199 1.224744871391589 0
231 138 199 1.224744871391589 0
22 139 6 1.7320508075688772 0
57 139 41 1.7320508075688772 0
107 139 79 1. 0
108 139 79 1.4142135623730951 0
168 139 139 1. 0
169 139 139 1.4142135623730951 0
234 139 200 1.224744871391589 0
235 139 200 1.224744871391589 0
18 140 7 -1. 0
53 140 42 -1. 0
100 140 80 1. 0
101 140 81 -1. 0
160 140 140 1. 0
161 140 141 -1. 0
224 140 201 1. 0
225 140 202 1. 0
25 141 7 1.4142135623730951 0
59 141 42 1.4142135623730951 0
111 141 80 1.4142135623730951 0
112 141 81 1. 0
113 141 81 -1. 0
170 141 140 1.4142135623730951 0
172 141 141 1. 0
173 141 141 1. 0
236 141 201 0.7071067811865475 0
237 141 201 1.224744871391589 0
238 141 202 1.224744871391589 0
239 141 202 0.7071067811865475 0
19 142 8 -1. 0
54 142 43 -1. 0
102 142 82 1. 0
103 142 83 -1. 0
162 142 142 1. 0
163 142 143 -1. 0
226 142 203 1. 0
227 142 204 1. 0
24 143 8 -1.4142135623730951 0
60 143 43 -1.4142135623730951 0
110 143 82 -1.4142135623730951 0
112 143 83 1. 0
113 143 83 1. 0
171 143 142 -1.4142135623730951 0
172 143 143 1. 0
173 143 143 -1. 0
236 143 203 1.224744871391589 0
237 143 203 -0.7071067811865475 0
238 143 204 -0.7071067811865475 0
239 143 204 1.224744871391589 0
21 144 9 -1.224744871391589 0
56 144 44 -1.224744871391589 0
104 144 84 -1.224744871391589 0
105 144 85 1. 0
106 144 85 -0.7071067811865475 0
164 144 144 1. 0
165 144 144 -0.7071067811865475 0
166 144 145 -1.224744871391589 0
228 144 205 1.224744871391589 0
229 144 206 1.224744871391589 0
230 144 207 0.8660254037844386 0
231 144 207 -0.8660254037844386 0
23 145 9 1.224744871391589 0
58 145 44 1.224744871391589 0
107 145 84 1. 0
108 145 84 -0.7071067811865475 0
109 145 85 1.224744871391589 0
167 145 144 1.224744871391589 0
168 145 145 1. 0
169 145 145 -0.7071067811865475 0
232 145 205 1.224744871391589 0
233 145 206 1.224744871391589 0
234 145 207 0.8660254037844386 0
235 145 207 -0.8660254037844386 0
19 146 10 -1. 0
54 146 45 -1. 0
102 146 86 1. 0
103 146 87 1. 0
162 146 146 1. 0
163 146 147 1. 0
226 146 208 -1. 0
227 146 209 -1. 0
24 147 10 1.4142135623730951 0
60 147 45 1.4142135623730951 0
110 147 86 1.4142135623730951 0
112 147 87 1. 0
113 147 87 1. 0
171 147 146 1.4142135623730951 0
172 147 147 1. 0
173 147 147 -1. 0
236 147 208 1.224744871391589 0
237 147 208 -0.7071067811865475 0
238 147 209 -0.7071067811865475 0
239 147 209 1.224744871391589 0
18 148 11 1. 0
53 148 46 1. 0
100 148 88 1. 0
101 148 89 1. 0
160 148 148 1. 0
161 148 149 1. 0
224 148 210 1. 0
225 148 211 1. 0
25 149 11 1.4142135623730951 0
59 149 46 1.4142135623730951 0
111 149 88 -1.4142135623730951 0
112 149 89 1. 0
113 149 89 -1. 0
170 149 148 -1.4142135623730951 0
172 149 149 1. 0
173 149 149 1. 0
236 149 210 -0.7071067811865475 0
237 149 210 -1.224744871391589 0
238 149 211 -1.224744871391589 0
239 149 211 -0.7071067811865475 0
21 150 13 -1.224744871391589 0
56 150 48 -1.224744871391589 0
104 150 90 -1. 0
104 150 91 0.7071067811865475 0
105 150 92 1. 0
106 150 92 -0.7071067811865475 0
164 150 150 1. 0
165 150 150 -0.7071067811865475 0
166 150 151 -1. 0
166 150 152 0.7071067811865475 0
228 150 212 1.224744871391589 0
229 150 213 1.224744871391589 0
230 150 214 -0.6123724356957945 0
230 150 215 0.6123724356957945 0
231 150 214 0.6123724356957945 0
231 150 215 -0.6123724356957945 0
22 151 12 1. 0
22 152 12 1.4142135623730951 0
23 151 13 1. 0
23 152 13 -0.7071067811865475 0
57 151 47 1. 0
57 152 47 1.4142135623730951 0
58 151 48 1. 0
58 152 48 -0.7071067811865475 0
107 151 90 1. 0
107 152 91 1. 0
108 151 91 1. 0
108 152 90 1. 0
108 152 91 0.7071067811865475 0
109 151 92 1. 0
109 152 92 -0.7071067811865475 0
167 151 150 1. 0
167 152 150 -0.7071067811865475 0
168 151 151 1. 0
168 152 152 1. 0
169 151 152 1. 0
169 152 151 1. 0
169 152 152 0.7071067811865475 0
232 151 212 1. 0
232 152 212 -0.7071067811865475 0
233 151 213 1. 0
233 152 213 -0.7071067811865475 0
234 151 215 1. 0
234 152 214 1.0606601717798212 0
234 152 215 0.35355339059327373 0
235 151 214 1. 0
235 152 214 0.35355339059327373 0
235 152 215 1.0606601717798212 0
20 153 14 -1. 0
20 154 14 -1.4142135623730951 0
21 153 15 -1. 0
21 154 15 0.7071067811865475 0
55 153 49 -1. 0
55 154 49 -1.4142135623730951 0
56 153 50 -1. 0
56 154 50 0.7071067811865475 0
104 153 93 1. 0
104 154 93 -0.7071067811865475 0
105 153 94 1. 0
105 154 95 1. 0
106 153 95 1. 0
106 154 94 1. 0
106 154 95 0.7071067811865475 0
164 153 153 1. 0
164 154 154 1. 0
165 153 154 1. 0
165 154 153 1. 0
165 154 154 0.7071067811865475 0
166 153 155 1. 0
166 154 155 -0.7071067811865475 0
228 153 216 -1. 0
228 154 216 0.7071067811865475 0
229 153 217 -1. 0
229 154 217 0.7071067811865475 0
230 153 219 -1. 0
230 154 218 -1.0606601717798212 0
230 154 219 -0.35355339059327373 0
231 153 218 -1. 0
231 154 218 -0.35355339059327373 0
231 154 219 -1.0606601717798212 0
23 155 15 -1.224744871391589 0
58 155 50 -1.224744871391589 0
107 155 93 1. 0
108 155 93 -0.7071067811865475 0
109 155 94 -1. 0
109 155 95 0.7071067811865475 0
167 155 153 -1. 0
167 155 154 0.7071067811865475 0
168 155 155 1. 0
169 155 155 -0.7071067811865475 0
232 155 216 1.224744871391589 0
233 155 217 1.224744871391589 0
234 155 218 -0.6123724356957945 0
234 155 219 0.6123724356957945 0
235 155 218 0.6123724356957945 0
235 155 219 -0.6123724356957945 0
18 156 17 -1. 0
53 156 51 -1. 0
100 156 97 1. 0
101 156 98 0.7071067811865475 0
101 156 99 -0.7071067811865475 0
160 156 156 1. 0
161 156 158 0.7071067811865475 0
161 156 159 0.7071067811865475 0
224 156 220 -0.8660254037844386 0
224 156 221 0.5 0
225 156 222 0.5 0
225 156 223 -0.8660254037844386 0
19 157 16 1. 0
54 157 52 1. 0
102 157 96 1. 0
103 157 98 -0.7071067811865475 0
103 157 99 -0.7071067811865475 0
162 157 157 1. 0
163 157 158 -0.7071067811865475 0
163 157 159 0.7071067811865475 0
226 157 220 -0.5 0
226 157 221 -0.8660254037844386 0
227 157 222 -0.8660254037844386 0
227 157 223 -0.5 0
24 158 16 1. 0
24 159 16 -1. 0
25 158 17 -1. 0
25 159 17 -1. 0
59 158 51 -1. 0
59 159 51 -1. 0
60 158 52 1. 0
60 159 52 -1. 0
110 158 96 -1. 0
110 159 96 1. 0
111 158 97 -1. 0
111 159 97 -1. 0
112 158 98 1. 0
112 159 99 -1. 0
113 158 99 1. 0
113 159 98 -1. 0
170 158 156 -1. 0
170 159 156 -1. 0
171 158 157 -1. 0
171 159 157 1. 0
172 158 158 1. 0
172 159 159 1. 0
173 158 159 1. 0
173 159 158 1. 0
236 158 221 -1. 0
236 159 220 0.8660254037844386 0
236 159 221 0.5 0
237 158 220 1. 0
237 159 220 0.5 0
237 159 221 -0.8660254037844386 0
238 158 223 1. 0
238 159 222 -0.8660254037844386 0
238 159 223 0.5 0
239 158 222 -1. 0
239 159 222 0.5 0
239 159 223 0.8660254037844386 0
18 160 18 1. 0
53 160 53 1. 0
100 160 100 1. 0
101 160 101 1. 0
160 160 160 1. 0
161 160 161 1. 0
224 160 224 1. 0
225 160 225 1. 0
25 161 18 1.4142135623730951 0
59 161 53 1.4142135623730951 0
111 161 100 -1.4142135623730951 0
112 161 101 1. 0
113 161 101 -1. 0
170 161 160 -1.4142135623730951 0
172 161 161 1. 0
173 161 161 1. 0
236 161 224 -0.7071067811865475 0
237 161 224 -1.224744871391589 0
238 161 225 -1.224744871391589 0
239 161 225 -0.7071067811865475 0
19 162 19 1. 0
54 162 54 1. 0
102 162 102 1. 0
103 162 103 1. 0
162 162 162 1. 0
163 162 163 1. 0
226 162 226 1. 0
227 162 227 1. 0
24 163 19 -1.4142135623730951 0
60 163 54 -1.4142135623730951 0
110 163 102 1.4142135623730951 0
112 163 103 1. 0
113 163 103 1. 0
171 163 162 1.4142135623730951 0
172 163 163 1. 0
173 163 163 -1. 0
236 163 226 -1.224744871391589 0
237 163 226 0.7071067811865475 0
238 163 227 0.7071067811865475 0
239 163 227 -1.224744871391589 0
20 164 20 1. 0
20 165 20 1.4142135623730951 0
21 164 21 1. 0
21 165 21 -0.7071067811865475 0
55 164 55 1. 0
55 165 55 1.4142135623730951 0
56 164 56 1. 0
56 165 56 -0.7071067811865475 0
104 164 104 1. 0
104 165 104 -0.7071067811865475 0
105 164 105 1. 0
105 165 106 1. 0
106 164 106 1. 0
106 165 105 1. 0
106 165 106 0.7071067811865475 0
164 164 164 1. 0
164 165 165 1. 0
165 164 165 1. 0
165 165 164 1. 0
165 165 165 0.7071067811865475 0
166 164 166 1. 0
166 165 166 -0.7071067811865475 0
228 164 228 1. 0
228 165 228 -0.7071067811865475 0
229 164 229 1. 0
229 165 229 -0.7071067811865475 0
230 164 230 1. 0
230 165 230 0.35355339059327373 0
230 165 231 1.0606601717798212 0
231 164 231 1. 0
231 165 230 1.0606601717798212 0
231 165 231 0.35355339059327373 0
23 166 21 1.224744871391589 0
58 166 56 1.224744871391589 0
107 166 104 1. 0
108 166 104 -0.7071067811865475 0
109 166 105 -1. 0
109 166 106 0.7071067811865475 0
167 166 164 -1. 0
167 166 165 0.7071067811865475 0
168 166 166 1. 0
169 166 166 -0.7071067811865475 0
232 166 228 -1.224744871391589 0
233 166 229 -1.224744871391589 0
234 166 230 -0.6123724356957945 0
234 166 231 0.6123724356957945 0
235 166 230 0.6123724356957945 0
235 166 231 -0.6123724356957945 0
21 167 23 -1.224744871391589 0
56 167 58 -1.224744871391589 0
104 167 107 -1. 0
104 167 108 0.7071067811865475 0
105 167 109 1. 0
106 167 109 -0.7071067811865475 0
164 167 167 1. 0
165 167 167 -0.7071067811865475 0
166 167 168 -1. 0
166 167 169 0.7071067811865475 0
228 167 232 1.224744871391589 0
229 167 233 1.224744871391589 0
230 167 234 0.6123724356957945 0
230 167 235 -0.6123724356957945 0
231 167 234 -0.6123724356957945 0
231 167 235 0.6123724356957945 0
22 168 22 1. 0
22 169 22 1.4142135623730951 0
23 168 23 1. 0
23 169 23 -0.7071067811865475 0
57 168 57 1. 0
57 169 57 1.4142135623730951 0
58 168 58 1. 0
58 169 58 -0.7071067811865475 0
107 168 107 1. 0
107 169 108 1. 0
108 168 108 1. 0
108 169 107 1. 0
108 169 108 0.7071067811865475 0
109 168 109 1. 0
109 169 109 -0.7071067811865475 0
167 168 167 1. 0
167 169 167 -0.7071067811865475 0
168 168 168 1. 0
168 169 169 1. 0
169 168 169 1. 0
169 169 168 1. 0
169 169 169 0.7071067811865475 0
232 168 232 1. 0
232 169 232 -0.7071067811865475 0
233 168 233 1. 0
233 169 233 -0.7071067811865475 0
234 168 234 1. 0
234 169 234 0.35355339059327373 0
234 169 235 1.0606601717798212 0
235 168 235 1. 0
235 169 234 1.0606601717798212 0
235 169 235 0.35355339059327373 0
18 170 25 -1. 0
53 170 59 -1. 0
100 170 111 1. 0
101 170 112 -0.7071067811865475 0
101 170 113 0.7071067811865475 0
160 170 170 1. 0
161 170 172 -0.7071067811865475 0
161 170 173 -0.7071067811865475 0
224 170 236 0.5 0
224 170 237 0.8660254037844386 0
225 170 238 0.8660254037844386 0
225 170 239 0.5 0
19 171 24 -1. 0
54 171 60 -1. 0
102 171 110 1. 0
103 171 112 0.7071067811865475 0
103 171 113 0.7071067811865475 0
162 171 171 1. 0
163 171 172 0.7071067811865475 0
163 171 173 -0.7071067811865475 0
226 171 236 -0.8660254037844386 0
226 171 237 0.5 0
227 171 238 0.5 0
227 171 239 -0.8660254037844386 0
24 172 24 1. 0
24 173 24 -1. 0
25 172 25 1. 0
25 173 25 1. 0
59 172 59 1. 0
59 173 59 1. 0
60 172 60 1. 0
60 173 60 -1. 0
110 172 110 1. 0
110 173 110 -1. 0
111 172 111 1. 0
111 173 111 1. 0
112 172 112 1. 0
112 173 113 -1. 0
113 172 113 1. 0
113 173 112 -1. 0
170 172 170 1. 0
170 173 170 1. 0
171 172 171 1. 0
171 173 171 -1. 0
172 172 172 1. 0
172 173 173 1. 0
173 172 173 1. 0
173 173 172 1. 0
236 172 236 1. 0
236 173 236 -0.5 0
236 173 237 0.8660254037844386 0
237 172 237 1. 0
237 173 236 0.8660254037844386 0
237 173 237 0.5 0
238 172 238 1. 0
238 173 238 0.5 0
238 173 239 0.8660254037844386 0
239 172 239 1. 0
239 173 238 0.8660254037844386 0
239 173 239 -0.5 0
21 174 26 1.224744871391589 0
56 174 61 1.224744871391589 0
104 174 114 1.224744871391589 0
105 174 115 1. 0
106 174 115 -0.7071067811865475 0
164 174 174 1. 0
165 174 174 -0.7071067811865475 0
166 174 175 1.224744871391589 0
228 174 240 1.224744871391589 0
229 174 241 1.224744871391589 0
230 174 242 0.8660254037844386 0
231 174 242 -0.8660254037844386 0
23 175 26 1.224744871391589 0
58 175 61 1.224744871391589 0
107 175 114 1. 0
108 175 114 -0.7071067811865475 0
109 175 115 -1.224744871391589 0
167 175 174 -1.224744871391589 0
168 175 175 1. 0
169 175 175 -0.7071067811865475 0
232 175 240 -1.224744871391589 0
233 175 241 -1.224744871391589 0
234 175 242 -0.8660254037844386 0
235 175 242 0.8660254037844386 0
21 176 27 -1.224744871391589 0
56 176 62 -1.224744871391589 0
104 176 116 -1.224744871391589 0
105 176 117 1. 0
106 176 117 -0.7071067811865475 0
164 176 176 1. 0
165 176 176 -0.7071067811865475 0
166 176 177 -1.224744871391589 0
228 176 243 1.224744871391589 0
229 176 244 1.224744871391589 0
230 176 245 0.8660254037844386 0
231 176 245 -0.8660254037844386 0
23 177 27 1.224744871391589 0
58 177 62 1.224744871391589 0
107 177 116 1. 0
108 177 116 -0.7071067811865475 0
109 177 117 1.224744871391589 0
167 177 176 1.224744871391589 0
168 177 177 1. 0
169 177 177 -0.7071067811865475 0
232 177 243 1.224744871391589 0
233 177 244 1.224744871391589 0
234 177 245 0.8660254037844386 0
235 177 245 -0.8660254037844386 0
18 178 29 1. 0
53 178 63 1. 0
100 178 119 1. 0
101 178 120 -0.8660254037844386 0
101 178 121 0.5 0
160 178 178 1. 0
161 178 180 0.5 0
161 178 181 -0.8660254037844386 0
224 178 246 -0.7071067811865475 0
224 178 247 0.7071067811865475 0
225 178 248 -0.7071067811865475 0
225 178 249 -0.7071067811865475 0
19 179 28 -1. 0
54 179 64 -1. 0
102 179 118 1. 0
103 179 120 0.5 0
103 179 121 0.8660254037844386 0
162 179 179 1. 0
163 179 180 0.8660254037844386 0
163 179 181 0.5 0
226 179 246 -0.7071067811865475 0
226 179 247 -0.7071067811865475 0
227 179 248 -0.7071067811865475 0
227 179 249 0.7071067811865475 0
24 180 28 1.224744871391589 0
24 181 28 0.7071067811865475 0
25 180 29 0.7071067811865475 0
25 181 29 -1.224744871391589 0
59 180 63 0.7071067811865475 0
59 181 63 -1.224744871391589 0
60 180 64 1.224744871391589 0
60 181 64 0.7071067811865475 0
110 180 118 1.224744871391589 0
110 181 118 0.7071067811865475 0
111 180 119 -0.7071067811865475 0
111 181 119 1.224744871391589 0
112 180 121 1. 0
112 181 120 1. 0
113 180 120 0.8660254037844386 0
113 180 121 0.5 0
113 181 120 -0.5 0
113 181 121 0.8660254037844386 0
170 180 178 -0.7071067811865475 0
170 181 178 1.224744871391589 0
171 180 179 1.224744871391589 0
171 181 179 0.7071067811865475 0
172 180 180 1. 0
172 181 181 1. 0
173 180 180 -0.5 0
173 180 181 -0.8660254037844386 0
173 181 180 -0.8660254037844386 0
173 181 181 0.5 0
236 180 246 1. 0
236 180 247 0.5 0
236 181 247 0.8660254037844386 0
237 180 247 -0.8660254037844386 0
237 181 246 -1. 0
237 181 247 0.5 0
238 180 249 0.8660254037844386 0
238 181 248 -1. 0
238 181 249 -0.5 0
239 180 248 1. 0
239 180 249 -0.5 0
239 181 249 -0.8660254037844386 0
18 182 31 1. 0
53 182 65 1. 0
100 182 123 1. 0
101 182 124 0.5 0
101 182 125 0.8660254037844386 0
160 182 182 1. 0
161 182 184 0.8660254037844386 0
161 182 185 0.5 0
224 182 250 0.7071067811865475 0
224 182 251 -0.7071067811865475 0
225 182 252 0.7071067811865475 0
225 182 253 0.7071067811865475 0
19 183 30 1. 0
54 183 66 1. 0
102 183 122 1. 0
103 183 124 -0.8660254037844386 0
103 183 125 0.5 0
162 183 183 1. 0
163 183 184 0.5 0
163 183 185 -0.8660254037844386 0
226 183 250 -0.7071067811865475 0
226 183 251 -0.7071067811865475 0
227 183 252 -0.7071067811865475 0
227 183 253 0.7071067811865475 0
24 184 30 -0.7071067811865475 0
24 185 30 1.224744871391589 0
25 184 31 1.224744871391589 0
25 185 31 0.7071067811865475 0
59 184 65 1.224744871391589 0
59 185 65 0.7071067811865475 0
60 184 66 -0.7071067811865475 0
60 185 66 1.224744871391589 0
110 184 122 0.7071067811865475 0
110 185 122 -1.224744871391589 0
111 184 123 -1.224744871391589 0
111 185 123 -0.7071067811865475 0
112 184 125 1. 0
112 185 124 1. 0
113 184 124 -0.8660254037844386 0
113 184 125 -0.5 0
113 185 124 0.5 0
113 185 125 -0.8660254037844386 0
170 184 182 -1.224744871391589 0
170 185 182 -0.7071067811865475 0
171 184 183 0.7071067811865475 0
171 185 183 -1.224744871391589 0
172 184 184 1. 0
172 185 185 1. 0
173 184 184 0.5 0
173 184 185 0.8660254037844386 0
173 185 184 0.8660254037844386 0
173 185 185 -0.5 0
236 184 251 0.8660254037844386 0
236 185 250 -1. 0
236 185 251 -0.5 0
237 184 250 -1. 0
237 184 251 0.5 0
237 185 251 0.8660254037844386 0
238 184 252 -1. 0
238 184 253 -0.5 0
238 185 253 -0.8660254037844386 0
239 184 253 -0.8660254037844386 0
239 185 252 -1. 0
239 185 253 0.5 0
20 186 33 1.224744871391589 0
20 187 33 -1.224744871391589 0
21 186 34 -0.8660254037844386 0
21 187 34 -0.8660254037844386 0
55 186 67 1.224744871391589 0
55 187 67 -1.224744871391589 0
56 186 69 0.8660254037844386 0
56 187 69 0.8660254037844386 0
104 186 126 -0.6123724356957945 0
104 186 127 0.6123724356957945 0
104 187 126 -0.6123724356957945 0
104 187 127 0.6123724356957945 0
105 186 129 1. 0
105 187 128 1. 0
106 186 128 -1.0606601717798212 0
106 186 129 0.35355339059327373 0
106 187 128 0.35355339059327373 0
106 187 129 -1.0606601717798212 0
164 186 186 1. 0
164 187 187 1. 0
165 186 186 0.35355339059327373 0
165 186 187 -1.0606601717798212 0
165 187 186 -1.0606601717798212 0
165 187 187 0.35355339059327373 0
166 186 188 0.6123724356957945 0
166 186 189 -0.6123724356957945 0
166 187 188 0.6123724356957945 0
166 187 189 -0.6123724356957945 0
228 186 254 0.8660254037844386 0
228 187 254 0.8660254037844386 0
229 186 255 -0.8660254037844386 0
229 187 255 -0.8660254037844386 0
230 186 256 -0.8660254037844386 0
230 186 258 0.6123724356957945 0
230 187 257 0.8660254037844386 0
230 187 258 -0.6123724356957945 0
231 186 257 -0.8660254037844386 0
231 186 258 0.6123724356957945 0
231 187 256 0.8660254037844386 0
231 187 258 -0.6123724356957945 0
22 188 32 1.224744871391589 0
22 189 32 1.224744871391589 0
23 188 34 -0.8660254037844386 0
23 189 34 0.8660254037844386 0
57 188 68 1.224744871391589 0
57 189 68 1.224744871391589 0
58 188 69 0.8660254037844386 0
58 189 69 -0.8660254037844386 0
107 188 127 1. 0
107 189 126 1. 0
108 188 126 1.0606601717798212 0
108 188 127 0.35355339059327373 0
108 189 126 0.35355339059327373 0
108 189 127 1.0606601717798212 0
109 188 128 -0.6123724356957945 0
109 188 129 -0.6123724356957945 0
109 189 128 0.6123724356957945 0
109 189 129 0.6123724356957945 0
167 188 186 -0.6123724356957945 0
167 188 187 -0.6123724356957945 0
167 189 186 0.6123724356957945 0
167 189 187 0.6123724356957945 0
168 188 188 1. 0
168 189 189 1. 0
169 188 188 0.35355339059327373 0
169 188 189 1.0606601717798212 0
169 189 188 1.0606601717798212 0
169 189 189 0.35355339059327373 0
232 188 254 -0.8660254037844386 0
232 189 254 0.8660254037844386 0
233 188 255 0.8660254037844386 0
233 189 255 -0.8660254037844386 0
234 188 256 0.8660254037844386 0
234 188 258 0.6123724356957945 0
234 189 257 0.8660254037844386 0
234 189 258 0.6123724356957945 0
235 188 257 0.8660254037844386 0
235 188 258 0.6123724356957945 0
235 189 256 0.8660254037844386 0
235 189 258 0.6123724356957945 0
32 190 0 2. 0
68 190 35 2. 0
126 190 70 1.4142135623730951 0
127 190 70 1.4142135623730951 0
188 190 130 1.4142135623730951 0
189 190 130 1.4142135623730951 0
256 190 190 1. 0
257 190 190 1. 0
258 190 190 1.4142135623730951 0
33 191 1 -2. 0
67 191 36 -2. 0
128 191 71 -1.4142135623730951 0
129 191 71 1.4142135623730951 0
186 191 131 1.4142135623730951 0
187 191 131 -1.4142135623730951 0
256 191 191 1. 0
257 191 191 1. 0
258 191 191 -1.4142135623730951 0
28 192 2 -1.4142135623730951 0
64 192 37 -1.4142135623730951 0
118 192 72 1.4142135623730951 0
120 192 73 -0.7071067811865475 0
121 192 73 -1.224744871391589 0
179 192 132 1.4142135623730951 0
180 192 133 -1.224744871391589 0
181 192 133 -0.7071067811865475 0
246 192 192 1. 0
247 192 192 1. 0
248 192 193 1. 0
249 192 193 -1. 0
30 193 2 1.4142135623730951 0
66 193 37 1.4142135623730951 0
122 193 72 1.4142135623730951 0
124 193 73 1.224744871391589 0
125 193 73 -0.7071067811865475 0
183 193 132 1.4142135623730951 0
184 193 133 -0.7071067811865475 0
185 193 133 1.224744871391589 0
250 193 192 1. 0
251 193 192 1. 0
252 193 193 1. 0
253 193 193 -1. 0
29 194 3 1.4142135623730951 0
63 194 38 1.4142135623730951 0
119 194 74 -1.4142135623730951 0
120 194 75 -1.224744871391589 0
121 194 75 0.7071067811865475 0
178 194 134 -1.4142135623730951 0
180 194 135 0.7071067811865475 0
181 194 135 -1.224744871391589 0
246 194 194 1. 0
247 194 194 -1. 0
248 194 195 1. 0
249 194 195 1. 0
31 195 3 -1.4142135623730951 0
65 195 38 -1.4142135623730951 0
123 195 74 1.4142135623730951 0
124 195 75 -0.7071067811865475 0
125 195 75 -1.224744871391589 0
182 195 134 1.4142135623730951 0
184 195 135 -1.224744871391589 0
185 195 135 -0.7071067811865475 0
250 195 194 1. 0
251 195 194 -1. 0
252 195 195 1. 0
253 195 195 1. 0
26 196 4 1. 0
61 196 39 1. 0
114 196 76 -1. 0
115 196 77 -1. 0
174 196 136 -1. 0
175 196 137 -1. 0
240 196 196 1. 0
241 196 197 1. 0
242 196 198 -1. 0
27 197 4 -1. 0
62 197 39 -1. 0
116 197 76 1. 0
117 197 77 -1. 0
176 197 136 -1. 0
177 197 137 1. 0
243 197 196 1. 0
244 197 197 1. 0
245 197 198 -1. 0
34 198 4 -1.4142135623730951 0
69 198 39 1.4142135623730951 0
126 198 76 1. 0
127 198 76 -1. 0
128 198 77 -1. 0
129 198 77 -1. 0
186 198 136 -1. 0
187 198 136 -1. 0
188 198 137 -1. 0
189 198 137 1. 0
254 198 196 1.4142135623730951 0
255 198 197 -1.4142135623730951 0
256 198 198 1. 0
257 198 198 -1. 0
33 199 5 -2. 0
67 199 40 -2. 0
128 199 78 1.4142135623730951 0
129 199 78 -1.4142135623730951 0
186 199 138 -1.4142135623730951 0
187 199 138 1.4142135623730951 0
256 199 199 1. 0
257 199 199 1. 0
258 199 199 -1.4142135623730951 0
32 200 6 2. 0
68 200 41 2. 0
126 200 79 1.4142135623730951 0
127 200 79 1.4142135623730951 0
188 200 139 1.4142135623730951 0
189 200 139 1.4142135623730951 0
256 200 200 1. 0
257 200 200 1. 0
258 200 200 1.4142135623730951 0
29 201 7 1.4142135623730951 0
63 201 42 1.4142135623730951 0
119 201 80 -1.4142135623730951 0
120 201 81 -1.224744871391589 0
121 201 81 0.7071067811865475 0
178 201 140 -1.4142135623730951 0
180 201 141 0.7071067811865475 0
181 201 141 -1.224744871391589 0
246 201 201 1. 0
247 201 201 -1. 0
248 201 202 1. 0
249 201 202 1. 0
31 202 7 -1.4142135623730951 0
65 202 42 -1.4142135623730951 0
123 202 80 1.4142135623730951 0
124 202 81 -0.7071067811865475 0
125 202 81 -1.224744871391589 0
182 202 140 1.4142135623730951 0
184 202 141 -1.224744871391589 0
185 202 141 -0.7071067811865475 0
250 202 201 1. 0
251 202 201 -1. 0
252 202 202 1. 0
253 202 202 1. 0
28 203 8 -1.4142135623730951 0
64 203 43 -1.4142135623730951 0
118 203 82 -1.4142135623730951 0
120 203 83 0.7071067811865475 0
121 203 83 1.224744871391589 0
179 203 142 -1.4142135623730951 0
180 203 143 1.224744871391589 0
181 203 143 0.7071067811865475 0
246 203 203 1. 0
247 203 203 1. 0
248 203 204 1. 0
249 203 204 -1. 0
30 204 8 1.4142135623730951 0
66 204 43 1.4142135623730951 0
122 204 82 -1.4142135623730951 0
124 204 83 -1.224744871391589 0
125 204 83 0.7071067811865475 0
183 204 142 -1.4142135623730951 0
184 204 143 0.7071067811865475 0
185 204 143 -1.224744871391589 0
250 204 203 1. 0
251 204 203 1. 0
252 204 204 1. 0
253 204 204 -1. 0
26 205 9 -1. 0
61 205 44 -1. 0
114 205 84 -1. 0
115 205 85 1. 0
174 205 144 1. 0
175 205 145 -1. 0
240 205 205 1. 0
241 205 206 1. 0
242 205 207 1. 0
27 206 9 1. 0
62 206 44 1. 0
116 206 84 1. 0
117 206 85 1. 0
176 206 144 1. 0
177 206 145 1. 0
243 206 205 1. 0
244 206 206 1. 0
245 206 207 1. 0
34 207 9 -1.4142135623730951 0
69 207 44 1.4142135623730951 0
126 207 84 -1. 0
127 207 84 1. 0
128 207 85 -1. 0
129 207 85 -1. 0
186 207 144 -1. 0
187 207 144 -1. 0
188 207 145 1. 0
189 207 145 -1. 0
254 207 205 -1.4142135623730951 0
255 207 206 1.4142135623730951 0
256 207 207 1. 0
257 207 207 -1. 0
28 208 10 1.4142135623730951 0
64 208 45 1.4142135623730951 0
118 208 86 1.4142135623730951 0
120 208 87 0.7071067811865475 0
121 208 87 1.224744871391589 0
179 208 146 1.4142135623730951 0
180 208 147 1.224744871391589 0
181 208 147 0.7071067811865475 0
246 208 208 1. 0
247 208 208 1. 0
248 208 209 1. 0
249 208 209 -1. 0
30 209 10 -1.4142135623730951 0
66 209 45 -1.4142135623730951 0
122 209 86 1.4142135623730951 0
124 209 87 -1.224744871391589 0
125 209 87 0.7071067811865475 0
183 209 146 1.4142135623730951 0
184 209 147 0.7071067811865475 0
185 209 147 -1.224744871391589 0
250 209 208 1. 0
251 209 208 1. 0
252 209 209 1. 0
253 209 209 -1. 0
29 210 11 -1.4142135623730951 0
63 210 46 -1.4142135623730951 0
119 210 88 -1.4142135623730951 0
120 210 89 1.224744871391589 0
121 210 89 -0.7071067811865475 0
178 210 148 -1.4142135623730951 0
180 210 149 -0.7071067811865475 0
181 210 149 1.224744871391589 0
246 210 210 1. 0
247 210 210 -1. 0
248 210 211 1. 0
249 210 211 1. 0
31 211 11 1.4142135623730951 0
65 211 46 1.4142135623730951 0
123 211 88 1.4142135623730951 0
124 211 89 0.7071067811865475 0
125 211 89 1.224744871391589 0
182 211 148 1.4142135623730951 0
184 211 149 1.224744871391589 0
185 211 149 0.7071067811865475 0
250 211 210 1. 0
251 211 210 -1. 0
252 211 211 1. 0
253 211 211 1. 0
26 212 13 -1. 0
61 212 48 -1. 0
114 212 90 -0.816496580927726 0
114 212 91 0.5773502691896258 0
115 212 92 1. 0
174 212 150 1. 0
175 212 151 -0.816496580927726 0
175 212 152 0.5773502691896258 0
240 212 212 1. 0
241 212 213 1. 0
242 212 214 -0.7071067811865475 0
242 212 215 0.7071067811865475 0
27 213 13 1. 0
62 213 48 1. 0
116 213 90 0.816496580927726 0
116 213 91 -0.5773502691896258 0
117 213 92 1. 0
176 213 150 1. 0
177 213 151 0.816496580927726 0
177 213 152 -0.5773502691896258 0
243 213 212 1. 0
244 213 213 1. 0
245 213 214 -0.7071067811865475 0
245 213 215 0.7071067811865475 0
32 214 12 1.4142135623730951 0
32 215 12 1.4142135623730951 0
34 214 13 1. 0
34 215 13 -1. 0
68 214 47 1.4142135623730951 0
68 215 47 1.4142135623730951 0
69 214 48 -1. 0
69 215 48 1. 0
126 214 90 1.1547005383792517 0
126 214 91 0.4082482904638631 0
126 215 91 1.224744871391589 0
127 214 91 1.224744871391589 0
127 215 90 1.1547005383792517 0
127 215 91 0.4082482904638631 0
128 214 92 0.7071067811865475 0
128 215 92 -0.7071067811865475 0
129 214 92 0.7071067811865475 0
129 215 92 -0.7071067811865475 0
186 214 150 0.7071067811865475 0
186 215 150 -0.7071067811865475 0
187 214 150 0.7071067811865475 0
187 215 150 -0.7071067811865475 0
188 214 152 1.224744871391589 0
188 215 151 1.1547005383792517 0
188 215 152 0.4082482904638631 0
189 214 151 1.1547005383792517 0
189 214 152 0.4082482904638631 0
189 215 152 1.224744871391589 0
254 214 212 1. 0
254 215 212 -1. 0
255 214 213 -1. 0
255 215 213 1. 0
256 214 214 1. 0
256 215 215 1. 0
257 214 215 1. 0
257 215 214 1. 0
258 214 214 0.7071067811865475 0
258 214 215 0.7071067811865475 0
258 215 214 0.7071067811865475 0
258 215 215 0.7071067811865475 0
26 216 15 1. 0
61 216 50 1. 0
114 216 93 -1. 0
115 216 94 -0.816496580927726 0
115 216 95 0.5773502691896258 0
174 216 153 -0.816496580927726 0
174 216 154 0.5773502691896258 0
175 216 155 -1. 0
240 216 216 1. 0
241 216 217 1. 0
242 216 218 -0.7071067811865475 0
242 216 219 0.7071067811865475 0
27 217 15 -1. 0
62 217 50 -1. 0
116 217 93 1. 0
117 217 94 -0.816496580927726 0
117 217 95 0.5773502691896258 0
176 217 153 -0.816496580927726 0
176 217 154 0.5773502691896258 0
177 217 155 1. 0
243 217 216 1. 0
244 217 217 1. 0
245 217 218 -0.7071067811865475 0
245 217 219 0.7071067811865475 0
33 218 14 -1.4142135623730951 0
33 219 14 -1.4142135623730951 0
34 218 15 -1. 0
34 219 15 1. 0
67 218 49 -1.4142135623730951 0
67 219 49 -1.4142135623730951 0
69 218 50 1. 0
69 219 50 -1. 0
126 218 93 0.7071067811865475 0
126 219 93 -0.7071067811865475 0
127 218 93 -0.7071067811865475 0
127 219 93 0.7071067811865475 0
128 218 94 -1.1547005383792517 0
128 218 95 -0.4082482904638631 0
128 219 95 -1.224744871391589 0
129 218 95 1.224744871391589 0
129 219 94 1.1547005383792517 0
129 219 95 0.4082482904638631 0
186 218 154 1.224744871391589 0
186 219 153 1.1547005383792517 0
186 219 154 0.4082482904638631 0
187 218 153 -1.1547005383792517 0
187 218 154 -0.4082482904638631 0
187 219 154 -1.224744871391589 0
188 218 155 -0.7071067811865475 0
188 219 155 0.7071067811865475 0
189 218 155 0.7071067811865475 0
189 219 155 -0.7071067811865475 0
254 218 216 1. 0
254 219 216 -1. 0
255 218 217 -1. 0
255 219 217 1. 0
256 218 218 1. 0
256 219 219 1. 0
257 218 219 1. 0
257 219 218 1. 0
258 218 218 -0.7071067811865475 0
258 218 219 -0.7071067811865475 0
258 219 218 -0.7071067811865475 0
258 219 219 -0.7071067811865475 0
28 220 16 -0.7071067811865475 0
28 221 16 -1.224744871391589 0
29 220 17 -1.224744871391589 0
29 221 17 0.7071067811865475 0
63 220 51 -1.224744871391589 0
63 221 51 0.7071067811865475 0
64 220 52 -0.7071067811865475 0
64 221 52 -1.224744871391589 0
118 220 96 0.7071067811865475 0
118 221 96 1.224744871391589 0
119 220 97 1.224744871391589 0
119 221 97 -0.7071067811865475 0
120 220 98 -1. 0
120 220 99 0.5 0
120 221 99 -0.8660254037844386 0
121 220 99 -0.8660254037844386 0
121 221 98 -1. 0
121 221 99 -0.5 0
178 220 156 1.224744871391589 0
178 221 156 -0.7071067811865475 0
179 220 157 0.7071067811865475 0
179 221 157 1.224744871391589 0
180 220 159 0.8660254037844386 0
180 221 158 -1. 0
180 221 159 0.5 0
181 220 158 -1. 0
181 220 159 -0.5 0
181 221 159 0.8660254037844386 0
246 220 220 1. 0
246 221 221 1. 0
247 220 220 -0.5 0
247 220 221 0.8660254037844386 0
247 221 220 0.8660254037844386 0
247 221 221 0.5 0
248 220 223 1. 0
248 221 222 1. 0
249 220 222 -0.8660254037844386 0
249 220 223 0.5 0
249 221 222 -0.5 0
249 221 223 -0.8660254037844386 0
30 222 16 1.224744871391589 0
30 223 16 0.7071067811865475 0
31 222 17 -0.7071067811865475 0
31 223 17 1.224744871391589 0
65 222 51 -0.7071067811865475 0
65 223 51 1.224744871391589 0
66 222 52 1.224744871391589 0
66 223 52 0.7071067811865475 0
122 222 96 1.224744871391589 0
122 223 96 0.7071067811865475 0
123 222 97 0.7071067811865475 0
123 223 97 -1.224744871391589 0
124 222 98 1. 0
124 222 99 0.5 0
124 223 99 0.8660254037844386 0
125 222 99 -0.8660254037844386 0
125 223 98 -1. 0
125 223 99 0.5 0
182 222 156 0.7071067811865475 0
182 223 156 -1.224744871391589 0
183 222 157 1.224744871391589 0
183 223 157 0.7071067811865475 0
184 222 159 0.8660254037844386 0
184 223 158 -1. 0
184 223 159 -0.5 0
185 222 158 1. 0
185 222 159 -0.5 0
185 223 159 -0.8660254037844386 0
250 222 221 1. 0
250 223 220 1. 0
251 222 220 0.8660254037844386 0
251 222 221 0.5 0
251 223 220 -0.5 0
251 223 221 0.8660254037844386 0
252 222 222 1. 0
252 223 223 1. 0
253 222 222 -0.5 0
253 222 223 -0.8660254037844386 0
253 223 222 -0.8660254037844386 0
253 223 223 0.5 0
29 224 18 -1.4142135623730951 0
63 224 53 -1.4142135623730951 0
119 224 100 -1.4142135623730951 0
120 224 101 1.224744871391589 0
121 224 101 -0.7071067811865475 0
178 224 160 -1.4142135623730951 0
180 224 161 -0.7071067811865475 0
181 224 161 1.224744871391589 0
246 224 224 1. 0
247 224 224 -1. 0
248 224 225 1. 0
249 224 225 1. 0
31 225 18 1.4142135623730951 0
65 225 53 1.4142135623730951 0
123 225 100 1.4142135623730951 0
124 225 101 0.7071067811865475 0
125 225 101 1.224744871391589 0
182 225 160 1.4142135623730951 0
184 225 161 1.224744871391589 0
185 225 161 0.7071067811865475 0
250 225 224 1. 0
251 225 224 -1. 0
252 225 225 1. 0
253 225 225 1. 0
28 226 19 1.4142135623730951 0
64 226 54 1.4142135623730951 0
118 226 102 -1.4142135623730951 0
120 226 103 -0.7071067811865475 0
121 226 103 -1.224744871391589 0
179 226 162 -1.4142135623730951 0
180 226 163 -1.224744871391589 0
181 226 163 -0.7071067811865475 0
246 226 226 1. 0
247 226 226 1. 0
248 226 227 1. 0
249 226 227 -1. 0
30 227 19 -1.4142135623730951 0
66 227 54 -1.4142135623730951 0
122 227 102 -1.4142135623730951 0
124 227 103 1.224744871391589 0
125 227 103 -0.7071067811865475 0
183 227 162 -1.4142135623730951 0
184 227 163 -0.7071067811865475 0
185 227 163 1.224744871391589 0
250 227 226 1. 0
251 227 226 1. 0
252 227 227 1. 0
253 227 227 -1. 0
26 228 21 1. 0
61 228 56 1. 0
114 228 104 1. 0
115 228 105 0.816496580927726 0
115 228 106 -0.5773502691896258 0
174 228 164 0.816496580927726 0
174 228 165 -0.5773502691896258 0
175 228 166 1. 0
240 228 228 1. 0
241 228 229 1. 0
242 228 230 0.7071067811865475 0
242 228 231 -0.7071067811865475 0
27 229 21 -1. 0
62 229 56 -1. 0
116 229 104 -1. 0
117 229 105 0.816496580927726 0
117 229 106 -0.5773502691896258 0
176 229 164 0.816496580927726 0
176 229 165 -0.5773502691896258 0
177 229 166 -1. 0
243 229 228 1. 0
244 229 229 1. 0
245 229 230 0.7071067811865475 0
245 229 231 -0.7071067811865475 0
33 230 20 -1.4142135623730951 0
33 231 20 -1.4142135623730951 0
34 230 21 1. 0
34 231 21 -1. 0
67 230 55 -1.4142135623730951 0
67 231 55 -1.4142135623730951 0
69 230 56 -1. 0
69 231 56 1. 0
126 230 104 0.7071067811865475 0
126 231 104 -0.7071067811865475 0
127 230 104 -0.7071067811865475 0
127 231 104 0.7071067811865475 0
128 230 106 1.224744871391589 0
128 231 105 1.1547005383792517 0
128 231 106 0.4082482904638631 0
129 230 105 -1.1547005383792517 0
129 230 106 -0.4082482904638631 0
129 231 106 -1.224744871391589 0
186 230 164 -1.1547005383792517 0
186 230 165 -0.4082482904638631 0
186 231 165 -1.224744871391589 0
187 230 165 1.224744871391589 0
187 231 164 1.1547005383792517 0
187 231 165 0.4082482904638631 0
188 230 166 -0.7071067811865475 0
188 231 166 0.7071067811865475 0
189 230 166 0.7071067811865475 0
189 231 166 -0.7071067811865475 0
254 230 228 -1. 0
254 231 228 1. 0
255 230 229 1. 0
255 231 229 -1. 0
256 230 230 1. 0
256 231 231 1. 0
257 230 231 1. 0
257 231 230 1. 0
258 230 230 -0.7071067811865475 0
258 230 231 -0.7071067811865475 0
258 231 230 -0.7071067811865475 0
258 231 231 -0.7071067811865475 0
26 232 23 -1. 0
61 232 58 -1. 0
114 232 107 -0.816496580927726 0
114 232 108 0.5773502691896258 0
115 232 109 1. 0
174 232 167 1. 0
175 232 168 -0.816496580927726 0
175 232 169 0.5773502691896258 0
240 232 232 1. 0
241 232 233 1. 0
242 232 234 0.7071067811865475 0
242 232 235 -0.7071067811865475 0
27 233 23 1. 0
62 233 58 1. 0
116 233 107 0.816496580927726 0
116 233 108 -0.5773502691896258 0
117 233 109 1. 0
176 233 167 1. 0
177 233 168 0.816496580927726 0
177 233 169 -0.5773502691896258 0
243 233 232 1. 0
244 233 233 1. 0
245 233 234 0.7071067811865475 0
245 233 235 -0.7071067811865475 0
32 234 22 1.4142135623730951 0
32 235 22 1.4142135623730951 0
34 234 23 -1. 0
34 235 23 1. 0
68 234 57 1.4142135623730951 0
68 235 57 1.4142135623730951 0
69 234 58 1. 0
69 235 58 -1. 0
126 234 108 1.224744871391589 0
126 235 107 1.1547005383792517 0
126 235 108 0.4082482904638631 0
127 234 107 1.1547005383792517 0
127 234 108 0.4082482904638631 0
127 235 108 1.224744871391589 0
128 234 109 -0.7071067811865475 0
128 235 109 0.7071067811865475 0
129 234 109 -0.7071067811865475 0
129 235 109 0.7071067811865475 0
186 234 167 -0.7071067811865475 0
186 235 167 0.7071067811865475 0
187 234 167 -0.7071067811865475 0
187 235 167 0.7071067811865475 0
188 234 168 1.1547005383792517 0
188 234 169 0.4082482904638631 0
188 235 169 1.224744871391589 0
189 234 169 1.224744871391589 0
189 235 168 1.1547005383792517 0
189 235 169 0.4082482904638631 0
254 234 232 -1. 0
254 235 232 1. 0
255 234 233 1. 0
255 235 233 -1. 0
256 234 234 1. 0
256 235 235 1. 0
257 234 235 1. 0
257 235 234 1. 0
258 234 234 0.7071067811865475 0
258 234 235 0.7071067811865475 0
258 235 234 0.7071067811865475 0
258 235 235 0.7071067811865475 0
28 236 24 1.224744871391589 0
28 237 24 -0.7071067811865475 0
29 236 25 0.7071067811865475 0
29 237 25 1.224744871391589 0
63 236 59 0.7071067811865475 0
63 237 59 1.224744871391589 0
64 236 60 1.224744871391589 0
64 237 60 -0.7071067811865475 0
118 236 110 1.224744871391589 0
118 237 110 -0.7071067811865475 0
119 236 111 -0.7071067811865475 0
119 237 111 -1.224744871391589 0
120 236 113 0.8660254037844386 0
120 237 112 -1. 0
120 237 113 0.5 0
121 236 112 1. 0
121 236 113 0.5 0
121 237 113 -0.8660254037844386 0
178 236 170 -0.7071067811865475 0
178 237 170 -1.224744871391589 0
179 236 171 1.224744871391589 0
179 237 171 -0.7071067811865475 0
180 236 172 1. 0
180 236 173 -0.5 0
180 237 173 0.8660254037844386 0
181 236 173 -0.8660254037844386 0
181 237 172 -1. 0
181 237 173 -0.5 0
246 236 236 1. 0
246 237 237 1. 0
247 236 236 0.5 0
247 236 237 -0.8660254037844386 0
247 237 236 -0.8660254037844386 0
247 237 237 -0.5 0
248 236 239 1. 0
248 237 238 1. 0
249 236 238 0.8660254037844386 0
249 236 239 -0.5 0
249 237 238 0.5 0
249 237 239 0.8660254037844386 0
30 238 24 0.7071067811865475 0
30 239 24 -1.224744871391589 0
31 238 25 -1.224744871391589 0
31 239 25 -0.7071067811865475 0
65 238 59 -1.224744871391589 0
65 239 59 -0.7071067811865475 0
66 238 60 0.7071067811865475 0
66 239 60 -1.224744871391589 0
122 238 110 -0.7071067811865475 0
122 239 110 1.224744871391589 0
123 238 111 1.224744871391589 0
123 239 111 0.7071067811865475 0
124 238 113 0.8660254037844386 0
124 239 112 -1. 0
124 239 113 -0.5 0
125 238 112 -1. 0
125 238 113 0.5 0
125 239 113 0.8660254037844386 0
182 238 170 1.224744871391589 0
182 239 170 0.7071067811865475 0
183 238 171 -0.7071067811865475 0
183 239 171 1.224744871391589 0
184 238 172 -1. 0
184 238 173 -0.5 0
184 239 173 -0.8660254037844386 0
185 238 173 -0.8660254037844386 0
185 239 172 -1. 0
185 239 173 0.5 0
250 238 237 1. 0
250 239 236 1. 0
251 238 236 -0.8660254037844386 0
251 238 237 -0.5 0
251 239 236 0.5 0
251 239 237 -0.8660254037844386 0
252 238 238 1. 0
252 239 239 1. 0
253 238 238 0.5 0
253 238 239 0.8660254037844386 0
253 239 238 0.8660254037844386 0
253 239 239 -0.5 0
26 240 26 1. 0
61 240 61 1. 0
114 240 114 1. 0
115 240 115 1. 0
174 240 174 1. 0
175 240 175 1. 0
240 240 240 1. 0
241 240 241 1. 0
242 240 242 1. 0
27 241 26 -1. 0
62 241 61 -1. 0
116 241 114 -1. 0
117 241 115 1. 0
176 241 174 1. 0
177 241 175 -1. 0
243 241 240 1. 0
244 241 241 1. 0
245 241 242 1. 0
34 242 26 1.4142135623730951 0
69 242 61 -1.4142135623730951 0
126 242 114 1. 0
127 242 114 -1. 0
128 242 115 -1. 0
129 242 115 -1. 0
186 242 174 -1. 0
187 242 174 -1. 0
188 242 175 -1. 0
189 242 175 1. 0
254 242 240 -1.4142135623730951 0
255 242 241 1.4142135623730951 0
256 242 242 1. 0
257 242 242 -1. 0
26 243 27 -1. 0
61 243 62 -1. 0
114 243 116 -1. 0
115 243 117 1. 0
174 243 176 1. 0
175 243 177 -1. 0
240 243 243 1. 0
241 243 244 1. 0
242 243 245 1. 0
27 244 27 1. 0
62 244 62 1. 0
116 244 116 1. 0
117 244 117 1. 0
176 244 176 1. 0
177 244 177 1. 0
243 244 243 1. 0
244 244 244 1. 0
245 244 245 1. 0
34 245 27 -1.4142135623730951 0
69 245 62 1.4142135623730951 0
126 245 116 -1. 0
127 245 116 1. 0
128 245 117 -1. 0
129 245 117 -1. 0
186 245 176 -1. 0
187 245 176 -1. 0
188 245 177 1. 0
189 245 177 -1. 0
254 245 243 -1.4142135623730951 0
255 245 244 1.4142135623730951 0
256 245 245 1. 0
257 245 245 -1. 0
28 246 28 1. 0
28 247 28 1. 0
29 246 29 1. 0
29 247 29 -1. 0
63 246 63 1. 0
63 247 63 -1. 0
64 246 64 1. 0
64 247 64 1. 0
118 246 118 1. 0
118 247 118 1. 0
119 246 119 1. 0
119 247 119 -1. 0
120 246 120 1. 0
120 247 120 -0.5 0
120 247 121 0.8660254037844386 0
121 246 121 1. 0
121 247 120 0.8660254037844386 0
121 247 121 0.5 0
178 246 178 1. 0
178 247 178 -1. 0
179 246 179 1. 0
179 247 179 1. 0
180 246 180 1. 0
180 247 180 0.5 0
180 247 181 0.8660254037844386 0
181 246 181 1. 0
181 247 180 0.8660254037844386 0
181 247 181 -0.5 0
246 246 246 1. 0
246 247 247 1. 0
247 246 247 1. 0
247 247 246 1. 0
248 246 248 1. 0
248 247 249 -1. 0
249 246 249 1. 0
249 247 248 -1. 0
30 248 28 -1. 0
30 249 28 1. 0
31 248 29 -1. 0
31 249 29 -1. 0
65 248 63 -1. 0
65 249 63 -1. 0
66 248 64 -1. 0
66 249 64 1. 0
122 248 118 1. 0
122 249 118 -1. 0
123 248 119 -1. 0
123 249 119 -1. 0
124 248 121 -1. 0
124 249 120 0.8660254037844386 0
124 249 121 0.5 0
125 248 120 1. 0
125 249 120 0.5 0
125 249 121 -0.8660254037844386 0
182 248 178 -1. 0
182 249 178 -1. 0
183 248 179 1. 0
183 249 179 -1. 0
184 248 181 1. 0
184 249 180 -0.8660254037844386 0
184 249 181 0.5 0
185 248 180 -1. 0
185 249 180 0.5 0
185 249 181 0.8660254037844386 0
250 248 246 1. 0
250 249 247 -1. 0
251 248 247 1. 0
251 249 246 -1. 0
252 248 248 1. 0
252 249 249 1. 0
253 248 249 1. 0
253 249 248 1. 0
28 250 30 -1. 0
28 251 30 -1. 0
29 250 31 -1. 0
29 251 31 1. 0
63 250 65 -1. 0
63 251 65 1. 0
64 250 66 -1. 0
64 251 66 -1. 0
118 250 122 1. 0
118 251 122 1. 0
119 250 123 -1. 0
119 251 123 1. 0
120 250 125 1. 0
120 251 124 -0.8660254037844386 0
120 251 125 -0.5 0
121 250 124 -1. 0
121 251 124 -0.5 0
121 251 125 0.8660254037844386 0
178 250 182 -1. 0
178 251 182 1. 0
179 250 183 1. 0
179 251 183 1. 0
180 250 185 -1. 0
180 251 184 0.8660254037844386 0
180 251 185 -0.5 0
181 250 184 1. 0
181 251 184 -0.5 0
181 251 185 -0.8660254037844386 0
246 250 250 1. 0
246 251 251 1. 0
247 250 251 1. 0
247 251 250 1. 0
248 250 252 1. 0
248 251 253 -1. 0
249 250 253 1. 0
249 251 252 -1. 0
30 252 30 1. 0
30 253 30 -1. 0
31 252 31 1. 0
31 253 31 1. 0
65 252 65 1. 0
65 253 65 1. 0
66 252 66 1. 0
66 253 66 -1. 0
122 252 122 1. 0
122 253 122 -1. 0
123 252 123 1. 0
123 253 123 1. 0
124 252 124 1. 0
124 253 124 -0.5 0
124 253 125 0.8660254037844386 0
125 252 125 1. 0
125 253 124 0.8660254037844386 0
125 253 125 0.5 0
182 252 182 1. 0
182 253 182 1. 0
183 252 183 1. 0
183 253 183 -1. 0
184 252 184 1. 0
184 253 184 0.5 0
184 253 185 0.8660254037844386 0
185 252 185 1. 0
185 253 184 0.8660254037844386 0
185 253 185 -0.5 0
250 252 250 1. 0
250 253 251 -1. 0
251 252 251 1. 0
251 253 250 -1. 0
252 252 252 1. 0
252 253 253 1. 0
253 252 253 1. 0
253 253 252 1. 0
26 254 34 -1. 0
61 254 69 1. 0
114 254 126 -0.7071067811865475 0
114 254 127 0.7071067811865475 0
115 254 128 0.7071067811865475 0
115 254 129 0.7071067811865475 0
174 254 186 0.7071067811865475 0
174 254 187 0.7071067811865475 0
175 254 188 0.7071067811865475 0
175 254 189 -0.7071067811865475 0
240 254 254 1. 0
241 254 255 -1. 0
242 254 256 -0.7071067811865475 0
242 254 257 0.7071067811865475 0
27 255 34 -1. 0
62 255 69 1. 0
116 255 126 -0.7071067811865475 0
116 255 127 0.7071067811865475 0
117 255 128 -0.7071067811865475 0
117 255 129 -0.7071067811865475 0
176 255 186 -0.7071067811865475 0
176 255 187 -0.7071067811865475 0
177 255 188 0.7071067811865475 0
177 255 189 -0.7071067811865475 0
243 255 254 -1. 0
244 255 255 1. 0
245 255 256 0.7071067811865475 0
245 255 257 -0.7071067811865475 0
32 256 32 1. 0
32 257 32 1. 0
32 258 32 1.4142135623730951 0
33 256 33 1. 0
33 257 33 1. 0
33 258 33 -1.4142135623730951 0
34 256 34 1. 0
34 257 34 -1. 0
67 256 67 1. 0
67 257 67 1. 0
67 258 67 -1.4142135623730951 0
68 256 68 1. 0
68 257 68 1. 0
68 258 68 1.4142135623730951 0
69 256 69 1. 0
69 257 69 -1. 0
126 256 126 1. 0
126 257 127 1. 0
126 258 126 0.7071067811865475 0
126 258 127 0.7071067811865475 0
127 256 127 1. 0
127 257 126 1. 0
127 258 126 0.7071067811865475 0
127 258 127 0.7071067811865475 0
128 256 128 1. 0
128 257 129 -1. 0
128 258 128 -0.7071067811865475 0
128 258 129 0.7071067811865475 0
129 256 129 1. 0
129 257 128 -1. 0
129 258 128 0.7071067811865475 0
129 258 129 -0.7071067811865475 0
186 256 186 1. 0
186 257 187 -1. 0
186 258 186 -0.7071067811865475 0
186 258 187 0.7071067811865475 0
187 256 187 1. 0
187 257 186 -1. 0
187 258 186 0.7071067811865475 0
187 258 187 -0.7071067811865475 0
188 256 188 1. 0
188 257 189 1. 0
188 258 188 0.7071067811865475 0
188 258 189 0.7071067811865475 0
189 256 189 1. 0
189 257 188 1. 0
189 258 188 0.7071067811865475 0
189 258 189 0.7071067811865475 0
254 256 254 1. 0
254 257 254 -1. 0
255 256 255 1. 0
255 257 255 -1. 0
256 256 256 1. 0
256 257 257 1. 0
256 258 258 1. 0
257 256 257 1. 0
257 257 256 1. 0
257 258 258 1. 0
258 256 258 1. 0
258 257 258 1. 0
258 258 256 1. 0
258 258 257 1. 0