1 1 1 1 1 0 0 0 0 0 0 0 0 0 0 0 0 0 0 0 0 0 0 0 0 0 0 0 0 0 1 1 1 1 1 0 0 0 0 0 0 0 0 0 0 0 0 0 0 0 0 0 0 0 0 0 0 0 0 0 1 1 1 1 1 0 0 0 0 0 0 0 0 0 0 0 0 0 0 0 0 0 0 0 0 0 0 0 0 0 1 1 1 1 1 0 0 0 0 0 0 0 0 0 0 0 0 0 0 0 0 0 0 0 0 0 0 0 0 0 1 1 1 1 1
0 0 0 1. 0
25 0 25 1. 0
50 0 50 1. 0
75 0 75 1. 0
100 0 100 1. 0
1 1 1 1. 0
26 1 26 1. 0
51 1 51 1. 0
76 1 76 1. 0
101 1 101 1. 0
2 2 2 1. 0
27 2 27 1. 0
52 2 52 1. 0
77 2 77 1. 0
102 2 102 1. 0
3 3 3 1. 0
28 3 28 1. 0
53 3 53 1. 0
78 3 78 1. 0
103 3 103 1. 0
4 4 4 1. 0
29 4 29 1. 0
54 4 54 1. 0
79 4 79 1. 0
104 4 104 1. 0
2 5 5 1. 0
27 5 30 1. 0
52 5 55 1. 0
77 5 80 0.30901699437494745 0.9510565162951535
102 5 105 1. 0
0 6 6 1. 0
25 6 31 1. 0
50 6 56 1. 0
75 6 81 1. 0
100 6 106 1. 0
3 7 7 1. 0
28 7 32 1. 0
53 7 57 1. 0
78 7 82 -0.8090169943749473 0.5877852522924732
103 7 107 1. 0
4 8 8 1. 0
29 8 33 1. 0
54 8 58 1. 0
79 8 83 -0.8090169943749473 -0.5877852522924732
104 8 108 1. 0
1 9 9 1. 0
26 9 34 1. 0
51 9 59 1. 0
76 9 84 0.30901699437494745 -0.9510565162951535
101 9 109 1. 0
1 10 10 1. 0
26 10 35 1. 0
51 10 60 1. 0
76 10 85 1. 0
101 10 110 0.30901699437494745 0.9510565162951535
4 11 11 1. 0
29 11 36 1. 0
54 11 61 1. 0
79 11 86 1. 0
104 11 111 -0.8090169943749473 0.5877852522924732
0 12 12 1. 0
25 12 37 1. 0
50 12 62 1. 0
75 12 87 1. 0
100 12 112 1. 0
2 13 13 1. 0
27 13 38 1. 0
52 13 63 1. 0
77 13 88 1. 0
102 13 113 0.30901699437494745 -0.9510565162951535
3 14 14 1. 0
28 14 39 1. 0
53 14 64 1. 0
78 14 89 1. 0
103 14 114 -0.8090169943749473 -0.5877852522924732
4 15 15 1. 0
29 15 40 -0.8090169943749473 0.5877852522924732
54 15 65 1. 0
79 15 90 1. 0
104 15 115 -0.8090169943749473 0.5877852522924732
3 16 16 1. 0
28 16 41 -0.8090169943749473 -0.5877852522924732
53 16 66 1. 0
78 16 91 1. 0
103 16 116 -0.8090169943749473 -0.5877852522924732
1 17 17 1. 0
26 17 42 0.30901699437494745 0.9510565162951535
51 17 67 1. 0
76 17 92 1. 0
101 17 117 0.30901699437494745 0.9510565162951535
0 18 18 1. 0
25 18 43 1. 0
50 18 68 1. 0
75 18 93 1. 0
100 18 118 1. 0
2 19 19 1. 0
27 19 44 0.30901699437494745 -0.9510565162951535
52 19 69 1. 0
77 19 94 1. 0
102 19 119 0.30901699437494745 -0.9510565162951535
3 20 20 1. 0
28 20 45 1. 0
53 20 70 -0.8090169943749473 0.5877852522924732
78 20 95 -0.8090169943749473 0.5877852522924732
103 20 120 1. 0
2 21 21 1. 0
27 21 46 1. 0
52 21 71 0.30901699437494745 0.9510565162951535
77 21 96 0.30901699437494745 0.9510565162951535
102 21 121 1. 0
4 22 22 1. 0
29 22 47 1. 0
54 22 72 -0.8090169943749473 -0.5877852522924732
79 22 97 -0.8090169943749473 -0.5877852522924732
104 22 122 1. 0
1 23 23 1. 0
26 23 48 1. 0
51 23 73 0.30901699437494745 -0.9510565162951535
76 23 98 0.30901699437494745 -0.9510565162951535
101 23 123 1. 0
0 24 24 1. 0
25 24 49 1. 0
50 24 74 1. 0
75 24 99 1. 0
100 24 124 1. 0
6 25 0 1. 0
31 25 25 1. 0
56 25 50 1. 0
81 25 75 1. 0
106 25 100 1. 0
9 26 1 1. 0
34 26 26 1. 0
59 26 51 1. 0
84 26 76 0.30901699437494745 0.9510565162951535
109 26 101 1. 0
5 27 2 1. 0
30 27 27 1. 0
55 27 52 1. 0
80 27 77 0.30901699437494745 -0.9510565162951535
105 27 102 1. 0
7 28 3 1. 0
32 28 28 1. 0
57 28 53 1. 0
82 28 78 -0.8090169943749473 -0.5877852522924732
107 28 103 1. 0
8 29 4 1. 0
33 29 29 1. 0
58 29 54 1. 0
83 29 79 -0.8090169943749473 0.5877852522924732
108 29 104 1. 0
5 30 5 1. 0
30 30 30 1. 0
55 30 55 1. 0
80 30 80 1. 0
105 30 105 1. 0
6 31 6 1. 0
31 31 31 1. 0
56 31 56 1. 0
81 31 81 1. 0
106 31 106 1. 0
7 32 7 1. 0
32 32 32 1. 0
57 32 57 1. 0
82 32 82 1. 0
107 32 107 1. 0
8 33 8 1. 0
33 33 33 1. 0
58 33 58 1. 0
83 33 83 1. 0
108 33 108 1. 0
9 34 9 1. 0
34 34 34 1. 0
59 34 59 1. 0
84 34 84 1. 0
109 34 109 1. 0
9 35 10 1. 0
34 35 35 1. 0
59 35 60 1. 0
84 35 85 0.30901699437494745 0.9510565162951535
109 35 110 0.30901699437494745 0.9510565162951535
8 36 11 1. 0
33 36 36 1. 0
58 36 61 1. 0
83 36 86 -0.8090169943749473 0.5877852522924732
108 36 111 -0.8090169943749473 0.5877852522924732
6 37 12 1. 0
31 37 37 1. 0
56 37 62 1. 0
81 37 87 1. 0
106 37 112 1. 0
5 38 13 1. 0
30 38 38 1. 0
55 38 63 1. 0
80 38 88 0.30901699437494745 -0.9510565162951535
105 38 113 0.30901699437494745 -0.9510565162951535
7 39 14 1. 0
32 39 39 1. 0
57 39 64 1. 0
82 39 89 -0.8090169943749473 -0.5877852522924732
107 39 114 -0.8090169943749473 -0.5877852522924732
8 40 15 -0.8090169943749473 -0.5877852522924732
33 40 40 1. 0
58 40 65 -0.8090169943749473 -0.5877852522924732
83 40 90 1. 0
108 40 115 1. 0
7 41 16 -0.8090169943749473 0.5877852522924732
32 41 41 1. 0
57 41 66 -0.8090169943749473 0.5877852522924732
82 41 91 1. 0
107 41 116 1. 0
9 42 17 0.30901699437494745 -0.9510565162951535
34 42 42 1. 0
59 42 67 0.30901699437494745 -0.9510565162951535
84 42 92 1. 0
109 42 117 1. 0
6 43 18 1. 0
31 43 43 1. 0
56 43 68 1. 0
81 43 93 1. 0
106 43 118 1. 0
5 44 19 0.30901699437494745 0.9510565162951535
30 44 44 1. 0
55 44 69 0.30901699437494745 0.9510565162951535
80 44 94 1. 0
105 44 119 1. 0
7 45 20 1. 0
32 45 45 1. 0
57 45 70 -0.8090169943749473 0.5877852522924732
82 45 95 1. 0
107 45 120 1. 0
5 46 21 1. 0
30 46 46 1. 0
55 46 71 0.30901699437494745 0.9510565162951535
80 46 96 1. 0
105 46 121 1. 0
8 47 22 1. 0
33 47 47 1. 0
58 47 72 -0.8090169943749473 -0.5877852522924732
83 47 97 1. 0
108 47 122 1. 0
9 48 23 1. 0
34 48 48 1. 0
59 48 73 0.30901699437494745 -0.9510565162951535
84 48 98 1. 0
109 48 123 1. 0
6 49 24 1. 0
31 49 49 1. 0
56 49 74 1. 0
81 49 99 1. 0
106 49 124 1. 0
12 50 0 1. 0
37 50 25 1. 0
62 50 50 1. 0
87 50 75 1. 0
112 50 100 1. 0
10 51 1 1. 0
35 51 26 1. 0
60 51 51 1. 0
85 51 76 1. 0
110 51 101 0.30901699437494745 -0.9510565162951535
13 52 2 1. 0
38 52 27 1. 0
63 52 52 1. 0
88 52 77 1. 0
113 52 102 0.30901699437494745 0.9510565162951535
14 53 3 1. 0
39 53 28 1. 0
64 53 53 1. 0
89 53 78 1. 0
114 53 103 -0.8090169943749473 0.5877852522924732
11 54 4 1. 0
36 54 29 1. 0
61 54 54 1. 0
86 54 79 1. 0
111 54 104 -0.8090169943749473 -0.5877852522924732
13 55 5 1. 0
38 55 30 1. 0
63 55 55 1. 0
88 55 80 0.30901699437494745 0.9510565162951535
113 55 105 0.30901699437494745 0.9510565162951535
12 56 6 1. 0
37 56 31 1. 0
62 56 56 1. 0
87 56 81 1. 0
112 56 106 1. 0
14 57 7 1. 0
39 57 32 1. 0
64 57 57 1. 0
89 57 82 -0.8090169943749473 0.5877852522924732
114 57 107 -0.8090169943749473 0.5877852522924732
11 58 8 1. 0
36 58 33 1. 0
61 58 58 1. 0
86 58 83 -0.8090169943749473 -0.5877852522924732
111 58 108 -0.8090169943749473 -0.5877852522924732
10 59 9 1. 0
35 59 34 1. 0
60 59 59 1. 0
85 59 84 0.30901699437494745 -0.9510565162951535
110 59 109 0.30901699437494745 -0.9510565162951535
10 60 10 1. 0
35 60 35 1. 0
60 60 60 1. 0
85 60 85 1. 0
110 60 110 1. 0
11 61 11 1. 0
36 61 36 1. 0
61 61 61 1. 0
86 61 86 1. 0
111 61 111 1. 0
12 62 12 1. 0
37 62 37 1. 0
62 62 62 1. 0
87 62 87 1. 0
112 62 112 1. 0
13 63 13 1. 0
38 63 38 1. 0
63 63 63 1. 0
88 63 88 1. 0
113 63 113 1. 0
14 64 14 1. 0
39 64 39 1. 0
64 64 64 1. 0
89 64 89 1. 0
114 64 114 1. 0
11 65 15 1. 0
36 65 40 -0.8090169943749473 0.5877852522924732
61 65 65 1. 0
86 65 90 1. 0
111 65 115 1. 0
14 66 16 1. 0
39 66 41 -0.8090169943749473 -0.5877852522924732
64 66 66 1. 0
89 66 91 1. 0
114 66 116 1. 0
10 67 17 1. 0
35 67 42 0.30901699437494745 0.9510565162951535
60 67 67 1. 0
85 67 92 1. 0
110 67 117 1. 0
12 68 18 1. 0
37 68 43 1. 0
62 68 68 1. 0
87 68 93 1. 0
112 68 118 1. 0
13 69 19 1. 0
38 69 44 0.30901699437494745 -0.9510565162951535
63 69 69 1. 0
88 69 94 1. 0
113 69 119 1. 0
14 70 20 -0.8090169943749473 -0.5877852522924732
39 70 45 -0.8090169943749473 -0.5877852522924732
64 70 70 1. 0
89 70 95 1. 0
114 70 120 1. 0
13 71 21 0.30901699437494745 -0.9510565162951535
38 71 46 0.30901699437494745 -0.9510565162951535
63 71 71 1. 0
88 71 96 1. 0
113 71 121 1. 0
11 72 22 -0.8090169943749473 0.5877852522924732
36 72 47 -0.8090169943749473 0.5877852522924732
61 72 72 1. 0
86 72 97 1. 0
111 72 122 1. 0
10 73 23 0.30901699437494745 0.9510565162951535
35 73 48 0.30901699437494745 0.9510565162951535
60 73 73 1. 0
85 73 98 1. 0
110 73 123 1. 0
12 74 24 1. 0
37 74 49 1. 0
62 74 74 1. 0
87 74 99 1. 0
112 74 124 1. 0
18 75 0 1. 0
43 75 25 1. 0
68 75 50 1. 0
93 75 75 1. 0
118 75 100 1. 0
17 76 1 1. 0
42 76 26 0.30901699437494745 -0.9510565162951535
67 76 51 1. 0
92 76 76 1. 0
117 76 101 0.30901699437494745 -0.9510565162951535
19 77 2 1. 0
44 77 27 0.30901699437494745 0.9510565162951535
69 77 52 1. 0
94 77 77 1. 0
119 77 102 0.30901699437494745 0.9510565162951535
16 78 3 1. 0
41 78 28 -0.8090169943749473 0.5877852522924732
66 78 53 1. 0
91 78 78 1. 0
116 78 103 -0.8090169943749473 0.5877852522924732
15 79 4 1. 0
40 79 29 -0.8090169943749473 -0.5877852522924732
65 79 54 1. 0
90 79 79 1. 0
115 79 104 -0.8090169943749473 -0.5877852522924732
19 80 5 0.30901699437494745 -0.9510565162951535
44 80 30 1. 0
69 80 55 0.30901699437494745 -0.9510565162951535
94 80 80 1. 0
119 80 105 1. 0
18 81 6 1. 0
43 81 31 1. 0
68 81 56 1. 0
93 81 81 1. 0
118 81 106 1. 0
16 82 7 -0.8090169943749473 -0.5877852522924732
41 82 32 1. 0
66 82 57 -0.8090169943749473 -0.5877852522924732
91 82 82 1. 0
116 82 107 1. 0
15 83 8 -0.8090169943749473 0.5877852522924732
40 83 33 1. 0
65 83 58 -0.8090169943749473 0.5877852522924732
90 83 83 1. 0
115 83 108 1. 0
17 84 9 0.30901699437494745 0.9510565162951535
42 84 34 1. 0
67 84 59 0.30901699437494745 0.9510565162951535
92 84 84 1. 0
117 84 109 1. 0
17 85 10 1. 0
42 85 35 0.30901699437494745 -0.9510565162951535
67 85 60 1. 0
92 85 85 1. 0
117 85 110 1. 0
15 86 11 1. 0
40 86 36 -0.8090169943749473 -0.5877852522924732
65 86 61 1. 0
90 86 86 1. 0
115 86 111 1. 0
18 87 12 1. 0
43 87 37 1. 0
68 87 62 1. 0
93 87 87 1. 0
118 87 112 1. 0
19 88 13 1. 0
44 88 38 0.30901699437494745 0.9510565162951535
69 88 63 1. 0
94 88 88 1. 0
119 88 113 1. 0
16 89 14 1. 0
41 89 39 -0.8090169943749473 0.5877852522924732
66 89 64 1. 0
91 89 89 1. 0
116 89 114 1. 0
15 90 15 1. 0
40 90 40 1. 0
65 90 65 1. 0
90 90 90 1. 0
115 90 115 1. 0
16 91 16 1. 0
41 91 41 1. 0
66 91 66 1. 0
91 91 91 1. 0
116 91 116 1. 0
17 92 17 1. 0
42 92 42 1. 0
67 92 67 1. 0
92 92 92 1. 0
117 92 117 1. 0
18 93 18 1. 0
43 93 43 1. 0
68 93 68 1. 0
93 93 93 1. 0
118 93 118 1. 0
19 94 19 1. 0
44 94 44 1. 0
69 94 69 1. 0
94 94 94 1. 0
119 94 119 1. 0
16 95 20 -0.8090169943749473 -0.5877852522924732
41 95 45 1. 0
66 95 70 1. 0
91 95 95 1. 0
116 95 120 1. 0
19 96 21 0.30901699437494745 -0.9510565162951535
44 96 46 1. 0
69 96 71 1. 0
94 96 96 1. 0
119 96 121 1. 0
15 97 22 -0.8090169943749473 0.5877852522924732
40 97 47 1. 0
65 97 72 1. 0
90 97 97 1. 0
115 97 122 1. 0
17 98 23 0.30901699437494745 0.9510565162951535
42 98 48 1. 0
67 98 73 1. 0
92 98 98 1. 0
117 98 123 1. 0
18 99 24 1. 0
43 99 49 1. 0
68 99 74 1. 0
93 99 99 1. 0
118 99 124 1. 0
24 100 0 1. 0
49 100 25 1. 0
74 100 50 1. 0
99 100 75 1. 0
124 100 100 1. 0
23 101 1 1. 0
48 101 26 1. 0
73 101 51 0.30901699437494745 0.9510565162951535
98 101 76 0.30901699437494745 0.9510565162951535
123 101 101 1. 0
21 102 2 1. 0
46 102 27 1. 0
71 102 52 0.30901699437494745 -0.9510565162951535
96 102 77 0.30901699437494745 -0.9510565162951535
121 102 102 1. 0
20 103 3 1. 0
45 103 28 1. 0
70 103 53 -0.8090169943749473 -0.5877852522924732
95 103 78 -0.8090169943749473 -0.5877852522924732
120 103 103 1. 0
22 104 4 1. 0
47 104 29 1. 0
72 104 54 -0.8090169943749473 0.5877852522924732
97 104 79 -0.8090169943749473 0.5877852522924732
122 104 104 1. 0
21 105 5 1. 0
46 105 30 1. 0
71 105 55 0.30901699437494745 -0.9510565162951535
96 105 80 1. 0
121 105 105 1. 0
24 106 6 1. 0
49 106 31 1. 0
74 106 56 1. 0
99 106 81 1. 0
124 106 106 1. 0
20 107 7 1. 0
45 107 32 1. 0
70 107 57 -0.8090169943749473 -0.5877852522924732
95 107 82 1. 0
120 107 107 1. 0
22 108 8 1. 0
47 108 33 1. 0
72 108 58 -0.8090169943749473 0.5877852522924732
97 108 83 1. 0
122 108 108 1. 0
23 109 9 1. 0
48 109 34 1. 0
73 109 59 0.30901699437494745 0.9510565162951535
98 109 84 1. 0
123 109 109 1. 0
23 110 10 0.30901699437494745 -0.9510565162951535
48 110 35 0.30901699437494745 -0.9510565162951535
73 110 60 1. 0
98 110 85 1. 0
123 110 110 1. 0
22 111 11 -0.8090169943749473 -0.5877852522924732
47 111 36 -0.8090169943749473 -0.5877852522924732
72 111 61 1. 0
97 111 86 1. 0
122 111 111 1. 0
24 112 12 1. 0
49 112 37 1. 0
74 112 62 1. 0
99 112 87 1. 0
124 112 112 1. 0
21 113 13 0.30901699437494745 0.9510565162951535
46 113 38 0.30901699437494745 0.9510565162951535
71 113 63 1. 0
96 113 88 1. 0
121 113 113 1. 0
20 114 14 -0.8090169943749473 0.5877852522924732
45 114 39 -0.8090169943749473 0.5877852522924732
70 114 64 1. 0
95 114 89 1. 0
120 114 114 1. 0
22 115 15 -0.8090169943749473 -0.5877852522924732
47 115 40 1. 0
72 115 65 1. 0
97 115 90 1. 0
122 115 115 1. 0
20 116 16 -0.8090169943749473 0.5877852522924732
45 116 41 1. 0
70 116 66 1. 0
95 116 91 1. 0
120 116 116 1. 0
23 117 17 0.30901699437494745 -0.9510565162951535
48 117 42 1. 0
73 117 67 1. 0
98 117 92 1. 0
123 117 117 1. 0
24 118 18 1. 0
49 118 43 1. 0
74 118 68 1. 0
99 118 93 1. 0
124 118 118 1. 0
21 119 19 0.30901699437494745 0.9510565162951535
46 119 44 1. 0
71 119 69 1. 0
96 119 94 1. 0
121 119 119 1. 0
20 120 20 1. 0
45 120 45 1. 0
70 120 70 1. 0
95 120 95 1. 0
120 120 120 1. 0
21 121 21 1. 0
46 121 46 1. 0
71 121 71 1. 0
96 121 96 1. 0
121 121 121 1. 0
22 122 22 1. 0
47 122 47 1. 0
72 122 72 1. 0
97 122 97 1. 0
122 122 122 1. 0
23 123 23 1. 0
48 123 48 1. 0
73 123 73 1. 0
98 123 98 1. 0
123 123 123 1. 0
24 124 24 1. 0
49 124 49 1. 0
74 124 74 1. 0
99 124 99 1. 0
124 124 124 1. 0