1 1 0 0 0 0 0 0 1 0 0 1 0
0 0 0 1. 0
5 0 5 1. 0
1 1 1 1. 0
6 1 6 1. 0
7 1 7 1. 0
1 2 2 1. 0
6 2 8 1.0000000000000002 0
7 2 9 1. 0
0 3 3 1. 0
5 3 11 0.618033988749895 0
5 3 12 0.7861513777574233 0
1 4 4 1. 0
6 4 10 1. 0
7 4 11 0.7861513777574234 0
7 4 12 -0.6180339887498949 0
3 5 0 1.618033988749895 0
11 5 5 1. 0
12 5 5 1.272019649514069 0
2 6 1 1.0000000000000002 0
8 6 6 1. 0
9 6 7 1. 0
4 7 1 1.272019649514069 0
10 7 6 1.272019649514069 0
11 7 7 1. 0
12 7 7 -0.7861513777574234 0
2 8 2 1. 0
8 8 8 1. 0
9 8 9 1. 0
4 9 2 1.272019649514069 0
10 9 8 1.272019649514069 0
11 9 9 1. 0
12 9 9 -0.7861513777574234 0
2 10 4 1. 0
8 10 10 1. 0
9 10 11 0.7861513777574234 0
9 10 12 -0.6180339887498949 0
3 11 3 1. 0
3 12 3 1.272019649514069 0
4 11 4 1. 0
4 12 4 -0.7861513777574234 0
10 11 10 1. 0
10 12 10 -0.7861513777574234 0
11 11 11 1. 0
11 12 12 1. 0
12 11 12 1. 0
12 12 11 0.9999999999999999 0
12 12 12 0.48586827175664576 0