1 1 1 0 0 0 0 0 0 0 0 0 0 1 1 1 0 0 0 0 0 0 0 0 0 0 0 0 1 0 0 1 1 0
0 0 0 1. 0
10 0 10 1. 0
20 0 20 1. 0
1 1 1 1. 0
11 1 11 1. 0
21 1 21 1. 0
2 2 2 1. 0
12 2 12 1. 0
22 2 22 1. 0
23 2 23 1. 0
1 3 3 1. 0
11 3 13 1. 0
21 3 24 1. 0
0 4 4 1. 0
10 4 14 1. 0
20 4 25 1. 0
2 5 5 1. 0
12 5 15 1. 0
22 5 26 1. 0
23 5 27 -1. 0
2 6 6 1. 0
12 6 16 1. 0
22 6 28 -1. 0
23 6 29 -1. 0
2 7 7 1. 0
12 7 17 -1. 0
22 7 30 -1. 0
23 7 31 -1. 0
0 8 8 1. 0
10 8 19 1. 0
20 8 32 0.7071067811865475 0
20 8 33 0.7071067811865475 0
1 9 9 1. 0
11 9 18 1. 0
21 9 32 0.7071067811865475 0
21 9 33 -0.7071067811865475 0
4 10 0 1. 0
14 10 10 1. 0
25 10 20 1. 0
3 11 1 1. 0
13 11 11 1. 0
24 11 21 1. 0
5 12 2 1. 0
15 12 12 1. 0
26 12 22 1. 0
27 12 23 -1. 0
3 13 3 1. 0
13 13 13 1. 0
24 13 24 1. 0
4 14 4 1. 0
14 14 14 1. 0
25 14 25 1. 0
5 15 5 1. 0
15 15 15 1. 0
26 15 26 1. 0
27 15 27 1. 0
5 16 6 1. 0
15 16 16 1. 0
26 16 28 -1. 0
27 16 29 1. 0
5 17 7 -1. 0
15 17 17 1. 0
26 17 30 1. 0
27 17 31 -1. 0
3 18 9 1. 0
13 18 18 1. 0
24 18 32 0.7071067811865475 0
24 18 33 -0.7071067811865475 0
4 19 8 1. 0
14 19 19 1. 0
25 19 32 0.7071067811865475 0
25 19 33 0.7071067811865475 0
8 20 0 1.4142135623730951 0
19 20 10 1.4142135623730951 0
32 20 20 1. 0
33 20 20 1. 0
9 21 1 1.4142135623730951 0
18 21 11 1.4142135623730951 0
32 21 21 1. 0
33 21 21 -1. 0
6 22 2 -1. 0
16 22 12 -1. 0
28 22 22 1. 0
29 22 23 1. 0
7 23 2 -1. 0
17 23 12 1. 0
30 23 22 1. 0
31 23 23 1. 0
9 24 3 1.4142135623730951 0
18 24 13 1.4142135623730951 0
32 24 24 1. 0
33 24 24 -1. 0
8 25 4 1.4142135623730951 0
19 25 14 1.4142135623730951 0
32 25 25 1. 0
33 25 25 1. 0
6 26 5 -1. 0
16 26 15 -1. 0
28 26 26 1. 0
29 26 27 -1. 0
7 27 5 1. 0
17 27 15 -1. 0
30 27 26 -1. 0
31 27 27 1. 0
6 28 6 1. 0
16 28 16 1. 0
28 28 28 1. 0
29 28 29 1. 0
7 29 6 1. 0
17 29 16 -1. 0
30 29 28 1. 0
31 29 29 1. 0
6 30 7 1. 0
16 30 17 -1. 0
28 30 30 1. 0
29 30 31 1. 0
7 31 7 1. 0
17 31 17 1. 0
30 31 30 1. 0
31 31 31 1. 0
8 32 8 1. 0
8 33 8 1. 0
9 32 9 1. 0
9 33 9 -1. 0
18 32 18 1. 0
18 33 18 -1. 0
19 32 19 1. 0
19 33 19 1. 0
32 32 32 1. 0
32 33 33 1. 0
33 32 33 1. 0
33 33 32 1. 0