1 1 1 1 0 0 0 0 0 0 0 0 0 0 0 0 0 0 0 0 0 0 0 0 0 0 0 0 1 1 1 1 0 0 0 0 0 0 0 0 0 0 0 0 0 0 0 0 0 0 0 0 0 0 0 0 0 0 0 0 0 0 0 0 1 0 0 1 0 0 0 0 1 0 0 0 0 0 0 0 0 1 0 0 0 0 0 0 0 0 0 0 0 0 0 0 0 0 0 0 0 0 0 0 0 0 0 0 0 0 0 0 0 0 0 0 0 0 0 0 0 0 0 0 0 0 0 0 0 0 0 0 0 0 0 0 0 0 0 0 1 0 0 1 0 0 0 0 1 0 0 0 0 0 0 0 0 1 0 0
0 0 0 1. 0
24 0 24 1. 0
48 0 48 1. 0
104 0 104 1. 0
1 1 1 1. 0
25 1 25 1. 0
49 1 49 1. 0
105 1 105 1. 0
2 2 2 1. 0
26 2 26 1. 0
50 2 50 1. 0
51 2 51 1. 0
52 2 52 1. 0
106 2 106 1. 0
107 2 107 1. 0
108 2 108 1. 0
3 3 3 1. 0
27 3 27 1. 0
53 3 53 1. 0
54 3 54 1. 0
55 3 55 1. 0
109 3 109 1. 0
110 3 110 1. 0
111 3 111 1. 0
1 4 4 1. 0
25 4 28 -1. 0
49 4 56 -1. 0
105 4 112 1. 0
0 5 5 1. 0
24 5 29 1. 0
48 5 57 1. 0
104 5 113 1. 0
3 6 6 1. 0
27 6 30 1. 0
53 6 58 0. -1.
54 6 59 1. 0
55 6 60 -1. 0
109 6 114 0. 1.
110 6 115 1. 0
111 6 116 1. 0
2 7 7 1. 0
26 7 31 -1. 0
50 7 61 0. 1.
51 7 62 -1. 0
52 7 63 -1. 0
106 7 117 0. 1.
107 7 118 1. 0
108 7 119 -1. 0
3 8 8 1. 0
27 8 32 1. 0
53 8 64 -0.7071067811865477 0.7071067811865477
54 8 65 0.7071067811865476 0.7071067811865476
55 8 66 -1. 0
109 8 120 -0.7071067811865477 0.7071067811865477
110 8 121 1. 0
111 8 122 0.7071067811865476 0.7071067811865476
2 9 9 1. 0
26 9 33 -1. 0
50 9 67 -0.7071067811865477 0.7071067811865477
51 9 68 -1. 0
52 9 69 -0.7071067811865476 0.7071067811865476
106 9 123 -0.7071067811865477 0.7071067811865477
107 9 124 -0.7071067811865476 0.7071067811865476
108 9 125 -1. 0
0 10 10 1. 0
24 10 34 1. 0
48 10 72 0.41421356237309515 -3.2517679528326914e-17
48 10 73 0.6435942529055827 0.
48 10 74 0.6435942529055828 0
104 10 130 0.41421356237309515 -3.2517679528326914e-17
104 10 131 0.6435942529055828 0
104 10 132 0.6435942529055827 0.
2 11 11 1. 0
26 11 36 -1. 0
50 11 71 1.1102230246251565e-16 -1.
51 11 72 0.45508986056222744 0.4550898605622274
51 11 73 -0.5000000000000001 0.20710678118654752
51 11 74 0.20710678118654757 -0.5000000000000001
52 11 75 0.5 0.20710678118654752
52 11 76 -0.8408964152537145 0
106 11 126 1.1102230246251565e-16 -1.
107 11 128 0.8408964152537145 0
107 11 129 0.5 0.20710678118654752
108 11 130 0.45508986056222744 0.4550898605622274
108 11 131 0.20710678118654757 -0.5000000000000001
108 11 132 -0.5000000000000001 0.20710678118654752
3 12 12 1. 0
27 12 35 1. 0
53 12 70 0.7071067811865476 0.7071067811865476
54 12 72 -5.052512414696368e-17 -0.6435942529055826
54 12 73 -0.5000000000000001 0.20710678118654752
54 12 74 0.5 0.20710678118654757
55 12 75 0. 0.8408964152537146
55 12 76 0.20710678118654757 0.5000000000000001
109 12 127 -0.7071067811865476 -0.7071067811865476
110 12 128 -0.20710678118654757 -0.5000000000000001
110 12 129 0. 0.8408964152537146
111 12 130 -5.052512414696368e-17 -0.6435942529055826
111 12 131 0.5 0.20710678118654757
111 12 132 -0.5000000000000001 0.20710678118654752
1 13 13 1. 0
25 13 37 -1. 0
49 13 81 -0.41421356237309515 3.2517679528326914e-17
49 13 82 -0.6435942529055825 0.
49 13 83 0. -0.6435942529055828
105 13 135 -0.41421356237309515 3.2517679528326914e-17
105 13 136 0. 0.6435942529055828
105 13 137 -0.6435942529055825 0.
2 14 14 1. 0
26 14 39 -1. 0
50 14 78 -0.7071067811865476 -0.7071067811865476
51 14 79 0.8408964152537146 0.
51 14 80 0.20710678118654757 0.5000000000000001
52 14 81 0.6435942529055827 -5.551115123125783e-17
52 14 82 -0.20710678118654752 -0.5
52 14 83 -0.5 -0.20710678118654757
106 14 133 -0.7071067811865476 -0.7071067811865476
107 14 135 0.6435942529055827 -5.551115123125783e-17
107 14 136 0.5 0.20710678118654757
107 14 137 -0.20710678118654752 -0.5
108 14 138 0.20710678118654757 0.5000000000000001
108 14 139 0.8408964152537146 0.
3 15 15 1. 0
27 15 38 1. 0
53 15 77 -1. -1.1102230246251565e-16
54 15 79 0.20710678118654757 -0.5
54 15 80 -0.8408964152537145 0
55 15 81 0.45508986056222744 -0.4550898605622275
55 15 82 0.20710678118654752 0.5
55 15 83 0.20710678118654757 -0.5000000000000001
109 15 134 -1. -1.1102230246251565e-16
110 15 135 0.45508986056222744 -0.4550898605622275
110 15 136 -0.20710678118654757 0.5000000000000001
110 15 137 0.20710678118654752 0.5
111 15 138 -0.8408964152537145 0
111 15 139 0.20710678118654757 -0.5
2 16 16 1. 0
26 16 40 1. 0
50 16 84 -0.7071067811865477 -0.7071067811865476
51 16 85 0. -1.
52 16 86 -0.7071067811865475 -0.7071067811865474
106 16 140 -0.7071067811865477 -0.7071067811865476
107 16 141 0.7071067811865476 0.7071067811865476
108 16 142 0. -1.
3 17 17 1. 0
27 17 41 1. 0
53 17 87 -0.7071067811865477 -0.7071067811865476
54 17 88 0.7071067811865474 -0.7071067811865475
55 17 89 0. -1.
109 17 143 0.7071067811865477 0.7071067811865477
110 17 144 0. -1.
111 17 145 0.7071067811865476 -0.7071067811865476
1 18 18 1. 0
25 18 42 1. 0
49 18 94 -0.41421356237309515 3.2517679528326914e-17
49 18 95 0. -0.6435942529055828
49 18 96 -0.6435942529055826 5.551115123125783e-17
105 18 148 0.41421356237309515 -3.2517679528326914e-17
105 18 149 0.6435942529055827 0.
105 18 150 0. -0.6435942529055828
2 19 19 1. 0
26 19 44 1. 0
50 19 91 0.7071067811865476 0.7071067811865476
51 19 92 -0.5000000000000001 0.20710678118654757
51 19 93 -5.551115123125783e-17 -0.8408964152537144
52 19 94 5.551115123125783e-17 0.6435942529055827
52 19 95 0.20710678118654757 -0.5
52 19 96 0.49999999999999994 -0.20710678118654752
106 19 146 0.7071067811865476 0.7071067811865476
107 19 148 5.551115123125783e-17 -0.6435942529055827
107 19 149 -0.5000000000000001 0.20710678118654752
107 19 150 0.20710678118654757 -0.5
108 19 151 0. -0.8408964152537146
108 19 152 -0.5000000000000001 0.20710678118654757
3 20 20 1. 0
27 20 43 1. 0
53 20 90 0.9999999999999998 -5.551115123125783e-17
54 20 92 0. -0.8408964152537145
54 20 93 -0.5 -0.2071067811865474
55 20 94 0.45508986056222744 0.4550898605622274
55 20 95 0.5000000000000001 0.20710678118654757
55 20 96 -0.49999999999999994 0.20710678118654752
109 20 147 -1. -1.1102230246251565e-16
110 20 148 -0.4550898605622275 -0.45508986056222744
110 20 149 0.5000000000000001 -0.2071067811865475
110 20 150 0.5000000000000001 0.20710678118654757
111 20 151 -0.5 -0.20710678118654752
111 20 152 0. -0.8408964152537145
0 21 21 1. 0
24 21 45 1. 0
48 21 99 0.41421356237309515 -3.2517679528326914e-17
48 21 100 0.6435942529055828 0
48 21 101 0.6435942529055821 -5.0525124146963646e-17
104 21 157 0.41421356237309515 -3.2517679528326914e-17
104 21 158 0.6435942529055827 0.
104 21 159 0.6435942529055828 0
2 22 22 1. 0
26 22 47 1. 0
50 22 98 -5.551115123125783e-17 -0.9999999999999998
51 22 99 -0.4550898605622274 0.45508986056222744
51 22 100 0.5000000000000001 0.20710678118654757
51 22 101 -0.2071067811865475 -0.49999999999999994
52 22 102 0. 0.8408964152537145
52 22 103 -0.20710678118654746 0.49999999999999994
106 22 153 1.1102230246251565e-16 -1.
107 22 155 0.20710678118654757 -0.5
107 22 156 0. 0.8408964152537145
108 22 157 -0.4550898605622274 0.45508986056222744
108 22 158 -0.20710678118654752 -0.5
108 22 159 0.5000000000000001 0.20710678118654757
3 23 23 1. 0
27 23 46 1. 0
53 23 97 0.7071067811865476 0.7071067811865476
54 23 99 -0.6435942529055827 5.551115123125783e-17
54 23 100 0.20710678118654757 -0.5
54 23 101 0.2071067811865475 0.49999999999999994
55 23 102 -0.5000000000000001 0.20710678118654757
55 23 103 0.8408964152537144 -5.551115123125783e-17
109 23 154 0.7071067811865476 0.7071067811865476
110 23 155 -0.8408964152537146 0.
110 23 156 -0.5000000000000001 0.20710678118654757
111 23 157 -0.6435942529055827 5.551115123125783e-17
111 23 158 0.20710678118654752 0.5
111 23 159 0.20710678118654757 -0.5
5 24 0 1. 0
29 24 24 1. 0
57 24 48 1. 0
113 24 104 1. 0
4 25 1 -1. 0
28 25 25 1. 0
56 25 49 1. 0
112 25 105 -1. 0
7 26 2 -1. 0
31 26 26 1. 0
61 26 50 0. 1.
62 26 51 1. 0
63 26 52 1. 0
117 26 106 0. 1.
118 26 107 -1. 0
119 26 108 1. 0
6 27 3 1. 0
30 27 27 1. 0
58 27 53 0. 1.
59 27 54 1. 0
60 27 55 -1. 0
114 27 109 0. -1.
115 27 110 1. 0
116 27 111 1. 0
4 28 4 1. 0
28 28 28 1. 0
56 28 56 1. 0
112 28 112 1. 0
5 29 5 1. 0
29 29 29 1. 0
57 29 57 1. 0
113 29 113 1. 0
6 30 6 1. 0
30 30 30 1. 0
58 30 58 1. 0
59 30 59 1. 0
60 30 60 1. 0
114 30 114 1. 0
115 30 115 1. 0
116 30 116 1. 0
7 31 7 1. 0
31 31 31 1. 0
61 31 61 1. 0
62 31 62 1. 0
63 31 63 1. 0
117 31 117 1. 0
118 31 118 1. 0
119 31 119 1. 0
6 32 8 1. 0
30 32 32 1. 0
58 32 64 -0.7071067811865477 -0.7071067811865476
59 32 65 0.7071067811865476 0.7071067811865476
60 32 66 1. 0
114 32 120 0.7071067811865477 0.7071067811865477
115 32 121 1. 0
116 32 122 0.7071067811865476 0.7071067811865476
7 33 9 1. 0
31 33 33 1. 0
61 33 67 0.7071067811865477 0.7071067811865477
62 33 68 1. 0
63 33 69 0.7071067811865476 -0.7071067811865476
117 33 123 0.7071067811865477 0.7071067811865477
118 33 124 -0.7071067811865476 0.7071067811865476
119 33 125 1. 0
5 34 10 1. 0
29 34 34 1. 0
57 34 72 0.41421356237309515 -3.2517679528326914e-17
57 34 73 0.6435942529055827 0.
57 34 74 0.6435942529055828 0
113 34 130 0.41421356237309515 -3.2517679528326914e-17
113 34 131 0.6435942529055828 0
113 34 132 0.6435942529055827 0.
6 35 12 1. 0
30 35 35 1. 0
58 35 70 -0.7071067811865476 0.7071067811865476
59 35 72 5.551115123125783e-17 -0.6435942529055827
59 35 73 -0.5000000000000001 0.20710678118654752
59 35 74 0.5 0.20710678118654757
60 35 75 0. -0.8408964152537146
60 35 76 -0.20710678118654757 -0.5000000000000001
114 35 127 -0.7071067811865476 0.7071067811865476
115 35 128 -0.20710678118654757 -0.5000000000000001
115 35 129 0. 0.8408964152537146
116 35 130 -5.551115123125783e-17 -0.6435942529055827
116 35 131 0.5 0.20710678118654757
116 35 132 -0.5000000000000001 0.20710678118654752
7 36 11 1. 0
31 36 36 1. 0
61 36 71 -1. -1.1102230246251565e-16
62 36 72 -0.4550898605622275 -0.45508986056222744
62 36 73 0.5000000000000001 -0.2071067811865475
62 36 74 -0.20710678118654757 0.5000000000000001
63 36 75 -0.5 -0.20710678118654752
63 36 76 0.8408964152537145 0
117 36 126 -1. -1.1102230246251565e-16
118 36 128 0.8408964152537145 0
118 36 129 0.5 0.20710678118654752
119 36 130 -0.4550898605622275 -0.45508986056222744
119 36 131 -0.20710678118654757 0.5000000000000001
119 36 132 0.5000000000000001 -0.2071067811865475
4 37 13 1. 0
28 37 37 1. 0
56 37 81 0.41421356237309515 -3.2517679528326914e-17
56 37 82 0.6435942529055827 0.
56 37 83 0. 0.6435942529055828
112 37 135 -0.41421356237309515 3.2517679528326914e-17
112 37 136 0. 0.6435942529055828
112 37 137 -0.6435942529055825 0.
6 38 15 1. 0
30 38 38 1. 0
58 38 77 1.1102230246251565e-16 -1.
59 38 79 0.20710678118654757 -0.5
59 38 80 -0.8408964152537145 0
60 38 81 -0.4550898605622274 0.45508986056222744
60 38 82 -0.20710678118654752 -0.5
60 38 83 -0.20710678118654757 0.5000000000000001
114 38 134 -1.1102230246251565e-16 1.
115 38 135 0.45508986056222744 -0.4550898605622275
115 38 136 -0.20710678118654757 0.5000000000000001
115 38 137 0.20710678118654752 0.5
116 38 138 -0.8408964152537145 0
116 38 139 0.20710678118654757 -0.5
7 39 14 1. 0
31 39 39 1. 0
61 39 78 -0.7071067811865476 0.7071067811865476
62 39 79 -0.8408964152537146 0.
62 39 80 -0.20710678118654757 -0.5000000000000001
63 39 81 -0.6435942529055827 5.551115123125783e-17
63 39 82 0.20710678118654752 0.5
63 39 83 0.5 0.20710678118654757
117 39 133 -0.7071067811865476 0.7071067811865476
118 39 135 0.6435942529055827 -5.551115123125783e-17
118 39 136 0.5 0.20710678118654757
118 39 137 -0.20710678118654752 -0.5
119 39 138 -0.20710678118654757 -0.5000000000000001
119 39 139 -0.8408964152537146 0.
7 40 16 -1. 0
31 40 40 1. 0
61 40 84 0.7071067811865476 -0.7071067811865477
62 40 85 0. -1.
63 40 86 -0.7071067811865475 -0.7071067811865474
117 40 140 0.7071067811865476 -0.7071067811865477
118 40 141 -0.7071067811865475 -0.7071067811865474
119 40 142 0. -1.
6 41 17 1. 0
30 41 41 1. 0
58 41 87 0.7071067811865476 -0.7071067811865477
59 41 88 0.7071067811865474 -0.7071067811865475
60 41 89 0. 1.
114 41 143 0.7071067811865476 -0.7071067811865477
115 41 144 0. -1.
116 41 145 0.7071067811865474 -0.7071067811865475
4 42 18 -1. 0
28 42 42 1. 0
56 42 94 -0.41421356237309515 3.2517679528326914e-17
56 42 95 0. -0.6435942529055828
56 42 96 -0.6435942529055826 5.551115123125783e-17
112 42 148 -0.41421356237309515 3.2517679528326914e-17
112 42 149 -0.6435942529055826 5.551115123125783e-17
112 42 150 0. 0.6435942529055828
6 43 20 1. 0
30 43 43 1. 0
58 43 90 5.551115123125783e-17 0.9999999999999998
59 43 92 0. -0.8408964152537145
59 43 93 -0.5 -0.2071067811865474
60 43 94 -0.4550898605622275 -0.45508986056222744
60 43 95 -0.5000000000000001 -0.20710678118654757
60 43 96 0.49999999999999994 -0.20710678118654752
114 43 147 5.551115123125783e-17 0.9999999999999998
115 43 148 -0.4550898605622275 -0.45508986056222744
115 43 149 0.49999999999999994 -0.20710678118654752
115 43 150 0.5000000000000001 0.20710678118654757
116 43 151 -0.5 -0.2071067811865474
116 43 152 0. -0.8408964152537145
7 44 19 -1. 0
31 44 44 1. 0
61 44 91 -0.7071067811865476 0.7071067811865476
62 44 92 -0.5000000000000001 0.20710678118654757
62 44 93 -5.551115123125783e-17 -0.8408964152537144
63 44 94 5.052512414696368e-17 0.6435942529055826
63 44 95 0.20710678118654757 -0.5
63 44 96 0.49999999999999994 -0.20710678118654752
117 44 146 -0.7071067811865476 0.7071067811865476
118 44 148 5.052512414696368e-17 0.6435942529055826
118 44 149 0.49999999999999994 -0.20710678118654752
118 44 150 -0.20710678118654757 0.5
119 44 151 -5.551115123125783e-17 -0.8408964152537144
119 44 152 -0.5000000000000001 0.20710678118654757
5 45 21 1. 0
29 45 45 1. 0
57 45 99 0.41421356237309515 -3.2517679528326914e-17
57 45 100 0.6435942529055828 0
57 45 101 0.6435942529055821 -5.0525124146963646e-17
113 45 157 0.41421356237309515 -3.2517679528326914e-17
113 45 158 0.6435942529055821 -5.0525124146963646e-17
113 45 159 0.6435942529055828 0
6 46 23 1. 0
30 46 46 1. 0
58 46 97 -0.7071067811865476 0.7071067811865476
59 46 99 -0.6435942529055827 5.551115123125783e-17
59 46 100 0.20710678118654757 -0.5
59 46 101 0.2071067811865475 0.49999999999999994
60 46 102 0.5000000000000001 -0.20710678118654757
60 46 103 -0.8408964152537144 5.551115123125783e-17
114 46 154 0.7071067811865476 -0.7071067811865476
115 46 155 -0.8408964152537144 5.551115123125783e-17
115 46 156 -0.5000000000000001 0.20710678118654757
116 46 157 -0.6435942529055827 5.551115123125783e-17
116 46 158 0.2071067811865475 0.49999999999999994
116 46 159 0.20710678118654757 -0.5
7 47 22 -1. 0
31 47 47 1. 0
61 47 98 0.9999999999999998 -5.551115123125783e-17
62 47 99 -0.4550898605622274 0.45508986056222744
62 47 100 0.5000000000000001 0.20710678118654757
62 47 101 -0.2071067811865475 -0.49999999999999994
63 47 102 0. 0.8408964152537145
63 47 103 -0.20710678118654746 0.49999999999999994
117 47 153 0.9999999999999998 -5.551115123125783e-17
118 47 155 -0.20710678118654746 0.49999999999999994
118 47 156 0. -0.8408964152537145
119 47 157 -0.4550898605622274 0.45508986056222744
119 47 158 -0.2071067811865475 -0.49999999999999994
119 47 159 0.5000000000000001 0.20710678118654757
10 48 0 2.414213562373095 0
34 48 24 2.414213562373095 0
72 48 48 1. 0
73 48 48 1.5537739740300374 0
74 48 48 1.5537739740300374 0
130 48 104 1. 0
131 48 104 1.5537739740300374 0
132 48 104 1.5537739740300374 0
13 49 1 -2.414213562373095 0
37 49 25 2.414213562373095 0
81 49 49 1. 0
82 49 49 1.5537739740300374 0
83 49 49 0. -1.5537739740300374
135 49 105 1. 0
136 49 105 0. 1.5537739740300374
137 49 105 1.5537739740300374 0
9 50 2 -0.7071067811865476 0.7071067811865476
33 50 26 0.7071067811865476 -0.7071067811865476
67 50 50 1. 0
68 50 51 0.7071067811865476 -0.7071067811865476
69 50 52 1. 0
123 50 106 1. 0
124 50 107 1. 0
125 50 108 0.7071067811865476 -0.7071067811865476
11 51 2 1.0986841134678098 1.09868411346781
36 51 26 -1.09868411346781 -1.0986841134678098
71 51 50 -1.09868411346781 1.09868411346781
72 51 51 1. 0
73 51 51 -0.32179712645279135 -0.7768869870150187
74 51 51 -0.32179712645279135 0.7768869870150187
75 51 52 0.7768869870150187 0.3217971264527914
76 51 52 -0.9238795325112867 -0.9238795325112867
126 51 106 -1.09868411346781 1.09868411346781
128 51 107 0.9238795325112867 0.9238795325112867
129 51 107 0.7768869870150187 0.3217971264527914
130 51 108 1. 0
131 51 108 -0.32179712645279135 0.7768869870150187
132 51 108 -0.32179712645279135 -0.7768869870150187
14 52 2 1.5537739740300374 0
39 52 26 -1.5537739740300374 0
78 52 50 -1.09868411346781 1.09868411346781
79 52 51 1.3065629648763766 0
80 52 51 0.32179712645279135 -0.7768869870150187
81 52 52 1. 0
82 52 52 -0.32179712645279135 0.7768869870150187
83 52 52 -0.7768869870150187 0.3217971264527914
133 52 106 -1.09868411346781 1.09868411346781
135 52 107 1. 0
136 52 107 0.7768869870150187 -0.3217971264527914
137 52 107 -0.32179712645279135 0.7768869870150187
138 52 108 0.32179712645279135 -0.7768869870150187
139 52 108 1.3065629648763766 0
8 53 3 -0.7071067811865476 0.7071067811865476
32 53 27 -0.7071067811865476 0.7071067811865476
64 53 53 1. 0
65 53 54 0. 1.
66 53 55 0.7071067811865476 -0.7071067811865476
120 53 109 1. 0
121 53 110 -0.7071067811865474 0.7071067811865474
122 53 111 0. 1.
12 54 3 0. -1.5537739740300374
35 54 27 0. -1.5537739740300374
70 54 53 -1.09868411346781 -1.09868411346781
72 54 54 1. 0
73 54 54 -0.32179712645279135 0.7768869870150187
74 54 54 -0.32179712645279135 -0.7768869870150187
75 54 55 -1.3065629648763766 0
76 54 55 -0.7768869870150187 -0.3217971264527914
127 54 109 1.09868411346781 1.09868411346781
128 54 110 0.7768869870150187 0.3217971264527914
129 54 110 -1.3065629648763766 0
130 54 111 1. 0
131 54 111 -0.32179712645279135 -0.7768869870150187
132 54 111 -0.32179712645279135 0.7768869870150187
15 55 3 1.0986841134678098 -1.09868411346781
38 55 27 1.0986841134678098 -1.09868411346781
77 55 53 -1.09868411346781 1.09868411346781
79 55 54 0.7768869870150187 0.3217971264527914
80 55 54 -0.9238795325112867 0.9238795325112867
81 55 55 1. 0
82 55 55 -0.32179712645279135 -0.7768869870150187
83 55 55 0.7768869870150187 0.3217971264527914
134 55 109 -1.09868411346781 1.09868411346781
135 55 110 1. 0
136 55 110 -0.7768869870150187 -0.3217971264527914
137 55 110 -0.32179712645279135 -0.7768869870150187
138 55 111 -0.9238795325112867 0.9238795325112867
139 55 111 0.7768869870150187 0.3217971264527914
13 56 4 2.414213562373095 0
37 56 28 2.414213562373095 0
81 56 56 1. 0
82 56 56 1.5537739740300374 0
83 56 56 0. -1.5537739740300374
135 56 112 -1. 0
136 56 112 0. -1.5537739740300374
137 56 112 -1.5537739740300374 0
10 57 5 2.414213562373095 0
34 57 29 2.414213562373095 0
72 57 57 1. 0
73 57 57 1.5537739740300374 0
74 57 57 1.5537739740300374 0
130 57 113 1. 0
131 57 113 1.5537739740300374 0
132 57 113 1.5537739740300374 0
8 58 6 -0.7071067811865476 -0.7071067811865476
32 58 30 -0.7071067811865476 -0.7071067811865476
64 58 58 1. 0
65 58 59 -1. 0
66 58 60 -0.7071067811865476 -0.7071067811865476
120 58 114 -1. 0
121 58 115 -0.7071067811865476 -0.7071067811865476
122 58 116 -1. 0
12 59 6 0. -1.5537739740300374
35 59 30 0. -1.5537739740300374
70 59 58 -1.09868411346781 1.09868411346781
72 59 59 1. 0
73 59 59 -0.32179712645279135 0.7768869870150187
74 59 59 -0.3217971264527914 -0.7768869870150187
75 59 60 1.3065629648763766 0
76 59 60 0.7768869870150187 0.32179712645279135
127 59 114 -1.09868411346781 1.09868411346781
128 59 115 0.7768869870150187 0.32179712645279135
129 59 115 -1.3065629648763766 0
130 59 116 1. 0
131 59 116 -0.3217971264527914 -0.7768869870150187
132 59 116 -0.32179712645279135 0.7768869870150187
15 60 6 -1.0986841134678096 1.0986841134678096
38 60 30 -1.0986841134678096 1.0986841134678096
77 60 58 -1.09868411346781 -1.09868411346781
79 60 59 -0.7768869870150187 -0.3217971264527914
80 60 59 0.9238795325112867 -0.9238795325112867
81 60 60 1. 0
82 60 60 -0.32179712645279135 -0.7768869870150187
83 60 60 0.7768869870150187 0.32179712645279135
134 60 114 1.09868411346781 1.09868411346781
135 60 115 -1. 0
136 60 115 0.7768869870150187 0.32179712645279135
137 60 115 0.32179712645279135 0.7768869870150187
138 60 116 0.9238795325112867 -0.9238795325112867
139 60 116 -0.7768869870150187 -0.3217971264527914
9 61 7 0.7071067811865476 0.7071067811865476
33 61 31 0.7071067811865476 0.7071067811865476
67 61 61 1. 0
68 61 62 0.7071067811865474 0.7071067811865474
69 61 63 0. 1.
123 61 117 1. 0
124 61 118 0. -1.
125 61 119 0.7071067811865474 0.7071067811865474
11 62 7 -1.09868411346781 -1.0986841134678098
36 62 31 -1.09868411346781 -1.0986841134678098
71 62 61 1.09868411346781 1.09868411346781
72 62 62 1. 0
73 62 62 -0.32179712645279135 -0.7768869870150187
74 62 62 -0.3217971264527914 0.7768869870150187
75 62 63 0.7768869870150187 0.3217971264527914
76 62 63 -0.9238795325112867 -0.9238795325112867
126 62 117 1.09868411346781 1.09868411346781
128 62 118 -0.9238795325112867 -0.9238795325112867
129 62 118 -0.7768869870150187 -0.3217971264527914
130 62 119 1. 0
131 62 119 -0.3217971264527914 0.7768869870150187
132 62 119 -0.32179712645279135 -0.7768869870150187
14 63 7 -1.5537739740300374 0
39 63 31 -1.5537739740300374 0
78 63 61 1.09868411346781 1.09868411346781
79 63 62 1.3065629648763766 0
80 63 62 0.3217971264527914 -0.7768869870150187
81 63 63 1. 0
82 63 63 -0.32179712645279135 0.7768869870150187
83 63 63 -0.7768869870150187 0.32179712645279135
133 63 117 1.09868411346781 1.09868411346781
135 63 118 -1. 0
136 63 118 -0.7768869870150187 0.32179712645279135
137 63 118 0.32179712645279135 -0.7768869870150187
138 63 119 0.3217971264527914 -0.7768869870150187
139 63 119 1.3065629648763766 0
8 64 8 1. 0
32 64 32 1. 0
64 64 64 1. 0
65 64 65 1. 0
66 64 66 1. 0
120 64 120 1. 0
121 64 121 1. 0
122 64 122 1. 0
12 65 8 -1.09868411346781 -1.0986841134678098
35 65 32 -1.09868411346781 -1.0986841134678098
70 65 64 1.0986841134678098 -1.09868411346781
72 65 65 1. 0
73 65 65 -0.3217971264527913 0.7768869870150187
74 65 65 -0.3217971264527914 -0.7768869870150187
75 65 66 0.9238795325112867 -0.9238795325112867
76 65 66 0.7768869870150187 -0.3217971264527914
127 65 120 -1.09868411346781 1.0986841134678098
128 65 121 0.7768869870150187 -0.3217971264527914
129 65 121 -0.9238795325112867 0.9238795325112867
130 65 122 1. 0
131 65 122 -0.3217971264527914 -0.7768869870150187
132 65 122 -0.3217971264527913 0.7768869870150187
15 66 8 -1.0986841134678098 1.09868411346781
38 66 32 -1.0986841134678098 1.09868411346781
77 66 64 0. 1.5537739740300374
79 66 65 -0.3217971264527914 -0.7768869870150187
80 66 65 1.3065629648763766 0
81 66 66 1. 0
82 66 66 -0.3217971264527914 -0.7768869870150187
83 66 66 0.7768869870150187 0.3217971264527914
134 66 120 0. 1.5537739740300374
135 66 121 -1. 0
136 66 121 0.7768869870150187 0.3217971264527914
137 66 121 0.3217971264527914 0.7768869870150187
138 66 122 1.3065629648763766 0
139 66 122 -0.3217971264527914 -0.7768869870150187
9 67 9 1. 0
33 67 33 1. 0
67 67 67 1. 0
68 67 68 1. 0
69 67 69 1. 0
123 67 123 1. 0
124 67 124 1. 0
125 67 125 1. 0
11 68 9 -1.09868411346781 -1.0986841134678098
36 68 33 -1.09868411346781 -1.0986841134678098
71 68 67 0. 1.5537739740300374
72 68 68 1. 0
73 68 68 -0.3217971264527914 -0.7768869870150187
74 68 68 -0.3217971264527914 0.7768869870150187
75 68 69 0.7768869870150187 -0.32179712645279146
76 68 69 -1.3065629648763766 0
126 68 123 0. 1.5537739740300374
128 68 124 1.3065629648763766 0
129 68 124 0.7768869870150187 -0.32179712645279146
130 68 125 1. 0
131 68 125 -0.3217971264527914 0.7768869870150187
132 68 125 -0.3217971264527914 -0.7768869870150187
14 69 9 -1.09868411346781 -1.0986841134678098
39 69 33 -1.09868411346781 -1.0986841134678098
78 69 67 -1.0986841134678098 1.09868411346781
79 69 68 0.9238795325112867 0.9238795325112867
80 69 68 0.7768869870150187 -0.3217971264527914
81 69 69 1. 0
82 69 69 -0.3217971264527913 0.7768869870150187
83 69 69 -0.7768869870150187 0.32179712645279146
133 69 123 -1.09868411346781 1.0986841134678098
135 69 124 1. 0
136 69 124 0.7768869870150187 -0.32179712645279146
137 69 124 -0.3217971264527913 0.7768869870150187
138 69 125 0.7768869870150187 -0.3217971264527914
139 69 125 0.9238795325112867 0.9238795325112867
8 70 12 1.1102230246251565e-16 1.
32 70 35 1.1102230246251565e-16 1.
64 70 70 1. 0
65 70 72 0.45508986056222744 -0.45508986056222744
65 70 73 -0.5 -0.2071067811865475
65 70 74 0.2071067811865476 0.5000000000000001
66 70 75 0.8408964152537145 0
66 70 76 0.5 -0.20710678118654752
120 70 127 -1. 0
121 70 128 0.5 -0.20710678118654752
121 70 129 -0.8408964152537145 0
122 70 130 0.45508986056222744 -0.45508986056222744
122 70 131 0.2071067811865476 0.5000000000000001
122 70 132 -0.5 -0.2071067811865475
9 71 11 -0.7071067811865476 -0.7071067811865475
33 71 36 -0.7071067811865476 -0.7071067811865475
67 71 71 1. 0
68 71 72 5.551115123125783e-17 0.6435942529055827
68 71 73 -0.5 -0.2071067811865475
68 71 74 0.5 -0.20710678118654757
69 71 75 -0.20710678118654754 0.5000000000000001
69 71 76 0. -0.8408964152537146
123 71 126 1. 0
124 71 128 0. 0.8408964152537146
124 71 129 -0.20710678118654754 0.5000000000000001
125 71 130 -5.551115123125783e-17 0.6435942529055827
125 71 131 0.5 -0.20710678118654757
125 71 132 -0.5 -0.2071067811865475
10 72 10 1. 0
10 73 10 1.5537739740300374 -1.2197843995618407e-16
10 74 10 1.5537739740300374 -1.2197843995618407e-16
11 72 11 1. 0
11 73 11 -0.3217971264527913 -0.7768869870150187
11 74 11 -0.3217971264527911 0.7768869870150188
12 72 12 1. 0
12 73 12 -0.3217971264527912 0.7768869870150187
12 74 12 -0.32179712645279135 -0.7768869870150186
34 72 34 1. 0
34 73 34 1.5537739740300374 -1.2197843995618407e-16
34 74 34 1.5537739740300374 -1.2197843995618407e-16
35 72 35 1. 0
35 73 35 -0.3217971264527912 0.7768869870150187
35 74 35 -0.32179712645279135 -0.7768869870150186
36 72 36 1. 0
36 73 36 -0.3217971264527913 -0.7768869870150187
36 74 36 -0.3217971264527911 0.7768869870150188
70 72 70 1. 0
70 73 70 -0.3217971264527913 0.7768869870150188
70 74 70 -0.3217971264527913 -0.7768869870150188
71 72 71 1. 0
71 73 71 -0.3217971264527914 -0.7768869870150188
71 74 71 -0.3217971264527913 0.7768869870150188
72 72 72 1. 0
72 73 73 1. 0
72 74 74 1. 0
73 72 73 1. 0
73 73 73 0.45508986056222744 -5.551115123125783e-17
73 73 74 1.09868411346781 0
73 74 72 1.0000000000000002 0
73 74 73 0.45508986056222744 2.7755575615628914e-17
73 74 74 0.45508986056222744 2.7755575615628914e-17
74 72 74 1. 0
74 73 72 1. 0.
74 73 73 0.45508986056222744 2.7755575615628914e-17
74 73 74 0.4550898605622274 0.
74 74 73 1.09868411346781 0
74 74 74 0.4550898605622274 0.
75 72 75 1. 0
75 73 75 -0.32179712645279135 0.3217971264527913
75 73 76 0.27059805007309845 0.6532814824381883
75 74 75 -0.32179712645279146 -0.3217971264527913
75 74 76 -0.27059805007309856 -0.6532814824381883
76 72 76 1. 0
76 73 75 -0.27059805007309845 0.6532814824381883
76 73 76 -0.32179712645279135 -0.3217971264527913
76 74 75 0.2705980500730985 -0.6532814824381883
76 74 76 -0.32179712645279135 0.3217971264527913
126 72 126 1. 0
126 73 126 -0.3217971264527914 -0.7768869870150188
126 74 126 -0.3217971264527913 0.7768869870150188
127 72 127 1. 0
127 73 127 -0.3217971264527913 0.7768869870150188
127 74 127 -0.3217971264527913 -0.7768869870150188
128 72 128 1. 0
128 73 128 -0.32179712645279135 -0.3217971264527913
128 73 129 0.27059805007309845 -0.6532814824381883
128 74 128 -0.32179712645279135 0.3217971264527913
128 74 129 -0.2705980500730985 0.6532814824381883
129 72 129 1. 0
129 73 128 -0.27059805007309845 -0.6532814824381883
129 73 129 -0.32179712645279135 0.3217971264527913
129 74 128 0.27059805007309856 0.6532814824381883
129 74 129 -0.32179712645279146 -0.3217971264527913
130 72 130 1. 0
130 73 132 1. 0
130 74 131 1. 0
131 72 131 1. 0
131 73 130 1. 0.
131 73 131 0.4550898605622274 0.
131 73 132 0.45508986056222744 2.7755575615628914e-17
131 74 131 0.4550898605622274 0.
131 74 132 1.09868411346781 0
132 72 132 1. 0
132 73 131 1.09868411346781 0
132 73 132 0.45508986056222744 -5.551115123125783e-17
132 74 130 1.0000000000000002 0
132 74 131 0.45508986056222744 2.7755575615628914e-17
132 74 132 0.45508986056222744 2.7755575615628914e-17
14 75 11 0.7768869870150186 -0.32179712645279135
14 76 11 -1.3065629648763764 1.0257123289739564e-16
15 75 12 -0.9238795325112867 -0.9238795325112866
15 76 12 -0.32179712645279135 -0.7768869870150186
38 75 35 -0.9238795325112867 -0.9238795325112866
38 76 35 -0.32179712645279135 -0.7768869870150186
39 75 36 0.7768869870150186 -0.32179712645279135
39 76 36 -1.3065629648763764 1.0257123289739564e-16
77 75 70 0. 1.3065629648763766
77 76 70 -0.3217971264527913 0.7768869870150188
78 75 71 0.7768869870150188 0.3217971264527913
78 76 71 -0.9238795325112867 -0.9238795325112867
79 75 73 -0.27059805007309845 0.6532814824381883
79 75 74 0.27059805007309845 -0.6532814824381883
79 76 72 -0.7071067811865474 -0.7071067811865474
79 76 73 0.45508986056222744 2.7755575615628914e-17
79 76 74 2.7755575615628914e-17 0.4550898605622274
80 75 72 0.7071067811865475 -0.7071067811865477
80 75 73 -0.45508986056222744 -2.7755575615628914e-17
80 75 74 2.7755575615628914e-17 0.4550898605622274
80 76 73 -0.2705980500730985 -0.6532814824381883
80 76 74 0.27059805007309845 0.6532814824381883
81 75 75 1. 0
81 76 76 1. 0
82 75 75 -0.32179712645279135 -0.3217971264527914
82 75 76 -0.27059805007309845 -0.6532814824381883
82 76 75 0.27059805007309845 -0.6532814824381883
82 76 76 -0.32179712645279135 0.32179712645279146
83 75 75 0.32179712645279146 0.3217971264527913
83 75 76 0.6532814824381883 -0.27059805007309856
83 76 75 0.6532814824381883 0.27059805007309856
83 76 76 -0.32179712645279135 0.3217971264527913
133 75 126 0.7768869870150188 0.3217971264527913
133 76 126 -0.9238795325112867 -0.9238795325112867
134 75 127 0. -1.3065629648763766
134 76 127 0.3217971264527913 -0.7768869870150188
135 75 129 1. 0
135 76 128 -1. 0
136 75 128 0.6532814824381883 -0.27059805007309856
136 75 129 -0.32179712645279146 -0.3217971264527913
136 76 128 -0.32179712645279135 0.3217971264527913
136 76 129 -0.6532814824381883 -0.27059805007309856
137 75 128 0.27059805007309845 0.6532814824381883
137 75 129 -0.32179712645279135 -0.3217971264527914
137 76 128 0.32179712645279135 -0.32179712645279146
137 76 129 0.27059805007309845 -0.6532814824381883
138 75 130 0.7071067811865476 -0.7071067811865476
138 75 131 2.7755575615628914e-17 0.4550898605622274
138 75 132 -0.45508986056222744 -2.7755575615628914e-17
138 76 131 0.27059805007309845 0.6532814824381883
138 76 132 -0.2705980500730985 -0.6532814824381883
139 75 131 0.27059805007309845 -0.6532814824381883
139 75 132 -0.27059805007309845 0.6532814824381883
139 76 130 -0.7071067811865474 -0.7071067811865474
139 76 131 2.7755575615628914e-17 0.4550898605622274
139 76 132 0.45508986056222744 2.7755575615628914e-17
8 77 15 0.7071067811865475 -0.7071067811865476
32 77 38 0.7071067811865475 -0.7071067811865476
64 77 77 1. 0
65 77 79 -0.5000000000000001 -0.20710678118654757
65 77 80 0. 0.8408964152537143
66 77 81 5.551115123125783e-17 0.6435942529055827
66 77 82 -0.5 -0.2071067811865475
66 77 83 0.20710678118654757 0.5
120 77 134 1. 0
121 77 135 5.551115123125783e-17 -0.6435942529055827
121 77 136 0.20710678118654757 0.5
121 77 137 0.4999999999999999 0.20710678118654743
122 77 138 0. 0.8408964152537146
122 77 139 -0.5000000000000001 -0.20710678118654757
9 78 14 -7.850462293418873e-17 -0.9999999999999996
33 78 39 -7.850462293418873e-17 -0.9999999999999996
67 78 78 1. 0
68 78 79 0. 0.8408964152537145
68 78 80 -0.4999999999999999 0.20710678118654743
69 78 81 -0.45508986056222744 0.45508986056222744
69 78 82 0.4999999999999999 0.20710678118654743
69 78 83 0.5000000000000001 -0.20710678118654766
123 78 133 1. 0
124 78 135 -0.45508986056222744 0.45508986056222744
124 78 136 -0.5000000000000001 0.20710678118654766
124 78 137 0.4999999999999999 0.20710678118654743
125 78 138 -0.4999999999999999 0.20710678118654743
125 78 139 0. 0.8408964152537145
11 79 14 0.9238795325112867 0.9238795325112866
11 80 14 0.7768869870150187 -0.3217971264527913
12 79 15 0.7768869870150186 -0.32179712645279135
12 80 15 1.0257123289739564e-16 1.3065629648763764
35 79 38 0.7768869870150186 -0.32179712645279135
35 80 38 1.0257123289739564e-16 1.3065629648763764
36 79 39 0.9238795325112867 0.9238795325112866
36 80 39 0.7768869870150187 -0.3217971264527913
70 79 77 -0.3217971264527913 0.7768869870150188
70 80 77 -0.9238795325112867 -0.9238795325112867
71 79 78 1.3065629648763766 0
71 80 78 0.3217971264527913 -0.7768869870150188
72 79 79 1. 0
72 80 80 1. 0
73 79 79 -0.32179712645279135 -0.3217971264527914
73 79 80 0.6532814824381883 -0.27059805007309845
73 80 79 -0.6532814824381883 -0.27059805007309845
73 80 80 -0.32179712645279135 0.32179712645279146
74 79 79 -0.32179712645279135 0.32179712645279146
74 79 80 -0.6532814824381883 0.27059805007309856
74 80 79 0.6532814824381883 0.27059805007309856
74 80 80 -0.3217971264527913 -0.3217971264527914
75 79 82 0.2705980500730985 -0.6532814824381883
75 79 83 -0.6532814824381883 -0.27059805007309845
75 80 81 0.7071067811865475 -0.7071067811865477
75 80 82 2.7755575615628914e-17 0.4550898605622274
75 80 83 -2.7755575615628914e-17 -0.4550898605622274
76 79 81 -0.7071067811865477 -0.7071067811865475
76 79 82 2.7755575615628914e-17 0.4550898605622274
76 79 83 2.7755575615628914e-17 0.4550898605622274
76 80 82 0.2705980500730985 0.6532814824381883
76 80 83 0.6532814824381883 -0.27059805007309845
126 79 133 1.3065629648763766 0
126 80 133 0.3217971264527913 -0.7768869870150188
127 79 134 0.3217971264527913 -0.7768869870150188
127 80 134 0.9238795325112867 0.9238795325112867
128 79 135 0.7071067811865475 0.7071067811865477
128 79 136 2.7755575615628914e-17 0.4550898605622274
128 79 137 -2.7755575615628914e-17 -0.4550898605622274
128 80 136 0.6532814824381883 -0.27059805007309845
128 80 137 -0.2705980500730985 -0.6532814824381883
129 79 136 0.6532814824381883 0.27059805007309845
129 79 137 0.2705980500730985 -0.6532814824381883
129 80 135 0.7071067811865475 -0.7071067811865477
129 80 136 2.7755575615628914e-17 0.4550898605622274
129 80 137 2.7755575615628914e-17 0.4550898605622274
130 79 139 1. 0
130 80 138 1. 0
131 79 138 -0.6532814824381883 0.27059805007309856
131 79 139 -0.32179712645279135 0.32179712645279146
131 80 138 -0.3217971264527913 -0.3217971264527914
131 80 139 0.6532814824381883 0.27059805007309856
132 79 138 0.6532814824381883 -0.27059805007309845
132 79 139 -0.32179712645279135 -0.3217971264527914
132 80 138 -0.32179712645279135 0.32179712645279146
132 80 139 -0.6532814824381883 -0.27059805007309845
13 81 13 1. 0
13 82 13 1.5537739740300374 -1.2197843995618407e-16
13 83 13 -1.2197843995618407e-16 -1.5537739740300374
14 81 14 1. 0
14 82 14 -0.3217971264527912 0.7768869870150187
14 83 14 -0.7768869870150187 0.3217971264527913
15 81 15 1. 0
15 82 15 -0.3217971264527913 -0.7768869870150187
15 83 15 0.7768869870150187 0.3217971264527912
37 81 37 1. 0
37 82 37 1.5537739740300374 -1.2197843995618407e-16
37 83 37 -1.2197843995618407e-16 -1.5537739740300374
38 81 38 1. 0
38 82 38 -0.3217971264527913 -0.7768869870150187
38 83 38 0.7768869870150187 0.3217971264527912
39 81 39 1. 0
39 82 39 -0.3217971264527912 0.7768869870150187
39 83 39 -0.7768869870150187 0.3217971264527913
77 81 77 1. 0
77 82 77 -0.3217971264527914 -0.7768869870150188
77 83 77 0.7768869870150188 0.3217971264527913
78 81 78 1. 0
78 82 78 -0.3217971264527913 0.7768869870150188
78 83 78 -0.7768869870150188 0.3217971264527913
79 81 79 1. 0
79 82 79 -0.32179712645279135 0.3217971264527913
79 82 80 -0.6532814824381883 0.27059805007309845
79 83 79 -0.32179712645279135 0.32179712645279146
79 83 80 -0.27059805007309856 -0.6532814824381883
80 81 80 1. 0
80 82 79 0.6532814824381883 0.27059805007309845
80 82 80 -0.32179712645279135 -0.3217971264527913
80 83 79 -0.2705980500730985 0.6532814824381883
80 83 80 0.3217971264527913 0.3217971264527914
81 81 81 1. 0
81 82 82 1. 0
81 83 83 1. 0
82 81 82 1. 0
82 82 82 0.45508986056222744 -5.551115123125783e-17
82 82 83 0. 1.09868411346781
82 83 81 0. -1.0000000000000002
82 83 82 -2.7755575615628914e-17 -0.4550898605622274
82 83 83 0.45508986056222744 2.7755575615628914e-17
83 81 83 1. 0
83 82 81 -1.3401577416544657e-16 -1.
83 82 82 -2.7755575615628914e-17 -0.4550898605622274
83 82 83 0.4550898605622274 0.
83 83 82 -1.09868411346781 0
83 83 83 2.7755575615628914e-17 -0.4550898605622274
133 81 133 1. 0
133 82 133 -0.3217971264527913 0.7768869870150188
133 83 133 -0.7768869870150188 0.3217971264527913
134 81 134 1. 0
134 82 134 -0.3217971264527914 -0.7768869870150188
134 83 134 0.7768869870150188 0.3217971264527913
135 81 135 1. 0
135 82 137 1. 0
135 83 136 -1. 0
136 81 136 1. 0
136 82 135 0. 1.
136 82 136 0.4550898605622274 0.
136 82 137 2.7755575615628914e-17 0.4550898605622274
136 83 136 2.7755575615628914e-17 -0.4550898605622274
136 83 137 1.09868411346781 0
137 81 137 1. 0
137 82 136 0. -1.09868411346781
137 82 137 0.45508986056222744 -5.551115123125783e-17
137 83 135 0. -1.0000000000000002
137 83 136 -0.45508986056222744 -2.7755575615628914e-17
137 83 137 -2.7755575615628914e-17 -0.4550898605622274
138 81 138 1. 0
138 82 138 -0.32179712645279135 -0.3217971264527913
138 82 139 0.6532814824381883 0.27059805007309845
138 83 138 0.3217971264527913 0.3217971264527914
138 83 139 -0.2705980500730985 0.6532814824381883
139 81 139 1. 0
139 82 138 -0.6532814824381883 0.27059805007309845
139 82 139 -0.32179712645279135 0.3217971264527913
139 83 138 -0.27059805007309856 -0.6532814824381883
139 83 139 -0.32179712645279135 0.32179712645279146
9 84 16 0. -1.
33 84 40 0. 1.
67 84 84 1. 0
68 84 85 1. 0
69 84 86 1. 0
123 84 140 1. 0
124 84 141 -1. 0
125 84 142 1. 0
11 85 16 -1.0986841134678098 1.09868411346781
36 85 40 1.0986841134678098 -1.09868411346781
71 85 84 0. 1.5537739740300374
72 85 85 1. 0
73 85 85 -0.3217971264527914 -0.7768869870150187
74 85 85 -0.3217971264527913 0.7768869870150187
75 85 86 0.7768869870150187 -0.3217971264527914
76 85 86 -1.3065629648763766 0
126 85 140 0. 1.5537739740300374
128 85 141 -1.3065629648763766 0
129 85 141 -0.7768869870150187 0.3217971264527914
130 85 142 1. 0
131 85 142 -0.3217971264527913 0.7768869870150187
132 85 142 -0.3217971264527914 -0.7768869870150187
14 86 16 -1.0986841134678098 1.09868411346781
39 86 40 1.0986841134678098 -1.09868411346781
78 86 84 -1.09868411346781 1.0986841134678098
79 86 85 0.9238795325112867 0.9238795325112866
80 86 85 0.7768869870150187 -0.3217971264527914
81 86 86 1. 0
82 86 86 -0.3217971264527913 0.7768869870150187
83 86 86 -0.7768869870150187 0.3217971264527914
133 86 140 -1.09868411346781 1.0986841134678098
135 86 141 -1. 0
136 86 141 -0.7768869870150187 0.3217971264527914
137 86 141 0.3217971264527913 -0.7768869870150187
138 86 142 0.7768869870150187 -0.3217971264527914
139 86 142 0.9238795325112867 0.9238795325112866
8 87 17 0. -1.
32 87 41 0. -1.
64 87 87 1. 0
65 87 88 -1. 0
66 87 89 1. 0
120 87 143 -1. 0
121 87 144 -1. 0
122 87 145 -1. 0
12 88 17 1.0986841134678098 -1.09868411346781
35 88 41 1.0986841134678098 -1.09868411346781
70 88 87 -1.09868411346781 1.0986841134678098
72 88 88 1. 0
73 88 88 -0.3217971264527913 0.7768869870150187
74 88 88 -0.3217971264527914 -0.7768869870150187
75 88 89 -0.9238795325112866 0.9238795325112867
76 88 89 -0.7768869870150187 0.3217971264527914
127 88 143 -1.09868411346781 1.0986841134678098
128 88 144 0.7768869870150187 -0.3217971264527914
129 88 144 -0.9238795325112866 0.9238795325112867
130 88 145 1. 0
131 88 145 -0.3217971264527914 -0.7768869870150187
132 88 145 -0.3217971264527913 0.7768869870150187
15 89 17 1.09868411346781 1.0986841134678098
38 89 41 1.09868411346781 1.0986841134678098
77 89 87 0. 1.5537739740300374
79 89 88 0.3217971264527914 0.7768869870150187
80 89 88 -1.3065629648763766 0
81 89 89 1. 0
82 89 89 -0.3217971264527914 -0.7768869870150187
83 89 89 0.7768869870150187 0.32179712645279135
134 89 143 0. -1.5537739740300374
135 89 144 1. 0
136 89 144 -0.7768869870150187 -0.32179712645279135
137 89 144 -0.3217971264527914 -0.7768869870150187
138 89 145 -1.3065629648763766 0
139 89 145 0.3217971264527914 0.7768869870150187
8 90 20 -0.7071067811865475 0.7071067811865476
32 90 43 -0.7071067811865475 0.7071067811865476
64 90 90 1. 0
65 90 92 0.8408964152537145 -1.1102230246251565e-16
65 90 93 0.20710678118654754 -0.5000000000000001
66 90 94 0.6435942529055827 5.551115123125783e-17
66 90 95 0.5 -0.20710678118654757
66 90 96 -0.20710678118654752 0.5
120 90 147 -1. 0
121 90 148 0.6435942529055827 5.551115123125783e-17
121 90 149 -0.20710678118654752 0.5
121 90 150 -0.5 0.20710678118654757
122 90 151 0.20710678118654754 -0.5000000000000001
122 90 152 0.8408964152537145 -1.1102230246251565e-16
9 91 19 1.1102230246251565e-16 1.
33 91 44 -1.6653345369377348e-16 -1.
67 91 91 1. 0
68 91 92 0.20710678118654763 0.5
68 91 93 -0.8408964152537145 0
69 91 94 0.45508986056222744 0.45508986056222744
69 91 95 -0.2071067811865476 -0.5000000000000001
69 91 96 0.20710678118654752 -0.5
123 91 146 1. 0
124 91 148 -0.45508986056222744 -0.45508986056222744
124 91 149 -0.20710678118654752 0.5
124 91 150 -0.2071067811865476 -0.5000000000000001
125 91 151 -0.8408964152537145 0
125 91 152 0.20710678118654763 0.5
11 92 19 -0.32179712645279135 -0.7768869870150186
11 93 19 -0.9238795325112866 0.9238795325112867
12 92 20 1.3065629648763764 -1.0257123289739564e-16
12 93 20 0.32179712645279135 0.7768869870150186
35 92 43 1.3065629648763764 -1.0257123289739564e-16
35 93 43 0.32179712645279135 0.7768869870150186
36 92 44 0.32179712645279135 0.7768869870150186
36 93 44 0.9238795325112867 -0.9238795325112868
70 92 90 0.9238795325112867 -0.9238795325112867
70 93 90 0.7768869870150188 0.3217971264527913
71 92 91 0.7768869870150188 0.3217971264527913
71 93 91 -1.0257123289739564e-16 -1.3065629648763764
72 92 92 1. 0
72 93 93 1. 0
73 92 92 -0.32179712645279135 0.32179712645279146
73 92 93 0.6532814824381883 0.27059805007309845
73 93 92 -0.6532814824381882 0.2705980500730985
73 93 93 -0.32179712645279135 -0.3217971264527914
74 92 92 -0.32179712645279135 -0.3217971264527914
74 92 93 -0.6532814824381883 -0.27059805007309856
74 93 92 0.6532814824381883 -0.27059805007309856
74 93 93 -0.3217971264527913 0.3217971264527914
75 92 94 0.7071067811865475 -0.7071067811865477
75 92 95 -2.7755575615628914e-17 -0.4550898605622274
75 92 96 2.7755575615628914e-17 0.4550898605622274
75 93 95 0.6532814824381883 0.27059805007309834
75 93 96 -0.27059805007309845 0.6532814824381883
76 92 95 0.6532814824381883 -0.2705980500730985
76 92 96 0.2705980500730985 0.6532814824381883
76 93 94 0.7071067811865475 0.7071067811865477
76 93 95 -2.7755575615628914e-17 -0.4550898605622274
76 93 96 -2.7755575615628914e-17 -0.4550898605622274
126 92 146 0.7768869870150188 0.3217971264527913
126 93 146 -1.0257123289739564e-16 -1.3065629648763764
127 92 147 0.9238795325112867 -0.9238795325112867
127 93 147 0.7768869870150188 0.3217971264527913
128 92 149 0.2705980500730985 0.6532814824381883
128 92 150 -0.6532814824381883 0.2705980500730985
128 93 148 0.7071067811865475 0.7071067811865477
128 93 149 -2.7755575615628914e-17 -0.4550898605622274
128 93 150 2.7755575615628914e-17 0.4550898605622274
129 92 148 -0.7071067811865477 0.7071067811865475
129 92 149 -2.7755575615628914e-17 -0.4550898605622274
129 92 150 -2.7755575615628914e-17 -0.4550898605622274
129 93 149 0.2705980500730985 -0.6532814824381883
129 93 150 0.6532814824381883 0.27059805007309834
130 92 152 1. 0
130 93 151 1. 0
131 92 151 -0.6532814824381883 -0.27059805007309856
131 92 152 -0.32179712645279135 -0.3217971264527914
131 93 151 -0.3217971264527913 0.3217971264527914
131 93 152 0.6532814824381883 -0.27059805007309856
132 92 151 0.6532814824381883 0.27059805007309845
132 92 152 -0.32179712645279135 0.32179712645279146
132 93 151 -0.32179712645279135 -0.3217971264527914
132 93 152 -0.6532814824381882 0.2705980500730985
13 94 18 1. 0
13 95 18 -1.2197843995618407e-16 -1.5537739740300374
13 96 18 1.5537739740300374 -1.2197843995618407e-16
14 94 19 0. -1.
14 95 19 0.32179712645279135 0.7768869870150186
14 96 19 0.7768869870150187 0.3217971264527912
15 94 20 0. -1.
15 95 20 0.3217971264527911 -0.7768869870150188
15 96 20 -0.7768869870150187 0.3217971264527913
37 94 42 -1. 0
37 95 42 1.2197843995618407e-16 1.5537739740300374
37 96 42 -1.5537739740300374 1.2197843995618407e-16
38 94 43 0. -1.
38 95 43 0.3217971264527911 -0.7768869870150188
38 96 43 -0.7768869870150187 0.3217971264527913
39 94 44 0. 1.
39 95 44 -0.32179712645279135 -0.7768869870150186
39 96 44 -0.7768869870150187 -0.3217971264527912
77 94 90 0. 1.
77 95 90 -0.3217971264527913 0.7768869870150188
77 96 90 0.7768869870150188 -0.3217971264527914
78 94 91 0. 1.
78 95 91 -0.3217971264527914 -0.7768869870150188
78 96 91 -0.7768869870150188 -0.3217971264527913
79 94 93 -1. 0
79 95 92 -0.27059805007309856 -0.6532814824381883
79 95 93 0.3217971264527913 -0.3217971264527914
79 96 92 -0.6532814824381882 0.2705980500730985
79 96 93 0.32179712645279135 -0.3217971264527913
80 94 92 1. 0
80 95 92 0.32179712645279135 0.3217971264527914
80 95 93 0.2705980500730985 -0.6532814824381883
80 96 92 -0.32179712645279135 -0.3217971264527913
80 96 93 -0.6532814824381883 -0.27059805007309845
81 94 94 1. 0
81 95 95 1. 0
81 96 96 1. 0
82 94 96 1. 0
82 95 94 0. -1.0000000000000002
82 95 95 0.45508986056222744 2.7755575615628914e-17
82 95 96 -2.7755575615628914e-17 -0.4550898605622274
82 96 95 8.625178205157388e-17 1.0986841134678098
82 96 96 0.45508986056222744 -5.551115123125783e-17
83 94 95 1. 0
83 95 95 -2.7755575615628914e-17 -0.4550898605622274
83 95 96 -1.09868411346781 0
83 96 94 1.1102230246251565e-16 -0.9999999999999997
83 96 95 0.4550898605622274 0.
83 96 96 -2.7755575615628914e-17 -0.4550898605622274
133 94 146 0. 1.
133 95 146 -0.3217971264527914 -0.7768869870150188
133 96 146 -0.7768869870150188 -0.3217971264527913
134 94 147 0. -1.
134 95 147 0.3217971264527913 -0.7768869870150188
134 96 147 -0.7768869870150188 0.3217971264527914
135 94 148 -1. 0
135 95 150 1. 0
135 96 149 -1. 0
136 94 150 -1. 0
136 95 149 -1.09868411346781 0
136 95 150 2.7755575615628914e-17 0.4550898605622274
136 96 148 1.1102230246251565e-16 -0.9999999999999997
136 96 149 -2.7755575615628914e-17 -0.4550898605622274
136 96 150 -0.4550898605622274 0.
137 94 149 -1. 0
137 95 148 0. 1.0000000000000002
137 95 149 2.7755575615628914e-17 0.4550898605622274
137 95 150 0.45508986056222744 2.7755575615628914e-17
137 96 149 -0.45508986056222744 5.551115123125783e-17
137 96 150 8.625178205157388e-17 1.0986841134678098
138 94 152 1. 0
138 95 151 0.2705980500730985 -0.6532814824381883
138 95 152 0.32179712645279135 0.3217971264527914
138 96 151 -0.6532814824381883 -0.27059805007309845
138 96 152 -0.32179712645279135 -0.3217971264527913
139 94 151 -1. 0
139 95 151 0.3217971264527913 -0.3217971264527914
139 95 152 -0.27059805007309856 -0.6532814824381883
139 96 151 0.32179712645279135 -0.3217971264527913
139 96 152 -0.6532814824381882 0.2705980500730985
8 97 23 1.1102230246251565e-16 1.
32 97 46 7.850462293418873e-17 0.9999999999999996
64 97 97 1. 0
65 97 99 -0.45508986056222744 -0.45508986056222744
65 97 100 0.5000000000000001 -0.20710678118654766
65 97 101 -0.20710678118654743 0.4999999999999999
66 97 102 0.20710678118654763 0.5
66 97 103 0. -0.8408964152537145
120 97 154 1. 0
121 97 155 0. -0.8408964152537145
121 97 156 -0.2071067811865475 -0.4999999999999999
122 97 157 -0.45508986056222744 -0.45508986056222744
122 97 158 -0.20710678118654752 0.5
122 97 159 0.5000000000000001 -0.20710678118654766
9 98 22 -0.7071067811865476 -0.7071067811865475
33 98 47 0.7071067811865476 0.7071067811865475
67 98 98 1. 0
68 98 99 -0.6435942529055827 -5.551115123125783e-17
68 98 100 0.20710678118654757 0.5
68 98 101 0.20710678118654743 -0.4999999999999999
69 98 102 -0.8408964152537144 5.551115123125783e-17
69 98 103 -0.5000000000000001 -0.20710678118654757
123 98 153 1. 0
124 98 155 0.5000000000000001 0.20710678118654757
124 98 156 -0.8408964152537144 5.551115123125783e-17
125 98 157 -0.6435942529055827 -5.551115123125783e-17
125 98 158 0.20710678118654743 -0.4999999999999999
125 98 159 0.20710678118654757 0.5
10 99 21 1. 0
10 100 21 1.5537739740300374 -1.2197843995618407e-16
10 101 21 1.5537739740300374 -1.2197843995618407e-16
11 99 22 0. -1.
11 100 22 0.7768869870150187 0.3217971264527912
11 101 22 -0.7768869870150187 0.3217971264527913
12 99 23 0. 1.
12 100 23 0.7768869870150187 -0.3217971264527913
12 101 23 -0.7768869870150187 -0.3217971264527912
34 99 45 1. 0
34 100 45 1.5537739740300374 -1.2197843995618407e-16
34 101 45 1.5537739740300374 -1.2197843995618407e-16
35 99 46 0. 1.
35 100 46 0.7768869870150187 -0.3217971264527913
35 101 46 -0.7768869870150187 -0.3217971264527912
36 99 47 0. 1.
36 100 47 -0.7768869870150187 -0.3217971264527912
36 101 47 0.7768869870150187 -0.3217971264527913
70 99 97 0. 1.
70 100 97 0.7768869870150188 -0.3217971264527914
70 101 97 -0.7768869870150188 -0.3217971264527913
71 99 98 0. -1.
71 100 98 0.7768869870150188 0.3217971264527913
71 101 98 -0.7768869870150188 0.3217971264527914
72 99 99 1. 0
72 100 100 1. 0
72 101 101 1. 0
73 99 101 1. 0
73 100 99 1.0000000000000002 0
73 100 100 0.45508986056222744 2.7755575615628914e-17
73 100 101 0.4550898605622274 0.
73 101 100 1.0986841134678098 -8.625178205157388e-17
73 101 101 0.45508986056222744 -5.551115123125783e-17
74 99 100 1. 0
74 100 100 0.45508986056222744 -5.551115123125783e-17
74 100 101 1.09868411346781 0
74 101 99 1. 0.
74 101 100 0.4550898605622274 0.
74 101 101 0.4550898605622274 0.
75 99 103 1. 0
75 100 102 0.27059805007309856 0.6532814824381883
75 100 103 -0.32179712645279135 -0.3217971264527913
75 101 102 -0.27059805007309845 -0.6532814824381883
75 101 103 -0.32179712645279135 0.3217971264527913
76 99 102 -1. 0
76 100 102 0.32179712645279135 -0.3217971264527913
76 100 103 0.2705980500730985 -0.6532814824381883
76 101 102 0.32179712645279135 0.3217971264527913
76 101 103 -0.27059805007309845 0.6532814824381883
126 99 153 0. -1.
126 100 153 0.7768869870150188 0.3217971264527913
126 101 153 -0.7768869870150188 0.3217971264527914
127 99 154 0. -1.
127 100 154 -0.7768869870150188 0.3217971264527914
127 101 154 0.7768869870150188 0.3217971264527913
128 99 156 1. 0
128 100 155 0.2705980500730985 -0.6532814824381883
128 100 156 -0.32179712645279135 0.3217971264527913
128 101 155 -0.27059805007309845 0.6532814824381883
128 101 156 -0.32179712645279135 -0.3217971264527913
129 99 155 -1. 0
129 100 155 0.32179712645279135 0.3217971264527913
129 100 156 0.27059805007309856 0.6532814824381883
129 101 155 0.32179712645279135 -0.3217971264527913
129 101 156 -0.27059805007309845 -0.6532814824381883
130 99 157 1. 0
130 100 159 1. 0
130 101 158 1. 0
131 99 159 1. 0
131 100 158 1.09868411346781 0
131 100 159 0.45508986056222744 -5.551115123125783e-17
131 101 157 1. 0.
131 101 158 0.4550898605622274 0.
131 101 159 0.4550898605622274 0.
132 99 158 1. 0
132 100 157 1.0000000000000002 0
132 100 158 0.4550898605622274 0.
132 100 159 0.45508986056222744 2.7755575615628914e-17
132 101 158 0.45508986056222744 -5.551115123125783e-17
132 101 159 1.0986841134678098 -8.625178205157388e-17
14 102 22 -1.0257123289739564e-16 -1.3065629648763764
14 103 22 -0.32179712645279135 -0.7768869870150186
15 102 23 -0.7768869870150187 0.3217971264527913
15 103 23 0.9238795325112867 -0.9238795325112868
38 102 46 -0.7768869870150187 0.3217971264527913
38 103 46 0.9238795325112867 -0.9238795325112868
39 102 47 1.0257123289739564e-16 1.3065629648763764
39 103 47 0.32179712645279135 0.7768869870150186
77 102 97 0.7768869870150188 0.3217971264527913
77 103 97 -1.3065629648763764 1.0257123289739564e-16
78 102 98 0.9238795325112867 -0.9238795325112867
78 103 98 0.3217971264527913 -0.7768869870150188
79 102 99 0.7071067811865477 0.7071067811865475
79 102 100 -2.7755575615628914e-17 -0.4550898605622274
79 102 101 -0.4550898605622274 0.
79 103 100 0.27059805007309845 -0.6532814824381883
79 103 101 -0.27059805007309845 0.6532814824381883
80 102 100 -0.2705980500730985 -0.6532814824381883
80 102 101 0.2705980500730985 0.6532814824381883
80 103 99 0.7071067811865476 -0.7071067811865476
80 103 100 2.7755575615628914e-17 0.4550898605622274
80 103 101 -0.4550898605622274 0.
81 102 102 1. 0
81 103 103 1. 0
82 102 102 -0.32179712645279135 0.32179712645279146
82 102 103 -0.27059805007309845 0.6532814824381883
82 103 102 0.27059805007309845 0.6532814824381883
82 103 103 -0.32179712645279135 -0.3217971264527914
83 102 102 -0.32179712645279135 0.3217971264527913
83 102 103 -0.6532814824381883 -0.27059805007309856
83 103 102 -0.6532814824381883 0.27059805007309856
83 103 103 0.32179712645279135 0.3217971264527913
133 102 153 0.9238795325112867 -0.9238795325112867
133 103 153 0.3217971264527913 -0.7768869870150188
134 102 154 0.7768869870150188 0.3217971264527913
134 103 154 -1.3065629648763764 1.0257123289739564e-16
135 102 156 1. 0
135 103 155 -1. 0
136 102 155 -0.6532814824381883 -0.27059805007309856
136 102 156 0.32179712645279135 -0.3217971264527913
136 103 155 0.32179712645279135 0.3217971264527913
136 103 156 0.6532814824381883 -0.27059805007309856
137 102 155 0.27059805007309845 -0.6532814824381883
137 102 156 -0.32179712645279135 0.32179712645279146
137 103 155 0.32179712645279135 0.3217971264527914
137 103 156 0.27059805007309845 0.6532814824381883
138 102 158 0.2705980500730985 0.6532814824381883
138 102 159 -0.2705980500730985 -0.6532814824381883
138 103 157 0.7071067811865476 -0.7071067811865476
138 103 158 -0.4550898605622274 0.
138 103 159 2.7755575615628914e-17 0.4550898605622274
139 102 157 0.7071067811865477 0.7071067811865475
139 102 158 -0.4550898605622274 0.
139 102 159 -2.7755575615628914e-17 -0.4550898605622274
139 103 158 -0.27059805007309845 0.6532814824381883
139 103 159 0.27059805007309845 -0.6532814824381883
21 104 0 2.414213562373095 0
45 104 24 2.414213562373095 0
99 104 48 1. 0
100 104 48 1.5537739740300374 0
101 104 48 1.5537739740300374 0
157 104 104 1. 0
158 104 104 1.5537739740300374 0
159 104 104 1.5537739740300374 0
18 105 1 2.414213562373095 0
42 105 25 2.414213562373095 0
94 105 49 -1. 0
95 105 49 0. 1.5537739740300374
96 105 49 -1.5537739740300374 0
148 105 105 1. 0
149 105 105 1.5537739740300374 0
150 105 105 0. 1.5537739740300374
16 106 2 -0.7071067811865476 -0.7071067811865476
40 106 26 -0.7071067811865476 -0.7071067811865476
84 106 50 1. 0
85 106 51 0.7071067811865476 -0.7071067811865476
86 106 52 1. 0
140 106 106 1. 0
141 106 107 -1. 0
142 106 108 0.7071067811865476 -0.7071067811865476
19 107 2 0. -1.5537739740300374
44 107 26 0. -1.5537739740300374
91 107 50 -1.09868411346781 -1.09868411346781
92 107 51 -0.32179712645279135 0.7768869870150187
93 107 51 1.3065629648763766 0
94 107 52 -1. 0
95 107 52 0.7768869870150187 -0.3217971264527914
96 107 52 0.32179712645279135 -0.7768869870150187
146 107 106 -1.09868411346781 -1.09868411346781
148 107 107 1. 0
149 107 107 -0.32179712645279135 0.7768869870150187
150 107 107 0.7768869870150187 -0.3217971264527914
151 107 108 1.3065629648763766 0
152 107 108 -0.32179712645279135 0.7768869870150187
22 108 2 -1.0986841134678096 1.0986841134678096
47 108 26 -1.0986841134678096 1.0986841134678096
98 108 50 -1.09868411346781 -1.09868411346781
99 108 51 1. 0
100 108 51 -0.32179712645279135 0.7768869870150187
101 108 51 -0.32179712645279135 -0.7768869870150187
102 108 52 0.9238795325112867 0.9238795325112867
103 108 52 0.7768869870150187 0.3217971264527914
153 108 106 -1.09868411346781 -1.09868411346781
155 108 107 -0.7768869870150187 -0.3217971264527914
156 108 107 0.9238795325112867 0.9238795325112867
157 108 108 1. 0
158 108 108 -0.32179712645279135 -0.7768869870150187
159 108 108 -0.32179712645279135 0.7768869870150187
17 109 3 0.7071067811865476 0.7071067811865476
41 109 27 0.7071067811865476 0.7071067811865476
87 109 53 -1. 0
88 109 54 0. 1.
89 109 55 -0.7071067811865474 0.7071067811865474
143 109 109 1. 0
144 109 110 -0.7071067811865474 0.7071067811865474
145 109 111 0. 1.
20 110 3 -1.09868411346781 -1.0986841134678098
43 110 27 -1.09868411346781 -1.0986841134678098
90 110 53 -1.09868411346781 -1.09868411346781
92 110 54 0.9238795325112867 -0.9238795325112867
93 110 54 0.7768869870150187 0.3217971264527914
94 110 55 -1. 0
95 110 55 -0.7768869870150187 -0.3217971264527914
96 110 55 0.32179712645279135 0.7768869870150187
147 110 109 1.09868411346781 1.09868411346781
148 110 110 1. 0
149 110 110 -0.32179712645279135 -0.7768869870150187
150 110 110 -0.7768869870150187 -0.3217971264527914
151 110 111 0.7768869870150187 0.3217971264527914
152 110 111 0.9238795325112867 -0.9238795325112867
23 111 3 -1.5537739740300374 0
46 111 27 -1.5537739740300374 0
97 111 53 -1.09868411346781 1.09868411346781
99 111 54 1. 0
100 111 54 -0.32179712645279135 -0.7768869870150187
101 111 54 -0.32179712645279135 0.7768869870150187
102 111 55 0.7768869870150187 0.3217971264527914
103 111 55 -1.3065629648763766 0
154 111 109 -1.09868411346781 1.09868411346781
155 111 110 1.3065629648763766 0
156 111 110 0.7768869870150187 0.3217971264527914
157 111 111 1. 0
158 111 111 -0.32179712645279135 0.7768869870150187
159 111 111 -0.32179712645279135 -0.7768869870150187
18 112 4 2.414213562373095 0
42 112 28 -2.414213562373095 0
94 112 56 1. 0
95 112 56 0. -1.5537739740300374
96 112 56 1.5537739740300374 0
148 112 112 1. 0
149 112 112 1.5537739740300374 0
150 112 112 0. 1.5537739740300374
21 113 5 2.414213562373095 0
45 113 29 2.414213562373095 0
99 113 57 1. 0
100 113 57 1.5537739740300374 0
101 113 57 1.5537739740300374 0
157 113 113 1. 0
158 113 113 1.5537739740300374 0
159 113 113 1.5537739740300374 0
17 114 6 0.7071067811865476 -0.7071067811865476
41 114 30 0.7071067811865476 -0.7071067811865476
87 114 58 1. 0
88 114 59 1. 0
89 114 60 -0.7071067811865476 -0.7071067811865476
143 114 114 1. 0
144 114 115 0.7071067811865476 0.7071067811865476
145 114 116 1. 0
20 115 6 -1.09868411346781 -1.0986841134678098
43 115 30 -1.0986841134678098 -1.09868411346781
90 115 58 -1.09868411346781 1.09868411346781
92 115 59 0.9238795325112867 -0.9238795325112867
93 115 59 0.7768869870150187 0.3217971264527914
94 115 60 1. 0
95 115 60 0.7768869870150187 0.32179712645279135
96 115 60 -0.32179712645279135 -0.7768869870150187
147 115 114 -1.09868411346781 1.09868411346781
148 115 115 1. 0
149 115 115 -0.32179712645279135 -0.7768869870150187
150 115 115 -0.7768869870150187 -0.32179712645279135
151 115 116 0.7768869870150187 0.3217971264527914
152 115 116 0.9238795325112867 -0.9238795325112867
23 116 6 -1.5537739740300374 0
46 116 30 -1.5537739740300374 0
97 116 58 1.09868411346781 1.09868411346781
99 116 59 1. 0
100 116 59 -0.3217971264527914 -0.7768869870150187
101 116 59 -0.32179712645279135 0.7768869870150187
102 116 60 -0.7768869870150187 -0.32179712645279135
103 116 60 1.3065629648763766 0
154 116 114 -1.09868411346781 -1.09868411346781
155 116 115 1.3065629648763766 0
156 116 115 0.7768869870150187 0.32179712645279135
157 116 116 1. 0
158 116 116 -0.32179712645279135 0.7768869870150187
159 116 116 -0.3217971264527914 -0.7768869870150187
16 117 7 -0.7071067811865476 0.7071067811865476
40 117 31 0.7071067811865476 -0.7071067811865476
84 117 61 1. 0
85 117 62 0.7071067811865474 0.7071067811865474
86 117 63 0. 1.
140 117 117 1. 0
141 117 118 0. 1.
142 117 119 0.7071067811865476 0.7071067811865476
19 118 7 0. -1.5537739740300374
44 118 31 0. 1.5537739740300374
91 118 61 1.09868411346781 -1.09868411346781
92 118 62 0.3217971264527914 -0.7768869870150187
93 118 62 -1.3065629648763766 0
94 118 63 1. 0
95 118 63 -0.7768869870150187 0.32179712645279135
96 118 63 -0.32179712645279135 0.7768869870150187
146 118 117 1.09868411346781 -1.09868411346781
148 118 118 1. 0
149 118 118 -0.32179712645279135 0.7768869870150187
150 118 118 0.7768869870150187 -0.32179712645279135
151 118 119 -1.3065629648763766 0
152 118 119 0.3217971264527914 -0.7768869870150187
22 119 7 1.0986841134678098 -1.09868411346781
47 119 31 -1.0986841134678098 1.09868411346781
98 119 61 -1.09868411346781 1.09868411346781
99 119 62 1. 0
100 119 62 -0.3217971264527914 0.7768869870150187
101 119 62 -0.32179712645279135 -0.7768869870150187
102 119 63 0.9238795325112867 0.9238795325112867
103 119 63 0.7768869870150187 0.3217971264527914
153 119 117 -1.09868411346781 1.09868411346781
155 119 118 0.7768869870150187 0.3217971264527914
156 119 118 -0.9238795325112867 -0.9238795325112867
157 119 119 1. 0
158 119 119 -0.32179712645279135 -0.7768869870150187
159 119 119 -0.3217971264527914 0.7768869870150187
17 120 8 0. -1.
41 120 32 0. -1.
87 120 64 -1. 0
88 120 65 1. 0
89 120 66 -1. 0
143 120 120 1. 0
144 120 121 1. 0
145 120 122 1. 0
20 121 8 -1.09868411346781 -1.0986841134678098
43 121 32 -1.09868411346781 -1.0986841134678098
90 121 64 1.5537739740300374 0
92 121 65 1.3065629648763766 0
93 121 65 0.3217971264527914 0.7768869870150187
94 121 66 1. 0
95 121 66 0.7768869870150187 0.3217971264527914
96 121 66 -0.3217971264527914 -0.7768869870150187
147 121 120 -1.5537739740300374 0
148 121 121 1. 0
149 121 121 -0.3217971264527914 -0.7768869870150187
150 121 121 -0.7768869870150187 -0.3217971264527914
151 121 122 0.3217971264527914 0.7768869870150187
152 121 122 1.3065629648763766 0
23 122 8 -1.0986841134678098 1.09868411346781
46 122 32 -1.0986841134678098 1.09868411346781
97 122 64 -1.0986841134678098 -1.0986841134678096
99 122 65 1. 0
100 122 65 -0.3217971264527914 -0.7768869870150187
101 122 65 -0.3217971264527913 0.7768869870150187
102 122 66 -0.7768869870150187 0.3217971264527914
103 122 66 0.9238795325112867 -0.9238795325112867
154 122 120 -1.0986841134678098 -1.0986841134678096
155 122 121 0.9238795325112867 -0.9238795325112867
156 122 121 0.7768869870150187 -0.3217971264527914
157 122 122 1. 0
158 122 122 -0.3217971264527913 0.7768869870150187
159 122 122 -0.3217971264527914 -0.7768869870150187
16 123 9 0. 1.
40 123 33 0. -1.
84 123 67 1. 0
85 123 68 1. 0
86 123 69 1. 0
140 123 123 1. 0
141 123 124 -1. 0
142 123 125 1. 0
19 124 9 -1.0986841134678098 1.09868411346781
44 124 33 1.0986841134678098 -1.09868411346781
91 124 67 -1.0986841134678098 -1.0986841134678096
92 124 68 -0.7768869870150187 0.3217971264527914
93 124 68 0.9238795325112867 0.9238795325112867
94 124 69 -1. 0
95 124 69 0.7768869870150187 -0.32179712645279146
96 124 69 0.3217971264527913 -0.7768869870150187
146 124 123 -1.0986841134678098 -1.0986841134678096
148 124 124 1. 0
149 124 124 -0.3217971264527913 0.7768869870150187
150 124 124 0.7768869870150187 -0.32179712645279146
151 124 125 0.9238795325112867 0.9238795325112867
152 124 125 -0.7768869870150187 0.3217971264527914
22 125 9 1.0986841134678098 -1.09868411346781
47 125 33 -1.0986841134678098 1.09868411346781
98 125 67 -1.5537739740300374 0
99 125 68 1. 0
100 125 68 -0.3217971264527914 0.7768869870150187
101 125 68 -0.3217971264527914 -0.7768869870150187
102 125 69 1.3065629648763766 0
103 125 69 0.7768869870150187 -0.32179712645279146
153 125 123 -1.5537739740300374 0
155 125 124 -0.7768869870150187 0.32179712645279146
156 125 124 1.3065629648763766 0
157 125 125 1. 0
158 125 125 -0.3217971264527914 -0.7768869870150187
159 125 125 -0.3217971264527914 0.7768869870150187
16 126 11 0.7071067811865475 -0.7071067811865476
40 126 36 -0.7071067811865475 0.7071067811865476
84 126 71 1. 0
85 126 72 5.551115123125783e-17 0.6435942529055827
85 126 73 -0.5 -0.2071067811865475
85 126 74 0.5 -0.20710678118654757
86 126 75 -0.20710678118654754 0.5000000000000001
86 126 76 0. -0.8408964152537146
140 126 126 1. 0
141 126 128 0. -0.8408964152537146
141 126 129 0.20710678118654754 -0.5000000000000001
142 126 130 5.551115123125783e-17 0.6435942529055827
142 126 131 0.5 -0.20710678118654757
142 126 132 -0.5 -0.2071067811865475
17 127 12 -1. 1.6653345369377348e-16
41 127 35 -1. 1.6653345369377348e-16
87 127 70 1. 0
88 127 72 -0.45508986056222744 0.45508986056222744
88 127 73 0.5000000000000001 0.2071067811865475
88 127 74 -0.2071067811865476 -0.5000000000000001
89 127 75 0.8408964152537145 0
89 127 76 0.5 -0.20710678118654752
143 127 127 1. 0
144 127 128 -0.5 0.20710678118654752
144 127 129 0.8408964152537145 0
145 127 130 -0.45508986056222744 0.45508986056222744
145 127 131 -0.2071067811865476 -0.5000000000000001
145 127 132 0.5000000000000001 0.2071067811865475
19 128 11 -1.0257123289739564e-16 -1.3065629648763764
19 129 11 -0.32179712645279135 -0.7768869870150186
20 128 12 0.7768869870150186 -0.32179712645279135
20 129 12 -0.9238795325112866 0.9238795325112867
43 128 35 0.7768869870150186 -0.32179712645279135
43 129 35 -0.9238795325112866 0.9238795325112867
44 128 36 1.0257123289739564e-16 1.3065629648763764
44 129 36 0.32179712645279135 0.7768869870150186
90 128 70 0.7768869870150188 0.3217971264527913
90 129 70 -1.3065629648763766 0
91 128 71 -0.9238795325112867 0.9238795325112867
91 129 71 -0.3217971264527913 0.7768869870150188
92 128 73 -0.2705980500730985 -0.6532814824381883
92 128 74 0.27059805007309845 0.6532814824381883
92 129 72 -0.7071067811865474 0.7071067811865475
92 129 73 0.45508986056222744 2.7755575615628914e-17
92 129 74 -2.7755575615628914e-17 -0.4550898605622274
93 128 72 0.7071067811865475 0.7071067811865477
93 128 73 -0.45508986056222744 -2.7755575615628914e-17
93 128 74 -2.7755575615628914e-17 -0.4550898605622274
93 129 73 -0.27059805007309845 0.6532814824381883
93 129 74 0.27059805007309845 -0.6532814824381883
94 128 76 1. 0
94 129 75 -1. 0
95 128 75 0.6532814824381883 0.27059805007309856
95 128 76 -0.32179712645279135 0.3217971264527913
95 129 75 -0.32179712645279146 -0.3217971264527913
95 129 76 -0.6532814824381883 0.27059805007309856
96 128 75 0.27059805007309845 -0.6532814824381883
96 128 76 -0.32179712645279135 0.32179712645279146
96 129 75 0.32179712645279135 0.3217971264527914
96 129 76 0.27059805007309845 0.6532814824381883
146 128 126 -0.9238795325112867 0.9238795325112867
146 129 126 -0.3217971264527913 0.7768869870150188
147 128 127 0.7768869870150188 0.3217971264527913
147 129 127 -1.3065629648763766 0
148 128 128 1. 0
148 129 129 1. 0
149 128 128 -0.32179712645279135 0.32179712645279146
149 128 129 -0.27059805007309845 0.6532814824381883
149 129 128 0.27059805007309845 0.6532814824381883
149 129 129 -0.32179712645279135 -0.3217971264527914
150 128 128 0.32179712645279135 -0.3217971264527913
150 128 129 0.6532814824381883 0.27059805007309856
150 129 128 0.6532814824381883 -0.27059805007309856
150 129 129 -0.32179712645279146 -0.3217971264527913
151 128 130 0.7071067811865476 0.7071067811865476
151 128 131 -2.7755575615628914e-17 -0.4550898605622274
151 128 132 -0.45508986056222744 -2.7755575615628914e-17
151 129 131 0.27059805007309845 -0.6532814824381883
151 129 132 -0.27059805007309845 0.6532814824381883
152 128 131 0.27059805007309845 0.6532814824381883
152 128 132 -0.2705980500730985 -0.6532814824381883
152 129 130 -0.7071067811865474 0.7071067811865475
152 129 131 -2.7755575615628914e-17 -0.4550898605622274
152 129 132 0.45508986056222744 2.7755575615628914e-17
21 130 10 1. 0
21 131 10 1.5537739740300374 -1.2197843995618407e-16
21 132 10 1.5537739740300374 -1.2197843995618407e-16
22 130 11 0. 1.
22 131 11 -0.7768869870150188 -0.3217971264527911
22 132 11 0.7768869870150187 -0.3217971264527913
23 130 12 0. -1.
23 131 12 -0.7768869870150186 0.32179712645279135
23 132 12 0.7768869870150187 0.3217971264527912
45 130 34 1. 0
45 131 34 1.5537739740300374 -1.2197843995618407e-16
45 132 34 1.5537739740300374 -1.2197843995618407e-16
46 130 35 0. -1.
46 131 35 -0.7768869870150186 0.32179712645279135
46 132 35 0.7768869870150187 0.3217971264527912
47 130 36 0. -1.
47 131 36 0.7768869870150188 0.3217971264527911
47 132 36 -0.7768869870150187 0.3217971264527913
97 130 70 0. -1.
97 131 70 -0.7768869870150188 0.3217971264527913
97 132 70 0.7768869870150188 0.3217971264527913
98 130 71 0. 1.
98 131 71 -0.7768869870150188 -0.3217971264527913
98 132 71 0.7768869870150188 -0.3217971264527914
99 130 72 1. 0
99 131 74 1. 0
99 132 73 1. 0
100 130 74 1. 0
100 131 73 1.09868411346781 0
100 131 74 0.4550898605622274 0.
100 132 72 0.9999999999999993 -7.850462293418871e-17
100 132 73 0.45508986056222744 2.7755575615628914e-17
100 132 74 0.4550898605622274 0.
101 130 73 1. 0
101 131 72 1.0000000000000002 0
101 131 73 0.45508986056222744 2.7755575615628914e-17
101 131 74 0.45508986056222744 2.7755575615628914e-17
101 132 73 0.45508986056222744 -5.551115123125783e-17
101 132 74 1.09868411346781 0
102 130 76 -1. 0
102 131 75 -0.2705980500730985 0.6532814824381883
102 131 76 0.32179712645279135 -0.3217971264527913
102 132 75 0.27059805007309845 -0.6532814824381883
102 132 76 0.32179712645279135 0.3217971264527913
103 130 75 1. 0
103 131 75 -0.32179712645279146 -0.3217971264527913
103 131 76 -0.27059805007309856 -0.6532814824381883
103 132 75 -0.32179712645279135 0.3217971264527913
103 132 76 0.27059805007309845 0.6532814824381883
153 130 126 0. 1.
153 131 126 -0.7768869870150188 -0.3217971264527913
153 132 126 0.7768869870150188 -0.3217971264527914
154 130 127 0. 1.
154 131 127 0.7768869870150188 -0.3217971264527913
154 132 127 -0.7768869870150188 -0.3217971264527913
155 130 129 -1. 0
155 131 128 -0.27059805007309856 -0.6532814824381883
155 131 129 0.32179712645279146 0.3217971264527913
155 132 128 0.27059805007309845 0.6532814824381883
155 132 129 0.32179712645279135 -0.3217971264527913
156 130 128 1. 0
156 131 128 -0.32179712645279135 0.3217971264527913
156 131 129 -0.2705980500730985 0.6532814824381883
156 132 128 -0.32179712645279135 -0.3217971264527913
156 132 129 0.27059805007309845 -0.6532814824381883
157 130 130 1. 0
157 131 131 1. 0
157 132 132 1. 0
158 130 132 1. 0
158 131 130 1.0000000000000002 0
158 131 131 0.45508986056222744 2.7755575615628914e-17
158 131 132 0.45508986056222744 2.7755575615628914e-17
158 132 131 1.09868411346781 0
158 132 132 0.45508986056222744 -5.551115123125783e-17
159 130 131 1. 0
159 131 131 0.4550898605622274 0.
159 131 132 1.09868411346781 0
159 132 130 0.9999999999999993 -7.850462293418871e-17
159 132 131 0.4550898605622274 0.
159 132 132 0.45508986056222744 2.7755575615628914e-17
16 133 14 0.9999999999999998 -5.551115123125783e-17
40 133 39 -1. 1.6653345369377348e-16
84 133 78 1. 0
85 133 79 0. 0.8408964152537145
85 133 80 -0.4999999999999999 0.20710678118654743
86 133 81 -0.45508986056222744 0.45508986056222744
86 133 82 0.5000000000000001 0.2071067811865475
86 133 83 0.5000000000000001 -0.20710678118654766
140 133 133 1. 0
141 133 135 0.45508986056222744 -0.45508986056222744
141 133 136 0.5000000000000001 -0.20710678118654766
141 133 137 -0.4999999999999999 -0.20710678118654743
142 133 138 -0.5 0.20710678118654752
142 133 139 0. 0.8408964152537145
17 134 15 -0.7071067811865476 -0.7071067811865475
41 134 38 -0.7071067811865476 -0.7071067811865475
87 134 77 -1. 0
88 134 79 -0.5000000000000001 -0.20710678118654757
88 134 80 0. 0.8408964152537143
89 134 81 -5.551115123125783e-17 -0.6435942529055827
89 134 82 0.4999999999999999 0.20710678118654743
89 134 83 -0.20710678118654757 -0.5
143 134 134 1. 0
144 134 135 -5.551115123125783e-17 -0.6435942529055827
144 134 136 0.20710678118654757 0.5
144 134 137 0.4999999999999999 0.20710678118654743
145 134 138 0. 0.8408964152537143
145 134 139 -0.5000000000000001 -0.20710678118654757
18 135 13 -1. 0
18 136 13 -1.2197843995618407e-16 -1.5537739740300374
18 137 13 -1.5537739740300374 1.2197843995618407e-16
19 135 14 0. -1.
19 136 14 -0.3217971264527913 -0.7768869870150187
19 137 14 0.7768869870150187 0.3217971264527912
20 135 15 0. -1.
20 136 15 -0.3217971264527912 0.7768869870150187
20 137 15 -0.7768869870150187 0.3217971264527913
42 135 37 1. 0
42 136 37 1.2197843995618407e-16 1.5537739740300374
42 137 37 1.5537739740300374 -1.2197843995618407e-16
43 135 38 0. -1.
43 136 38 -0.3217971264527912 0.7768869870150187
43 137 38 -0.7768869870150187 0.3217971264527913
44 135 39 0. 1.
44 136 39 0.3217971264527913 0.7768869870150187
44 137 39 -0.7768869870150187 -0.3217971264527912
90 135 77 0. 1.
90 136 77 0.3217971264527913 -0.7768869870150188
90 137 77 0.7768869870150188 -0.3217971264527914
91 135 78 0. 1.
91 136 78 0.3217971264527913 0.7768869870150188
91 137 78 -0.7768869870150188 -0.3217971264527913
92 135 80 -1. 0
92 136 79 -0.2705980500730985 0.6532814824381883
92 136 80 0.3217971264527913 0.3217971264527914
92 137 79 -0.6532814824381883 -0.27059805007309845
92 137 80 0.32179712645279135 0.3217971264527913
93 135 79 1. 0
93 136 79 0.32179712645279135 -0.32179712645279146
93 136 80 0.27059805007309856 0.6532814824381883
93 137 79 -0.32179712645279135 0.3217971264527913
93 137 80 -0.6532814824381883 0.27059805007309845
94 135 81 -1. 0
94 136 83 1. 0
94 137 82 -1. 0
95 135 83 -1. 0
95 136 82 -1.09868411346781 0
95 136 83 2.7755575615628914e-17 -0.4550898605622274
95 137 81 1.6653345369377348e-16 0.9999999999999998
95 137 82 2.7755575615628914e-17 0.4550898605622274
95 137 83 -0.4550898605622274 0.
96 135 82 -1. 0
96 136 81 0. -1.0000000000000002
96 136 82 -2.7755575615628914e-17 -0.4550898605622274
96 136 83 0.45508986056222744 2.7755575615628914e-17
96 137 82 -0.45508986056222744 5.551115123125783e-17
96 137 83 0. -1.09868411346781
146 135 133 0. 1.
146 136 133 0.3217971264527913 0.7768869870150188
146 137 133 -0.7768869870150188 -0.3217971264527913
147 135 134 0. -1.
147 136 134 -0.3217971264527913 0.7768869870150188
147 137 134 -0.7768869870150188 0.3217971264527914
148 135 135 1. 0
148 136 136 1. 0
148 137 137 1. 0
149 135 137 1. 0
149 136 135 0. 1.0000000000000002
149 136 136 0.45508986056222744 2.7755575615628914e-17
149 136 137 2.7755575615628914e-17 0.4550898605622274
149 137 136 0. -1.09868411346781
149 137 137 0.45508986056222744 -5.551115123125783e-17
150 135 136 1. 0
150 136 136 -2.7755575615628914e-17 0.4550898605622274
150 136 137 -1.09868411346781 0
150 137 135 1.6653345369377348e-16 0.9999999999999998
150 137 136 0.4550898605622274 0.
150 137 137 2.7755575615628914e-17 0.4550898605622274
151 135 139 1. 0
151 136 138 0.27059805007309856 0.6532814824381883
151 136 139 0.32179712645279135 -0.32179712645279146
151 137 138 -0.6532814824381883 0.27059805007309845
151 137 139 -0.32179712645279135 0.3217971264527913
152 135 138 -1. 0
152 136 138 0.3217971264527913 0.3217971264527914
152 136 139 -0.2705980500730985 0.6532814824381883
152 137 138 0.32179712645279135 0.3217971264527913
152 137 139 -0.6532814824381883 -0.27059805007309845
22 138 14 0.3217971264527913 0.7768869870150187
22 139 14 -0.9238795325112866 0.9238795325112867
23 138 15 1.3065629648763764 -1.0257123289739564e-16
23 139 15 -0.32179712645279135 -0.7768869870150186
46 138 38 1.3065629648763764 -1.0257123289739564e-16
46 139 38 -0.32179712645279135 -0.7768869870150186
47 138 39 -0.3217971264527913 -0.7768869870150187
47 139 39 0.9238795325112867 -0.9238795325112868
97 138 77 -0.9238795325112867 0.9238795325112867
97 139 77 0.7768869870150188 0.3217971264527913
98 138 78 0.7768869870150188 0.3217971264527913
98 139 78 0. 1.3065629648763766
99 138 80 1. 0
99 139 79 1. 0
100 138 79 0.6532814824381883 0.27059805007309856
100 138 80 -0.3217971264527913 -0.3217971264527914
100 139 79 -0.32179712645279135 0.32179712645279146
100 139 80 -0.6532814824381883 0.27059805007309856
101 138 79 -0.6532814824381883 -0.27059805007309845
101 138 80 -0.32179712645279135 0.32179712645279146
101 139 79 -0.32179712645279135 -0.3217971264527914
101 139 80 0.6532814824381883 -0.27059805007309845
102 138 82 -0.2705980500730985 -0.6532814824381883
102 138 83 -0.6532814824381883 0.27059805007309845
102 139 81 0.7071067811865475 0.7071067811865474
102 139 82 -2.7755575615628914e-17 -0.4550898605622274
102 139 83 -2.7755575615628914e-17 -0.4550898605622274
103 138 81 0.7071067811865475 -0.7071067811865477
103 138 82 2.7755575615628914e-17 0.4550898605622274
103 138 83 -2.7755575615628914e-17 -0.4550898605622274
103 139 82 0.2705980500730985 -0.6532814824381883
103 139 83 -0.6532814824381883 -0.27059805007309845
153 138 133 0.7768869870150188 0.3217971264527913
153 139 133 0. 1.3065629648763766
154 138 134 -0.9238795325112867 0.9238795325112867
154 139 134 0.7768869870150188 0.3217971264527913
155 138 135 -0.7071067811865476 0.7071067811865476
155 138 136 -2.7755575615628914e-17 -0.4550898605622274
155 138 137 -2.7755575615628914e-17 -0.4550898605622274
155 139 136 -0.6532814824381883 -0.27059805007309845
155 139 137 -0.27059805007309845 0.6532814824381883
156 138 136 0.6532814824381883 -0.27059805007309845
156 138 137 -0.2705980500730985 -0.6532814824381883
156 139 135 0.7071067811865475 0.7071067811865474
156 139 136 2.7755575615628914e-17 0.4550898605622274
156 139 137 -2.7755575615628914e-17 -0.4550898605622274
157 138 138 1. 0
157 139 139 1. 0
158 138 138 -0.32179712645279135 0.32179712645279146
158 138 139 -0.6532814824381883 -0.27059805007309845
158 139 138 0.6532814824381883 -0.27059805007309845
158 139 139 -0.32179712645279135 -0.3217971264527914
159 138 138 -0.3217971264527913 -0.3217971264527914
159 138 139 0.6532814824381883 0.27059805007309856
159 139 138 -0.6532814824381883 0.27059805007309856
159 139 139 -0.32179712645279135 0.32179712645279146
16 140 16 1. 0
40 140 40 1. 0
84 140 84 1. 0
85 140 85 1. 0
86 140 86 1. 0
140 140 140 1. 0
141 140 141 1. 0
142 140 142 1. 0
19 141 16 -1.09868411346781 -1.0986841134678098
44 141 40 -1.09868411346781 -1.0986841134678098
91 141 84 1.0986841134678098 1.09868411346781
92 141 85 0.7768869870150187 -0.3217971264527914
93 141 85 -0.9238795325112867 -0.9238795325112866
94 141 86 1. 0
95 141 86 -0.7768869870150187 0.3217971264527914
96 141 86 -0.3217971264527913 0.7768869870150187
146 141 140 1.0986841134678098 1.09868411346781
148 141 141 1. 0
149 141 141 -0.3217971264527913 0.7768869870150187
150 141 141 0.7768869870150187 -0.3217971264527914
151 141 142 -0.9238795325112867 -0.9238795325112866
152 141 142 0.7768869870150187 -0.3217971264527914
22 142 16 -1.09868411346781 -1.0986841134678098
47 142 40 -1.09868411346781 -1.0986841134678098
98 142 84 -1.5537739740300374 0
99 142 85 1. 0
100 142 85 -0.3217971264527913 0.7768869870150187
101 142 85 -0.3217971264527914 -0.7768869870150187
102 142 86 1.3065629648763766 0
103 142 86 0.7768869870150187 -0.3217971264527914
153 142 140 -1.5537739740300374 0
155 142 141 0.7768869870150187 -0.3217971264527914
156 142 141 -1.3065629648763766 0
157 142 142 1. 0
158 142 142 -0.3217971264527914 -0.7768869870150187
159 142 142 -0.3217971264527913 0.7768869870150187
17 143 17 1. 0
41 143 41 1. 0
87 143 87 1. 0
88 143 88 1. 0
89 143 89 1. 0
143 143 143 1. 0
144 143 144 1. 0
145 143 145 1. 0
20 144 17 1.0986841134678098 -1.09868411346781
43 144 41 1.0986841134678098 -1.09868411346781
90 144 87 -1.5537739740300374 0
92 144 88 1.3065629648763766 0
93 144 88 0.3217971264527914 0.7768869870150187
94 144 89 -1. 0
95 144 89 -0.7768869870150187 -0.32179712645279135
96 144 89 0.3217971264527914 0.7768869870150187
147 144 143 -1.5537739740300374 0
148 144 144 1. 0
149 144 144 -0.3217971264527914 -0.7768869870150187
150 144 144 -0.7768869870150187 -0.32179712645279135
151 144 145 0.3217971264527914 0.7768869870150187
152 144 145 1.3065629648763766 0
23 145 17 -1.09868411346781 -1.0986841134678098
46 145 41 -1.09868411346781 -1.0986841134678098
97 145 87 1.0986841134678098 1.09868411346781
99 145 88 1. 0
100 145 88 -0.3217971264527914 -0.7768869870150187
101 145 88 -0.3217971264527913 0.7768869870150187
102 145 89 0.7768869870150187 -0.3217971264527914
103 145 89 -0.9238795325112866 0.9238795325112867
154 145 143 -1.0986841134678098 -1.09868411346781
155 145 144 0.9238795325112867 -0.9238795325112868
156 145 144 0.7768869870150187 -0.3217971264527914
157 145 145 1. 0
158 145 145 -0.3217971264527913 0.7768869870150187
159 145 145 -0.3217971264527914 -0.7768869870150187
16 146 19 -1. 1.6653345369377348e-16
40 146 44 -1. 1.6653345369377348e-16
84 146 91 1. 0
85 146 92 0.20710678118654763 0.5
85 146 93 -0.8408964152537145 0
86 146 94 0.45508986056222744 0.45508986056222744
86 146 95 -0.2071067811865476 -0.5000000000000001
86 146 96 0.20710678118654752 -0.5
140 146 146 1. 0
141 146 148 0.45508986056222744 0.45508986056222744
141 146 149 0.20710678118654752 -0.5
141 146 150 0.2071067811865476 0.5000000000000001
142 146 151 -0.8408964152537145 0
142 146 152 0.20710678118654763 0.5
17 147 20 -0.7071067811865476 -0.7071067811865475
41 147 43 -0.7071067811865476 -0.7071067811865475
87 147 90 1. 0
88 147 92 -0.8408964152537145 1.1102230246251565e-16
88 147 93 -0.20710678118654754 0.5000000000000001
89 147 94 0.6435942529055827 5.551115123125783e-17
89 147 95 0.5 -0.20710678118654757
89 147 96 -0.20710678118654752 0.5
143 147 147 1. 0
144 147 148 -0.6435942529055827 -5.551115123125783e-17
144 147 149 0.20710678118654752 -0.5
144 147 150 0.5 -0.20710678118654757
145 147 151 -0.20710678118654754 0.5000000000000001
145 147 152 -0.8408964152537145 1.1102230246251565e-16
18 148 18 1. 0
18 149 18 1.5537739740300374 -1.2197843995618407e-16
18 150 18 1.2197843995618407e-16 1.5537739740300374
19 148 19 1. 0
19 149 19 -0.3217971264527912 0.7768869870150187
19 150 19 0.7768869870150186 -0.32179712645279135
20 148 20 1. 0
20 149 20 -0.3217971264527913 -0.7768869870150187
20 150 20 -0.7768869870150188 -0.3217971264527911
42 148 42 1. 0
42 149 42 1.5537739740300374 -1.2197843995618407e-16
42 150 42 1.2197843995618407e-16 1.5537739740300374
43 148 43 1. 0
43 149 43 -0.3217971264527913 -0.7768869870150187
43 150 43 -0.7768869870150188 -0.3217971264527911
44 148 44 1. 0
44 149 44 -0.3217971264527912 0.7768869870150187
44 150 44 0.7768869870150186 -0.32179712645279135
90 148 90 1. 0
90 149 90 -0.3217971264527914 -0.7768869870150188
90 150 90 -0.7768869870150188 -0.3217971264527913
91 148 91 1. 0
91 149 91 -0.3217971264527913 0.7768869870150188
91 150 91 0.7768869870150188 -0.3217971264527914
92 148 92 1. 0
92 149 92 -0.32179712645279135 -0.3217971264527913
92 149 93 -0.6532814824381883 -0.27059805007309845
92 150 92 -0.32179712645279135 -0.3217971264527914
92 150 93 -0.2705980500730985 0.6532814824381883
93 148 93 1. 0
93 149 92 0.6532814824381882 -0.2705980500730985
93 149 93 -0.32179712645279135 0.3217971264527913
93 150 92 -0.27059805007309856 -0.6532814824381883
93 150 93 0.3217971264527913 -0.3217971264527914
94 148 94 1. 0
94 149 96 1. 0
94 150 95 -1. 0
95 148 95 1. 0
95 149 94 0. -1.
95 149 95 0.4550898605622274 0.
95 149 96 -2.7755575615628914e-17 -0.4550898605622274
95 150 95 2.7755575615628914e-17 0.4550898605622274
95 150 96 1.09868411346781 0
96 148 96 1. 0
96 149 95 8.625178205157388e-17 1.0986841134678098
96 149 96 0.45508986056222744 -5.551115123125783e-17
96 150 94 0. 1.0000000000000002
96 150 95 -0.45508986056222744 -2.7755575615628914e-17
96 150 96 2.7755575615628914e-17 0.4550898605622274
146 148 146 1. 0
146 149 146 -0.3217971264527913 0.7768869870150188
146 150 146 0.7768869870150188 -0.3217971264527914
147 148 147 1. 0
147 149 147 -0.3217971264527914 -0.7768869870150188
147 150 147 -0.7768869870150188 -0.3217971264527913
148 148 148 1. 0
148 149 149 1. 0
148 150 150 1. 0
149 148 149 1. 0
149 149 149 0.45508986056222744 -5.551115123125783e-17
149 149 150 -8.625178205157388e-17 -1.0986841134678098
149 150 148 0. 1.0000000000000002
149 150 149 2.7755575615628914e-17 0.4550898605622274
149 150 150 0.45508986056222744 2.7755575615628914e-17
150 148 150 1. 0
150 149 148 -1.3401577416544657e-16 1.
150 149 149 2.7755575615628914e-17 0.4550898605622274
150 149 150 0.4550898605622274 0.
150 150 149 -1.09868411346781 0
150 150 150 2.7755575615628914e-17 0.4550898605622274
151 148 151 1. 0
151 149 151 -0.32179712645279135 0.3217971264527913
151 149 152 0.6532814824381882 -0.2705980500730985
151 150 151 0.3217971264527913 -0.3217971264527914
151 150 152 -0.27059805007309856 -0.6532814824381883
152 148 152 1. 0
152 149 151 -0.6532814824381883 -0.27059805007309845
152 149 152 -0.32179712645279135 -0.3217971264527913
152 150 151 -0.2705980500730985 0.6532814824381883
152 150 152 -0.32179712645279135 -0.3217971264527914
22 151 19 -0.9238795325112867 -0.9238795325112866
22 152 19 0.7768869870150186 -0.32179712645279135
23 151 20 0.7768869870150186 -0.32179712645279135
23 152 20 -1.0257123289739564e-16 -1.3065629648763764
46 151 43 0.7768869870150186 -0.32179712645279135
46 152 43 -1.0257123289739564e-16 -1.3065629648763764
47 151 44 -0.9238795325112867 -0.9238795325112866
47 152 44 0.7768869870150186 -0.32179712645279135
97 151 90 0.3217971264527913 -0.7768869870150188
97 152 90 -0.9238795325112867 -0.9238795325112867
98 151 91 1.3065629648763764 -1.0257123289739564e-16
98 152 91 -0.3217971264527913 0.7768869870150188
99 151 93 1. 0
99 152 92 1. 0
100 151 92 0.6532814824381883 -0.27059805007309856
100 151 93 -0.3217971264527913 0.3217971264527914
100 152 92 -0.32179712645279135 -0.3217971264527914
100 152 93 -0.6532814824381883 -0.27059805007309856
101 151 92 -0.6532814824381882 0.2705980500730985
101 151 93 -0.32179712645279135 -0.3217971264527914
101 152 92 -0.32179712645279135 0.32179712645279146
101 152 93 0.6532814824381883 0.27059805007309845
102 151 94 -0.7071067811865476 -0.7071067811865476
102 151 95 2.7755575615628914e-17 0.4550898605622274
102 151 96 2.7755575615628914e-17 0.4550898605622274
102 152 95 -0.6532814824381883 0.2705980500730985
102 152 96 -0.2705980500730985 -0.6532814824381883
103 151 95 0.6532814824381883 0.27059805007309834
103 151 96 -0.27059805007309845 0.6532814824381883
103 152 94 0.7071067811865474 -0.7071067811865474
103 152 95 -2.7755575615628914e-17 -0.4550898605622274
103 152 96 2.7755575615628914e-17 0.4550898605622274
153 151 146 1.3065629648763764 -1.0257123289739564e-16
153 152 146 -0.3217971264527913 0.7768869870150188
154 151 147 -0.3217971264527913 0.7768869870150188
154 152 147 0.9238795325112867 0.9238795325112867
155 151 149 -0.27059805007309845 0.6532814824381883
155 151 150 -0.6532814824381883 -0.27059805007309834
155 152 148 0.7071067811865474 -0.7071067811865474
155 152 149 2.7755575615628914e-17 0.4550898605622274
155 152 150 2.7755575615628914e-17 0.4550898605622274
156 151 148 0.7071067811865475 0.7071067811865477
156 151 149 -2.7755575615628914e-17 -0.4550898605622274
156 151 150 2.7755575615628914e-17 0.4550898605622274
156 152 149 0.2705980500730985 0.6532814824381883
156 152 150 -0.6532814824381883 0.2705980500730985
157 151 151 1. 0
157 152 152 1. 0
158 151 151 -0.32179712645279135 -0.3217971264527914
158 151 152 -0.6532814824381882 0.2705980500730985
158 152 151 0.6532814824381883 0.27059805007309845
158 152 152 -0.32179712645279135 0.32179712645279146
159 151 151 -0.3217971264527913 0.3217971264527914
159 151 152 0.6532814824381883 -0.27059805007309856
159 152 151 -0.6532814824381883 -0.27059805007309856
159 152 152 -0.32179712645279135 -0.3217971264527914
16 153 22 0.7071067811865475 -0.7071067811865476
40 153 47 0.7071067811865475 -0.7071067811865476
84 153 98 1. 0
85 153 99 -0.6435942529055827 -5.551115123125783e-17
85 153 100 0.20710678118654757 0.5
85 153 101 0.20710678118654743 -0.4999999999999999
86 153 102 -0.8408964152537145 1.1102230246251565e-16
86 153 103 -0.5000000000000001 -0.20710678118654757
140 153 153 1. 0
141 153 155 -0.5000000000000001 -0.20710678118654757
141 153 156 0.8408964152537144 -5.551115123125783e-17
142 153 157 -0.6435942529055827 -5.551115123125783e-17
142 153 158 0.20710678118654752 -0.5
142 153 159 0.20710678118654757 0.5
17 154 23 0.9999999999999998 -5.551115123125783e-17
41 154 46 0.9999999999999998 -5.551115123125783e-17
87 154 97 -1. 0
88 154 99 -0.45508986056222744 -0.45508986056222744
88 154 100 0.5000000000000001 -0.20710678118654766
88 154 101 -0.20710678118654743 0.4999999999999999
89 154 102 -0.2071067811865475 -0.4999999999999999
89 154 103 0. 0.8408964152537145
143 154 154 1. 0
144 154 155 0. -0.8408964152537145
144 154 156 -0.2071067811865475 -0.4999999999999999
145 154 157 -0.45508986056222744 -0.45508986056222744
145 154 158 -0.20710678118654743 0.4999999999999999
145 154 159 0.5000000000000001 -0.20710678118654766
19 155 22 0.7768869870150186 -0.32179712645279135
19 156 22 -1.3065629648763764 1.0257123289739564e-16
20 155 23 0.9238795325112867 0.9238795325112866
20 156 23 0.3217971264527913 0.7768869870150187
43 155 46 0.9238795325112867 0.9238795325112866
43 156 46 0.3217971264527913 0.7768869870150187
44 155 47 0.7768869870150186 -0.32179712645279135
44 156 47 -1.3065629648763764 1.0257123289739564e-16
90 155 97 1.0257123289739564e-16 1.3065629648763764
90 156 97 -0.3217971264527913 0.7768869870150188
91 155 98 -0.7768869870150188 -0.3217971264527913
91 156 98 0.9238795325112867 0.9238795325112867
92 155 99 0.7071067811865477 -0.7071067811865475
92 155 100 2.7755575615628914e-17 0.4550898605622274
92 155 101 -0.4550898605622274 0.
92 156 100 0.2705980500730985 0.6532814824381883
92 156 101 -0.2705980500730985 -0.6532814824381883
93 155 100 -0.27059805007309845 0.6532814824381883
93 155 101 0.2705980500730985 -0.6532814824381883
93 156 99 0.7071067811865476 0.7071067811865476
93 156 100 -2.7755575615628914e-17 -0.4550898605622274
93 156 101 -0.4550898605622274 0.
94 155 103 1. 0
94 156 102 -1. 0
95 155 102 -0.6532814824381883 0.27059805007309856
95 155 103 0.32179712645279135 0.3217971264527913
95 156 102 0.32179712645279135 -0.3217971264527913
95 156 103 0.6532814824381883 0.27059805007309856
96 155 102 0.27059805007309845 0.6532814824381883
96 155 103 -0.32179712645279135 -0.3217971264527914
96 156 102 0.32179712645279135 -0.32179712645279146
96 156 103 0.27059805007309845 -0.6532814824381883
146 155 153 -0.7768869870150188 -0.3217971264527913
146 156 153 0.9238795325112867 0.9238795325112867
147 155 154 -1.0257123289739564e-16 -1.3065629648763764
147 156 154 0.3217971264527913 -0.7768869870150188
148 155 155 1. 0
148 156 156 1. 0
149 155 155 -0.32179712645279135 -0.3217971264527914
149 155 156 -0.27059805007309845 -0.6532814824381883
149 156 155 0.27059805007309845 -0.6532814824381883
149 156 156 -0.32179712645279135 0.32179712645279146
150 155 155 -0.32179712645279135 -0.3217971264527913
150 155 156 -0.6532814824381883 0.27059805007309856
150 156 155 -0.6532814824381883 -0.27059805007309856
150 156 156 0.32179712645279135 -0.3217971264527913
151 155 158 0.2705980500730985 -0.6532814824381883
151 155 159 -0.27059805007309845 0.6532814824381883
151 156 157 0.7071067811865476 0.7071067811865476
151 156 158 -0.4550898605622274 0.
151 156 159 -2.7755575615628914e-17 -0.4550898605622274
152 155 157 0.7071067811865477 -0.7071067811865475
152 155 158 -0.4550898605622274 0.
152 155 159 2.7755575615628914e-17 0.4550898605622274
152 156 158 -0.2705980500730985 -0.6532814824381883
152 156 159 0.2705980500730985 0.6532814824381883
21 157 21 1. 0
21 158 21 1.5537739740300374 -1.2197843995618407e-16
21 159 21 1.5537739740300374 -1.2197843995618407e-16
22 157 22 1. 0
22 158 22 -0.3217971264527913 -0.7768869870150187
22 159 22 -0.3217971264527912 0.7768869870150187
23 157 23 1. 0
23 158 23 -0.3217971264527912 0.7768869870150187
23 159 23 -0.3217971264527913 -0.7768869870150187
45 157 45 1. 0
45 158 45 1.5537739740300374 -1.2197843995618407e-16
45 159 45 1.5537739740300374 -1.2197843995618407e-16
46 157 46 1. 0
46 158 46 -0.3217971264527912 0.7768869870150187
46 159 46 -0.3217971264527913 -0.7768869870150187
47 157 47 1. 0
47 158 47 -0.3217971264527913 -0.7768869870150187
47 159 47 -0.3217971264527912 0.7768869870150187
97 157 97 1. 0
97 158 97 -0.3217971264527913 0.7768869870150188
97 159 97 -0.3217971264527914 -0.7768869870150188
98 157 98 1. 0
98 158 98 -0.3217971264527914 -0.7768869870150188
98 159 98 -0.3217971264527913 0.7768869870150188
99 157 99 1. 0
99 158 101 1. 0
99 159 100 1. 0
100 157 100 1. 0
100 158 99 1. 0.
100 158 100 0.4550898605622274 0.
100 158 101 0.4550898605622274 0.
100 159 100 0.45508986056222744 -5.551115123125783e-17
100 159 101 1.09868411346781 0
101 157 101 1. 0
101 158 100 1.0986841134678098 -8.625178205157388e-17
101 158 101 0.45508986056222744 -5.551115123125783e-17
101 159 99 1.0000000000000002 0
101 159 100 0.45508986056222744 2.7755575615628914e-17
101 159 101 0.4550898605622274 0.
102 157 102 1. 0
102 158 102 -0.32179712645279135 -0.3217971264527913
102 158 103 0.27059805007309845 -0.6532814824381883
102 159 102 -0.32179712645279135 0.3217971264527913
102 159 103 -0.2705980500730985 0.6532814824381883
103 157 103 1. 0
103 158 102 -0.27059805007309845 -0.6532814824381883
103 158 103 -0.32179712645279135 0.3217971264527913
103 159 102 0.27059805007309856 0.6532814824381883
103 159 103 -0.32179712645279135 -0.3217971264527913
153 157 153 1. 0
153 158 153 -0.3217971264527914 -0.7768869870150188
153 159 153 -0.3217971264527913 0.7768869870150188
154 157 154 1. 0
154 158 154 -0.3217971264527913 0.7768869870150188
154 159 154 -0.3217971264527914 -0.7768869870150188
155 157 155 1. 0
155 158 155 -0.32179712645279135 0.3217971264527913
155 158 156 0.27059805007309845 0.6532814824381883
155 159 155 -0.32179712645279135 -0.3217971264527913
155 159 156 -0.27059805007309856 -0.6532814824381883
156 157 156 1. 0
156 158 155 -0.27059805007309845 0.6532814824381883
156 158 156 -0.32179712645279135 -0.3217971264527913
156 159 155 0.2705980500730985 -0.6532814824381883
156 159 156 -0.32179712645279135 0.3217971264527913
157 157 157 1. 0
157 158 158 1. 0
157 159 159 1. 0
158 157 158 1. 0
158 158 158 0.45508986056222744 -5.551115123125783e-17
158 158 159 1.0986841134678098 -8.625178205157388e-17
158 159 157 1.0000000000000002 0
158 159 158 0.4550898605622274 0.
158 159 159 0.45508986056222744 2.7755575615628914e-17
159 157 159 1. 0
159 158 157 1. 0.
159 158 158 0.4550898605622274 0.
159 158 159 0.4550898605622274 0.
159 159 158 1.09868411346781 0
159 159 159 0.45508986056222744 -5.551115123125783e-17