1 1 1 1 1 1 0 0 0 0 0 0 0 0 0 0 0 0 0 0 0 0 0 0 0 0 0 0 0 0 0 0 0 0 0 0 0 0 0 0 0 0 0 0 0 0 1 1 1 1 1 1 0 0 0 0 0 0 0 0 0 0 0 0 0 0 0 0 0 0 0 0 0 0 0 0 0 0 0 0 0 0 0 0 0 0 0 0 0 0 0 0 1 1 1 1 1 1 0 0 0 0 0 0 0 0 0 0 0 0 0 0 0 0 0 0 0 0 0 0 0 0 0 0 0 0 0 0 0 0 0 0 0 0 0 0 0 0 1 1 1 1 1 1 0 0 0 0 0 0 0 0 0 0 0 0 0 0 0 0 0 0 0 0 0 0 0 0 0 0 0 0 0 0 0 0 0 0 0 0 0 0 0 0 0 0 0 0 0 0 0 0 1 0 1 0 0 1 0 1 1 0 1 0 0 0 0 0 0 0 0 0 0 0 0 0 0 0 0 0 0 0 0 0 0 0 0 0 0 0 0 0 0 0 0 0 0 0 0 0 0 0 0 0 0 0 0 0 0 0 0 0 0 0 0 0 0 0 0 0 1 0 1 0 0 1 0 1 1 0 1 0
0 0 0 1. 0
40 0 40 1. 0
80 0 80 1. 0
120 0 120 1. 0
160 0 160 1. 0
216 0 216 1. 0
1 1 1 1. 0
41 1 41 1. 0
81 1 81 1. 0
121 1 121 1. 0
161 1 161 1. 0
217 1 217 1. 0
2 2 2 1. 0
42 2 42 1. 0
82 2 82 1. 0
122 2 122 1. 0
162 2 162 1. 0
218 2 218 1. 0
3 3 3 1. 0
43 3 43 1. 0
83 3 83 1. 0
123 3 123 1. 0
163 3 163 1. 0
219 3 219 1. 0
4 4 4 1. 0
44 4 44 1. 0
84 4 84 1. 0
124 4 124 1. 0
164 4 164 1. 0
165 4 165 1. 0
220 4 220 1. 0
221 4 221 1. 0
5 5 5 1. 0
45 5 45 1. 0
85 5 85 1. 0
125 5 125 1. 0
166 5 166 1. 0
167 5 167 1. 0
222 5 222 1. 0
223 5 223 1. 0
1 6 6 1. 0
41 6 46 -1. 0
81 6 86 1. 0
121 6 126 -1. 0
161 6 168 0. 1.
217 6 224 0. -1.
0 7 7 1. 0
40 7 47 1. 0
80 7 87 1. 0
120 7 127 1. 0
160 7 169 1. 0
216 7 225 1. 0
3 8 8 1. 0
43 8 48 1. 0
83 8 88 1. 0
123 8 128 1. 0
163 8 170 1. 0
219 8 226 1. 0
2 9 9 1. 0
42 9 49 -1. 0
82 9 89 1. 0
122 9 129 -1. 0
162 9 171 0. 1.
218 9 227 0. -1.
5 10 10 1. 0
45 10 50 1. 0
85 10 90 1. 0
125 10 130 1. 0
166 10 172 0. 1.
167 10 173 0. 1.
222 10 228 0. 1.
223 10 229 0. 1.
4 11 11 1. 0
44 11 51 -1. 0
84 11 91 1. 0
124 11 131 -1. 0
164 11 174 1. 0
165 11 175 1. 0
220 11 230 -1. 0
221 11 231 -1. 0
2 12 12 1. 0
42 12 52 1. 0
82 12 92 -1. 0
122 12 132 -1. 0
162 12 176 0. -1.
218 12 232 0. 1.
3 13 13 1. 0
43 13 53 1. 0
83 13 93 1. 0
123 13 133 1. 0
163 13 177 1. 0
219 13 233 1. 0
0 14 14 1. 0
40 14 54 1. 0
80 14 94 1. 0
120 14 134 1. 0
160 14 178 1. 0
216 14 234 1. 0
1 15 15 1. 0
41 15 55 1. 0
81 15 95 -1. 0
121 15 135 -1. 0
161 15 179 0. -1.
217 15 235 0. 1.
5 16 16 1. 0
45 16 56 1. 0
85 16 96 1. 0
125 16 136 1. 0
166 16 180 0. 1.
167 16 181 0. -1.
222 16 236 0. 1.
223 16 237 0. -1.
4 17 17 1. 0
44 17 57 1. 0
84 17 97 -1. 0
124 17 137 -1. 0
164 17 182 -1. 0
165 17 183 1. 0
220 17 238 1. 0
221 17 239 -1. 0
3 18 18 1. 0
43 18 58 1. 0
83 18 98 1. 0
123 18 138 1. 0
163 18 184 1. 0
219 18 240 1. 0
2 19 19 1. 0
42 19 59 -1. 0
82 19 99 -1. 0
122 19 139 1. 0
162 19 185 1. 0
218 19 241 1. 0
1 20 20 1. 0
41 20 60 -1. 0
81 20 100 -1. 0
121 20 140 1. 0
161 20 186 1. 0
217 20 242 1. 0
0 21 21 1. 0
40 21 61 1. 0
80 21 101 1. 0
120 21 141 1. 0
160 21 187 1. 0
216 21 243 1. 0
4 22 22 1. 0
44 22 62 -1. 0
84 22 102 -1. 0
124 22 142 1. 0
164 22 188 1. 0
165 22 189 -1. 0
220 22 244 1. 0
221 22 245 -1. 0
5 23 23 1. 0
45 23 63 1. 0
85 23 103 1. 0
125 23 143 1. 0
166 23 190 1. 0
167 23 191 -1. 0
222 23 246 1. 0
223 23 247 -1. 0
5 24 24 1. 0
45 24 64 1. 0
85 24 104 1. 0
125 24 144 1. 0
166 24 192 0. -1.
167 24 193 0. -1.
222 24 248 0. 1.
223 24 249 0. -1.
4 25 25 1. 0
44 25 65 -1. 0
84 25 105 1. 0
124 25 145 1. 0
164 25 194 -1. 0
165 25 195 -1. 0
220 25 250 -1. 0
221 25 251 -1. 0
4 26 26 1. 0
44 26 66 -1. 0
84 26 106 -1. 0
124 26 146 -1. 0
164 26 196 -1. 0
165 26 197 -1. 0
220 26 252 -1. 0
221 26 253 -1. 0
5 27 27 1. 0
45 27 67 1. 0
85 27 107 -1. 0
125 27 147 -1. 0
166 27 198 0. -1.
167 27 199 0. -1.
222 27 254 0. -1.
223 27 255 0. 1.
0 28 28 1. 0
40 28 68 1. 0
80 28 109 1. 0
120 28 149 1. 0
160 28 200 0.7071067811865475 0
160 28 201 0.7071067811865475 0
216 28 256 0.7071067811865475 0
216 28 257 0.7071067811865475 0
3 29 29 1. 0
43 29 69 1. 0
83 29 108 1. 0
123 29 148 1. 0
163 29 200 0.7071067811865475 0
163 29 201 -0.7071067811865475 0
219 29 256 0.7071067811865475 0
219 29 257 -0.7071067811865475 0
1 30 30 1. 0
41 30 70 1. 0
81 30 111 -1. 0
121 30 151 1. 0
161 30 202 0.7071067811865475 0
161 30 203 0.7071067811865475 0
217 30 258 0.7071067811865475 0
217 30 259 -0.7071067811865475 0
2 31 31 1. 0
42 31 71 1. 0
82 31 110 -1. 0
122 31 150 1. 0
162 31 202 0.7071067811865475 0
162 31 203 -0.7071067811865475 0
218 31 258 0.7071067811865475 0
218 31 259 0.7071067811865475 0
4 32 32 1. 0
44 32 72 -1. 0
84 32 112 1. 0
124 32 152 1. 0
164 32 204 0. 1.
165 32 205 0. 1.
220 32 260 0. 1.
221 32 261 0. 1.
5 33 33 1. 0
45 33 73 -1. 0
85 33 113 -1. 0
125 33 153 1. 0
166 33 206 0. 1.
167 33 207 0. -1.
222 33 262 0. 1.
223 33 263 0. 1.
5 34 34 1. 0
45 34 74 -1. 0
85 34 114 1. 0
125 34 154 -1. 0
166 34 208 0. -1.
167 34 209 0. 1.
222 34 264 0. 1.
223 34 265 0. 1.
4 35 35 1. 0
44 35 75 -1. 0
84 35 115 -1. 0
124 35 155 -1. 0
164 35 210 0. 1.
165 35 211 0. 1.
220 35 266 0. 1.
221 35 267 0. 1.
1 36 36 1. 0
41 36 76 -1. 0
81 36 117 1. 0
121 36 157 1. 0
161 36 212 0. 0.7071067811865475
161 36 213 0. -0.7071067811865475
217 36 268 0. -0.7071067811865475
217 36 269 0. -0.7071067811865475
2 37 37 1. 0
42 37 77 -1. 0
82 37 116 1. 0
122 37 156 1. 0
162 37 212 0. 0.7071067811865475
162 37 213 0. 0.7071067811865475
218 37 268 0. -0.7071067811865475
218 37 269 0. 0.7071067811865475
0 38 38 1. 0
40 38 78 1. 0
80 38 119 1. 0
120 38 159 1. 0
160 38 214 0.7071067811865475 0
160 38 215 0.7071067811865475 0
216 38 270 0.7071067811865475 0
216 38 271 0.7071067811865475 0
3 39 39 1. 0
43 39 79 1. 0
83 39 118 1. 0
123 39 158 1. 0
163 39 214 0.7071067811865475 0
163 39 215 -0.7071067811865475 0
219 39 270 0.7071067811865475 0
219 39 271 -0.7071067811865475 0
7 40 0 1. 0
47 40 40 1. 0
87 40 80 1. 0
127 40 120 1. 0
169 40 160 1. 0
225 40 216 1. 0
6 41 1 -1. 0
46 41 41 1. 0
86 41 81 -1. 0
126 41 121 1. 0
168 41 161 0. 1.
224 41 217 0. -1.
9 42 2 -1. 0
49 42 42 1. 0
89 42 82 -1. 0
129 42 122 1. 0
171 42 162 0. 1.
227 42 218 0. -1.
8 43 3 1. 0
48 43 43 1. 0
88 43 83 1. 0
128 43 123 1. 0
170 43 163 1. 0
226 43 219 1. 0
11 44 4 -1. 0
51 44 44 1. 0
91 44 84 -1. 0
131 44 124 1. 0
174 44 164 -1. 0
175 44 165 -1. 0
230 44 220 1. 0
231 44 221 1. 0
10 45 5 1. 0
50 45 45 1. 0
90 45 85 1. 0
130 45 125 1. 0
172 45 166 0. -1.
173 45 167 0. -1.
228 45 222 0. -1.
229 45 223 0. -1.
6 46 6 1. 0
46 46 46 1. 0
86 46 86 1. 0
126 46 126 1. 0
168 46 168 1. 0
224 46 224 1. 0
7 47 7 1. 0
47 47 47 1. 0
87 47 87 1. 0
127 47 127 1. 0
169 47 169 1. 0
225 47 225 1. 0
8 48 8 1. 0
48 48 48 1. 0
88 48 88 1. 0
128 48 128 1. 0
170 48 170 1. 0
226 48 226 1. 0
9 49 9 1. 0
49 49 49 1. 0
89 49 89 1. 0
129 49 129 1. 0
171 49 171 1. 0
227 49 227 1. 0
10 50 10 1. 0
50 50 50 1. 0
90 50 90 1. 0
130 50 130 1. 0
172 50 172 1. 0
173 50 173 1. 0
228 50 228 1. 0
229 50 229 1. 0
11 51 11 1. 0
51 51 51 1. 0
91 51 91 1. 0
131 51 131 1. 0
174 51 174 1. 0
175 51 175 1. 0
230 51 230 1. 0
231 51 231 1. 0
9 52 12 -1. 0
49 52 52 1. 0
89 52 92 1. 0
129 52 132 -1. 0
171 52 176 1. 0
227 52 232 1. 0
8 53 13 1. 0
48 53 53 1. 0
88 53 93 1. 0
128 53 133 1. 0
170 53 177 1. 0
226 53 233 1. 0
7 54 14 1. 0
47 54 54 1. 0
87 54 94 1. 0
127 54 134 1. 0
169 54 178 1. 0
225 54 234 1. 0
6 55 15 -1. 0
46 55 55 1. 0
86 55 95 1. 0
126 55 135 -1. 0
168 55 179 1. 0
224 55 235 1. 0
10 56 16 1. 0
50 56 56 1. 0
90 56 96 1. 0
130 56 136 1. 0
172 56 180 1. 0
173 56 181 -1. 0
228 56 236 1. 0
229 56 237 -1. 0
11 57 17 -1. 0
51 57 57 1. 0
91 57 97 1. 0
131 57 137 -1. 0
174 57 182 1. 0
175 57 183 -1. 0
230 57 238 1. 0
231 57 239 -1. 0
8 58 18 1. 0
48 58 58 1. 0
88 58 98 1. 0
128 58 138 1. 0
170 58 184 1. 0
226 58 240 1. 0
9 59 19 1. 0
49 59 59 1. 0
89 59 99 -1. 0
129 59 139 -1. 0
171 59 185 0. -1.
227 59 241 0. 1.
6 60 20 1. 0
46 60 60 1. 0
86 60 100 -1. 0
126 60 140 -1. 0
168 60 186 0. -1.
224 60 242 0. 1.
7 61 21 1. 0
47 61 61 1. 0
87 61 101 1. 0
127 61 141 1. 0
169 61 187 1. 0
225 61 243 1. 0
11 62 22 1. 0
51 62 62 1. 0
91 62 102 -1. 0
131 62 142 -1. 0
174 62 188 1. 0
175 62 189 -1. 0
230 62 244 -1. 0
231 62 245 1. 0
10 63 23 1. 0
50 63 63 1. 0
90 63 103 1. 0
130 63 143 1. 0
172 63 190 0. -1.
173 63 191 0. 1.
228 63 246 0. -1.
229 63 247 0. 1.
10 64 24 1. 0
50 64 64 1. 0
90 64 104 1. 0
130 64 144 1. 0
172 64 192 -1. 0
173 64 193 -1. 0
228 64 248 1. 0
229 64 249 -1. 0
11 65 25 1. 0
51 65 65 1. 0
91 65 105 1. 0
131 65 145 -1. 0
174 65 194 -1. 0
175 65 195 -1. 0
230 65 250 1. 0
231 65 251 1. 0
11 66 26 1. 0
51 66 66 1. 0
91 66 106 -1. 0
131 66 146 1. 0
174 66 196 -1. 0
175 66 197 -1. 0
230 66 252 1. 0
231 66 253 1. 0
10 67 27 1. 0
50 67 67 1. 0
90 67 107 -1. 0
130 67 147 -1. 0
172 67 198 -1. 0
173 67 199 -1. 0
228 67 254 -1. 0
229 67 255 1. 0
7 68 28 1. 0
47 68 68 1. 0
87 68 109 1. 0
127 68 149 1. 0
169 68 200 0.7071067811865475 0
169 68 201 0.7071067811865475 0
225 68 256 0.7071067811865475 0
225 68 257 0.7071067811865475 0
8 69 29 1. 0
48 69 69 1. 0
88 69 108 1. 0
128 69 148 1. 0
170 69 200 0.7071067811865475 0
170 69 201 -0.7071067811865475 0
226 69 256 0.7071067811865475 0
226 69 257 -0.7071067811865475 0
6 70 30 -1. 0
46 70 70 1. 0
86 70 111 1. 0
126 70 151 1. 0
168 70 202 0. 0.7071067811865475
168 70 203 0. 0.7071067811865475
224 70 258 0. -0.7071067811865475
224 70 259 0. 0.7071067811865475
9 71 31 -1. 0
49 71 71 1. 0
89 71 110 1. 0
129 71 150 1. 0
171 71 202 0. 0.7071067811865475
171 71 203 0. -0.7071067811865475
227 71 258 0. -0.7071067811865475
227 71 259 0. -0.7071067811865475
11 72 32 1. 0
51 72 72 1. 0
91 72 112 1. 0
131 72 152 -1. 0
174 72 204 0. 1.
175 72 205 0. 1.
230 72 260 0. -1.
231 72 261 0. -1.
10 73 33 -1. 0
50 73 73 1. 0
90 73 113 1. 0
130 73 153 -1. 0
172 73 206 -1. 0
173 73 207 1. 0
228 73 262 -1. 0
229 73 263 -1. 0
10 74 34 -1. 0
50 74 74 1. 0
90 74 114 -1. 0
130 74 154 1. 0
172 74 208 1. 0
173 74 209 -1. 0
228 74 264 -1. 0
229 74 265 -1. 0
11 75 35 1. 0
51 75 75 1. 0
91 75 115 -1. 0
131 75 155 1. 0
174 75 210 0. 1.
175 75 211 0. 1.
230 75 266 0. -1.
231 75 267 0. -1.
6 76 36 1. 0
46 76 76 1. 0
86 76 117 1. 0
126 76 157 -1. 0
168 76 212 0.7071067811865475 0
168 76 213 -0.7071067811865475 0
224 76 268 0.7071067811865475 0
224 76 269 0.7071067811865475 0
9 77 37 1. 0
49 77 77 1. 0
89 77 116 1. 0
129 77 156 -1. 0
171 77 212 0.7071067811865475 0
171 77 213 0.7071067811865475 0
227 77 268 0.7071067811865475 0
227 77 269 -0.7071067811865475 0
7 78 38 1. 0
47 78 78 1. 0
87 78 119 1. 0
127 78 159 1. 0
169 78 214 0.7071067811865475 0
169 78 215 0.7071067811865475 0
225 78 270 0.7071067811865475 0
225 78 271 0.7071067811865475 0
8 79 39 1. 0
48 79 79 1. 0
88 79 118 1. 0
128 79 158 1. 0
170 79 214 0.7071067811865475 0
170 79 215 -0.7071067811865475 0
226 79 270 0.7071067811865475 0
226 79 271 -0.7071067811865475 0
14 80 0 1. 0
54 80 40 1. 0
94 80 80 1. 0
134 80 120 1. 0
178 80 160 1. 0
234 80 216 1. 0
15 81 1 -1. 0
55 81 41 -1. 0
95 81 81 1. 0
135 81 121 1. 0
179 81 161 0. -1.
235 81 217 0. 1.
12 82 2 -1. 0
52 82 42 -1. 0
92 82 82 1. 0
132 82 122 1. 0
176 82 162 0. -1.
232 82 218 0. 1.
13 83 3 1. 0
53 83 43 1. 0
93 83 83 1. 0
133 83 123 1. 0
177 83 163 1. 0
233 83 219 1. 0
17 84 4 -1. 0
57 84 44 -1. 0
97 84 84 1. 0
137 84 124 1. 0
182 84 164 1. 0
183 84 165 -1. 0
238 84 220 -1. 0
239 84 221 1. 0
16 85 5 1. 0
56 85 45 1. 0
96 85 85 1. 0
136 85 125 1. 0
180 85 166 0. -1.
181 85 167 0. 1.
236 85 222 0. -1.
237 85 223 0. 1.
15 86 6 -1. 0
55 86 46 1. 0
95 86 86 1. 0
135 86 126 -1. 0
179 86 168 1. 0
235 86 224 1. 0
14 87 7 1. 0
54 87 47 1. 0
94 87 87 1. 0
134 87 127 1. 0
178 87 169 1. 0
234 87 225 1. 0
13 88 8 1. 0
53 88 48 1. 0
93 88 88 1. 0
133 88 128 1. 0
177 88 170 1. 0
233 88 226 1. 0
12 89 9 -1. 0
52 89 49 1. 0
92 89 89 1. 0
132 89 129 -1. 0
176 89 171 1. 0
232 89 227 1. 0
16 90 10 1. 0
56 90 50 1. 0
96 90 90 1. 0
136 90 130 1. 0
180 90 172 1. 0
181 90 173 -1. 0
236 90 228 1. 0
237 90 229 -1. 0
17 91 11 -1. 0
57 91 51 1. 0
97 91 91 1. 0
137 91 131 -1. 0
182 91 174 1. 0
183 91 175 -1. 0
238 91 230 1. 0
239 91 231 -1. 0
12 92 12 1. 0
52 92 52 1. 0
92 92 92 1. 0
132 92 132 1. 0
176 92 176 1. 0
232 92 232 1. 0
13 93 13 1. 0
53 93 53 1. 0
93 93 93 1. 0
133 93 133 1. 0
177 93 177 1. 0
233 93 233 1. 0
14 94 14 1. 0
54 94 54 1. 0
94 94 94 1. 0
134 94 134 1. 0
178 94 178 1. 0
234 94 234 1. 0
15 95 15 1. 0
55 95 55 1. 0
95 95 95 1. 0
135 95 135 1. 0
179 95 179 1. 0
235 95 235 1. 0
16 96 16 1. 0
56 96 56 1. 0
96 96 96 1. 0
136 96 136 1. 0
180 96 180 1. 0
181 96 181 1. 0
236 96 236 1. 0
237 96 237 1. 0
17 97 17 1. 0
57 97 57 1. 0
97 97 97 1. 0
137 97 137 1. 0
182 97 182 1. 0
183 97 183 1. 0
238 97 238 1. 0
239 97 239 1. 0
13 98 18 1. 0
53 98 58 1. 0
93 98 98 1. 0
133 98 138 1. 0
177 98 184 1. 0
233 98 240 1. 0
12 99 19 1. 0
52 99 59 -1. 0
92 99 99 1. 0
132 99 139 -1. 0
176 99 185 0. 1.
232 99 241 0. -1.
15 100 20 1. 0
55 100 60 -1. 0
95 100 100 1. 0
135 100 140 -1. 0
179 100 186 0. 1.
235 100 242 0. -1.
14 101 21 1. 0
54 101 61 1. 0
94 101 101 1. 0
134 101 141 1. 0
178 101 187 1. 0
234 101 243 1. 0
17 102 22 1. 0
57 102 62 -1. 0
97 102 102 1. 0
137 102 142 -1. 0
182 102 188 -1. 0
183 102 189 -1. 0
238 102 244 1. 0
239 102 245 1. 0
16 103 23 1. 0
56 103 63 1. 0
96 103 103 1. 0
136 103 143 1. 0
180 103 190 0. -1.
181 103 191 0. -1.
236 103 246 0. -1.
237 103 247 0. -1.
16 104 24 1. 0
56 104 64 1. 0
96 104 104 1. 0
136 104 144 1. 0
180 104 192 -1. 0
181 104 193 1. 0
236 104 248 1. 0
237 104 249 1. 0
17 105 25 -1. 0
57 105 65 1. 0
97 105 105 1. 0
137 105 145 1. 0
182 105 194 -1. 0
183 105 195 1. 0
238 105 250 1. 0
239 105 251 -1. 0
17 106 26 1. 0
57 106 66 -1. 0
97 106 106 1. 0
137 106 146 1. 0
182 106 196 1. 0
183 106 197 -1. 0
238 106 252 -1. 0
239 106 253 1. 0
16 107 27 -1. 0
56 107 67 -1. 0
96 107 107 1. 0
136 107 147 1. 0
180 107 198 1. 0
181 107 199 -1. 0
236 107 254 1. 0
237 107 255 1. 0
13 108 29 1. 0
53 108 69 1. 0
93 108 108 1. 0
133 108 148 1. 0
177 108 200 0.7071067811865475 0
177 108 201 -0.7071067811865475 0
233 108 256 0.7071067811865475 0
233 108 257 -0.7071067811865475 0
14 109 28 1. 0
54 109 68 1. 0
94 109 109 1. 0
134 109 149 1. 0
178 109 200 0.7071067811865475 0
178 109 201 0.7071067811865475 0
234 109 256 0.7071067811865475 0
234 109 257 0.7071067811865475 0
12 110 31 1. 0
52 110 71 1. 0
92 110 110 1. 0
132 110 150 -1. 0
176 110 202 0. 0.7071067811865475
176 110 203 0. -0.7071067811865475
232 110 258 0. -0.7071067811865475
232 110 259 0. -0.7071067811865475
15 111 30 1. 0
55 111 70 1. 0
95 111 111 1. 0
135 111 151 -1. 0
179 111 202 0. 0.7071067811865475
179 111 203 0. 0.7071067811865475
235 111 258 0. -0.7071067811865475
235 111 259 0. 0.7071067811865475
17 112 32 -1. 0
57 112 72 1. 0
97 112 112 1. 0
137 112 152 1. 0
182 112 204 0. 1.
183 112 205 0. -1.
238 112 260 0. -1.
239 112 261 0. 1.
16 113 33 -1. 0
56 113 73 1. 0
96 113 113 1. 0
136 113 153 -1. 0
180 113 206 -1. 0
181 113 207 -1. 0
236 113 262 -1. 0
237 113 263 1. 0
16 114 34 1. 0
56 114 74 -1. 0
96 114 114 1. 0
136 114 154 -1. 0
180 114 208 -1. 0
181 114 209 -1. 0
236 114 264 1. 0
237 114 265 -1. 0
17 115 35 1. 0
57 115 75 -1. 0
97 115 115 1. 0
137 115 155 1. 0
182 115 210 0. -1.
183 115 211 0. 1.
238 115 266 0. 1.
239 115 267 0. -1.
12 116 37 -1. 0
52 116 77 1. 0
92 116 116 1. 0
132 116 156 1. 0
176 116 212 0.7071067811865475 0
176 116 213 0.7071067811865475 0
232 116 268 0.7071067811865475 0
232 116 269 -0.7071067811865475 0
15 117 36 -1. 0
55 117 76 1. 0
95 117 117 1. 0
135 117 157 1. 0
179 117 212 0.7071067811865475 0
179 117 213 -0.7071067811865475 0
235 117 268 0.7071067811865475 0
235 117 269 0.7071067811865475 0
13 118 39 1. 0
53 118 79 1. 0
93 118 118 1. 0
133 118 158 1. 0
177 118 214 0.7071067811865475 0
177 118 215 -0.7071067811865475 0
233 118 270 0.7071067811865475 0
233 118 271 -0.7071067811865475 0
14 119 38 1. 0
54 119 78 1. 0
94 119 119 1. 0
134 119 159 1. 0
178 119 214 0.7071067811865475 0
178 119 215 0.7071067811865475 0
234 119 270 0.7071067811865475 0
234 119 271 0.7071067811865475 0
21 120 0 1. 0
61 120 40 1. 0
101 120 80 1. 0
141 120 120 1. 0
187 120 160 1. 0
243 120 216 1. 0
20 121 1 1. 0
60 121 41 -1. 0
100 121 81 -1. 0
140 121 121 1. 0
186 121 161 1. 0
242 121 217 1. 0
19 122 2 1. 0
59 122 42 -1. 0
99 122 82 -1. 0
139 122 122 1. 0
185 122 162 1. 0
241 122 218 1. 0
18 123 3 1. 0
58 123 43 1. 0
98 123 83 1. 0
138 123 123 1. 0
184 123 163 1. 0
240 123 219 1. 0
22 124 4 1. 0
62 124 44 -1. 0
102 124 84 -1. 0
142 124 124 1. 0
188 124 164 1. 0
189 124 165 -1. 0
244 124 220 1. 0
245 124 221 -1. 0
23 125 5 1. 0
63 125 45 1. 0
103 125 85 1. 0
143 125 125 1. 0
190 125 166 1. 0
191 125 167 -1. 0
246 125 222 1. 0
247 125 223 -1. 0
20 126 6 -1. 0
60 126 46 -1. 0
100 126 86 1. 0
140 126 126 1. 0
186 126 168 0. -1.
242 126 224 0. 1.
21 127 7 1. 0
61 127 47 1. 0
101 127 87 1. 0
141 127 127 1. 0
187 127 169 1. 0
243 127 225 1. 0
18 128 8 1. 0
58 128 48 1. 0
98 128 88 1. 0
138 128 128 1. 0
184 128 170 1. 0
240 128 226 1. 0
19 129 9 -1. 0
59 129 49 -1. 0
99 129 89 1. 0
139 129 129 1. 0
185 129 171 0. -1.
241 129 227 0. 1.
23 130 10 1. 0
63 130 50 1. 0
103 130 90 1. 0
143 130 130 1. 0
190 130 172 0. 1.
191 130 173 0. -1.
246 130 228 0. 1.
247 130 229 0. -1.
22 131 11 -1. 0
62 131 51 -1. 0
102 131 91 1. 0
142 131 131 1. 0
188 131 174 -1. 0
189 131 175 1. 0
244 131 230 1. 0
245 131 231 -1. 0
19 132 12 -1. 0
59 132 52 1. 0
99 132 92 -1. 0
139 132 132 1. 0
185 132 176 0. 1.
241 132 232 0. -1.
18 133 13 1. 0
58 133 53 1. 0
98 133 93 1. 0
138 133 133 1. 0
184 133 177 1. 0
240 133 233 1. 0
21 134 14 1. 0
61 134 54 1. 0
101 134 94 1. 0
141 134 134 1. 0
187 134 178 1. 0
243 134 234 1. 0
20 135 15 -1. 0
60 135 55 1. 0
100 135 95 -1. 0
140 135 135 1. 0
186 135 179 0. 1.
242 135 235 0. -1.
23 136 16 1. 0
63 136 56 1. 0
103 136 96 1. 0
143 136 136 1. 0
190 136 180 0. 1.
191 136 181 0. 1.
246 136 236 0. 1.
247 136 237 0. 1.
22 137 17 -1. 0
62 137 57 1. 0
102 137 97 -1. 0
142 137 137 1. 0
188 137 182 1. 0
189 137 183 1. 0
244 137 238 -1. 0
245 137 239 -1. 0
18 138 18 1. 0
58 138 58 1. 0
98 138 98 1. 0
138 138 138 1. 0
184 138 184 1. 0
240 138 240 1. 0
19 139 19 1. 0
59 139 59 1. 0
99 139 99 1. 0
139 139 139 1. 0
185 139 185 1. 0
241 139 241 1. 0
20 140 20 1. 0
60 140 60 1. 0
100 140 100 1. 0
140 140 140 1. 0
186 140 186 1. 0
242 140 242 1. 0
21 141 21 1. 0
61 141 61 1. 0
101 141 101 1. 0
141 141 141 1. 0
187 141 187 1. 0
243 141 243 1. 0
22 142 22 1. 0
62 142 62 1. 0
102 142 102 1. 0
142 142 142 1. 0
188 142 188 1. 0
189 142 189 1. 0
244 142 244 1. 0
245 142 245 1. 0
23 143 23 1. 0
63 143 63 1. 0
103 143 103 1. 0
143 143 143 1. 0
190 143 190 1. 0
191 143 191 1. 0
246 143 246 1. 0
247 143 247 1. 0
23 144 24 1. 0
63 144 64 1. 0
103 144 104 1. 0
143 144 144 1. 0
190 144 192 0. -1.
191 144 193 0. 1.
246 144 248 0. 1.
247 144 249 0. 1.
22 145 25 1. 0
62 145 65 1. 0
102 145 105 -1. 0
142 145 145 1. 0
188 145 194 -1. 0
189 145 195 1. 0
244 145 250 -1. 0
245 145 251 1. 0
22 146 26 -1. 0
62 146 66 -1. 0
102 146 106 -1. 0
142 146 146 1. 0
188 146 196 1. 0
189 146 197 -1. 0
244 146 252 1. 0
245 146 253 -1. 0
23 147 27 -1. 0
63 147 67 -1. 0
103 147 107 1. 0
143 147 147 1. 0
190 147 198 0. 1.
191 147 199 0. -1.
246 147 254 0. 1.
247 147 255 0. 1.
18 148 29 1. 0
58 148 69 1. 0
98 148 108 1. 0
138 148 148 1. 0
184 148 200 0.7071067811865475 0
184 148 201 -0.7071067811865475 0
240 148 256 0.7071067811865475 0
240 148 257 -0.7071067811865475 0
21 149 28 1. 0
61 149 68 1. 0
101 149 109 1. 0
141 149 149 1. 0
187 149 200 0.7071067811865475 0
187 149 201 0.7071067811865475 0
243 149 256 0.7071067811865475 0
243 149 257 0.7071067811865475 0
19 150 31 1. 0
59 150 71 -1. 0
99 150 110 1. 0
139 150 150 1. 0
185 150 202 0.7071067811865475 0
185 150 203 -0.7071067811865475 0
241 150 258 0.7071067811865475 0
241 150 259 0.7071067811865475 0
20 151 30 1. 0
60 151 70 -1. 0
100 151 111 1. 0
140 151 151 1. 0
186 151 202 0.7071067811865475 0
186 151 203 0.7071067811865475 0
242 151 258 0.7071067811865475 0
242 151 259 -0.7071067811865475 0
22 152 32 1. 0
62 152 72 1. 0
102 152 112 -1. 0
142 152 152 1. 0
188 152 204 0. 1.
189 152 205 0. -1.
244 152 260 0. 1.
245 152 261 0. -1.
23 153 33 1. 0
63 153 73 -1. 0
103 153 113 -1. 0
143 153 153 1. 0
190 153 206 0. 1.
191 153 207 0. 1.
246 153 262 0. 1.
247 153 263 0. -1.
23 154 34 -1. 0
63 154 74 1. 0
103 154 114 -1. 0
143 154 154 1. 0
190 154 208 0. 1.
191 154 209 0. 1.
246 154 264 0. -1.
247 154 265 0. 1.
22 155 35 -1. 0
62 155 75 -1. 0
102 155 115 -1. 0
142 155 155 1. 0
188 155 210 0. -1.
189 155 211 0. 1.
244 155 266 0. -1.
245 155 267 0. 1.
19 156 37 1. 0
59 156 77 1. 0
99 156 116 -1. 0
139 156 156 1. 0
185 156 212 0. 0.7071067811865475
185 156 213 0. 0.7071067811865475
241 156 268 0. -0.7071067811865475
241 156 269 0. 0.7071067811865475
20 157 36 1. 0
60 157 76 1. 0
100 157 117 -1. 0
140 157 157 1. 0
186 157 212 0. 0.7071067811865475
186 157 213 0. -0.7071067811865475
242 157 268 0. -0.7071067811865475
242 157 269 0. -0.7071067811865475
18 158 39 1. 0
58 158 79 1. 0
98 158 118 1. 0
138 158 158 1. 0
184 158 214 0.7071067811865475 0
184 158 215 -0.7071067811865475 0
240 158 270 0.7071067811865475 0
240 158 271 -0.7071067811865475 0
21 159 38 1. 0
61 159 78 1. 0
101 159 119 1. 0
141 159 159 1. 0
187 159 214 0.7071067811865475 0
187 159 215 0.7071067811865475 0
243 159 270 0.7071067811865475 0
243 159 271 0.7071067811865475 0
28 160 0 1.4142135623730951 0
68 160 40 1.4142135623730951 0
109 160 80 1.4142135623730951 0
149 160 120 1.4142135623730951 0
200 160 160 1. 0
201 160 160 1. 0
256 160 216 1. 0
257 160 216 1. 0
30 161 1 1.4142135623730951 0
70 161 41 1.4142135623730951 0
111 161 81 -1.4142135623730951 0
151 161 121 1.4142135623730951 0
202 161 161 1. 0
203 161 161 1. 0
258 161 217 1. 0
259 161 217 -1. 0
31 162 2 1.4142135623730951 0
71 162 42 1.4142135623730951 0
110 162 82 -1.4142135623730951 0
150 162 122 1.4142135623730951 0
202 162 162 1. 0
203 162 162 -1. 0
258 162 218 1. 0
259 162 218 1. 0
29 163 3 1.4142135623730951 0
69 163 43 1.4142135623730951 0
108 163 83 1.4142135623730951 0
148 163 123 1.4142135623730951 0
200 163 163 1. 0
201 163 163 -1. 0
256 163 219 1. 0
257 163 219 -1. 0
25 164 4 -1. 0
65 164 44 1. 0
105 164 84 -1. 0
145 164 124 -1. 0
194 164 164 1. 0
195 164 165 1. 0
250 164 220 1. 0
251 164 221 1. 0
26 165 4 -1. 0
66 165 44 1. 0
106 165 84 1. 0
146 165 124 1. 0
196 165 164 1. 0
197 165 165 1. 0
252 165 220 1. 0
253 165 221 1. 0
24 166 5 0. -1.
64 166 45 0. -1.
104 166 85 0. -1.
144 166 125 0. -1.
192 166 166 1. 0
193 166 167 1. 0
248 166 222 -1. 0
249 166 223 1. 0
27 167 5 0. -1.
67 167 45 0. -1.
107 167 85 0. 1.
147 167 125 0. 1.
198 167 166 1. 0
199 167 167 1. 0
254 167 222 1. 0
255 167 223 -1. 0
30 168 6 0. -1.4142135623730951
70 168 46 0. 1.4142135623730951
111 168 86 0. 1.4142135623730951
151 168 126 0. 1.4142135623730951
202 168 168 1. 0
203 168 168 1. 0
258 168 224 -1. 0
259 168 224 1. 0
28 169 7 1.4142135623730951 0
68 169 47 1.4142135623730951 0
109 169 87 1.4142135623730951 0
149 169 127 1.4142135623730951 0
200 169 169 1. 0
201 169 169 1. 0
256 169 225 1. 0
257 169 225 1. 0
29 170 8 1.4142135623730951 0
69 170 48 1.4142135623730951 0
108 170 88 1.4142135623730951 0
148 170 128 1.4142135623730951 0
200 170 170 1. 0
201 170 170 -1. 0
256 170 226 1. 0
257 170 226 -1. 0
31 171 9 0. -1.4142135623730951
71 171 49 0. 1.4142135623730951
110 171 89 0. 1.4142135623730951
150 171 129 0. 1.4142135623730951
202 171 171 1. 0
203 171 171 -1. 0
258 171 227 -1. 0
259 171 227 -1. 0
24 172 10 -1. 0
64 172 50 -1. 0
104 172 90 -1. 0
144 172 130 -1. 0
192 172 172 1. 0
193 172 173 1. 0
248 172 228 -1. 0
249 172 229 1. 0
27 173 10 -1. 0
67 173 50 -1. 0
107 173 90 1. 0
147 173 130 1. 0
198 173 172 1. 0
199 173 173 1. 0
254 173 228 1. 0
255 173 229 -1. 0
25 174 11 -1. 0
65 174 51 -1. 0
105 174 91 -1. 0
145 174 131 1. 0
194 174 174 1. 0
195 174 175 1. 0
250 174 230 -1. 0
251 174 231 -1. 0
26 175 11 -1. 0
66 175 51 -1. 0
106 175 91 1. 0
146 175 131 -1. 0
196 175 174 1. 0
197 175 175 1. 0
252 175 230 -1. 0
253 175 231 -1. 0
31 176 12 0. 1.4142135623730951
71 176 52 0. 1.4142135623730951
110 176 92 0. 1.4142135623730951
150 176 132 0. -1.4142135623730951
202 176 176 1. 0
203 176 176 -1. 0
258 176 232 -1. 0
259 176 232 -1. 0
29 177 13 1.4142135623730951 0
69 177 53 1.4142135623730951 0
108 177 93 1.4142135623730951 0
148 177 133 1.4142135623730951 0
200 177 177 1. 0
201 177 177 -1. 0
256 177 233 1. 0
257 177 233 -1. 0
28 178 14 1.4142135623730951 0
68 178 54 1.4142135623730951 0
109 178 94 1.4142135623730951 0
149 178 134 1.4142135623730951 0
200 178 178 1. 0
201 178 178 1. 0
256 178 234 1. 0
257 178 234 1. 0
30 179 15 0. 1.4142135623730951
70 179 55 0. 1.4142135623730951
111 179 95 0. 1.4142135623730951
151 179 135 0. -1.4142135623730951
202 179 179 1. 0
203 179 179 1. 0
258 179 235 -1. 0
259 179 235 1. 0
24 180 16 -1. 0
64 180 56 -1. 0
104 180 96 -1. 0
144 180 136 -1. 0
192 180 180 1. 0
193 180 181 -1. 0
248 180 236 -1. 0
249 180 237 -1. 0
27 181 16 1. 0
67 181 56 1. 0
107 181 96 -1. 0
147 181 136 -1. 0
198 181 180 -1. 0
199 181 181 1. 0
254 181 236 -1. 0
255 181 237 -1. 0
25 182 17 1. 0
65 182 57 -1. 0
105 182 97 -1. 0
145 182 137 -1. 0
194 182 182 1. 0
195 182 183 -1. 0
250 182 238 -1. 0
251 182 239 1. 0
26 183 17 -1. 0
66 183 57 1. 0
106 183 97 -1. 0
146 183 137 -1. 0
196 183 182 -1. 0
197 183 183 1. 0
252 183 238 1. 0
253 183 239 -1. 0
29 184 18 1.4142135623730951 0
69 184 58 1.4142135623730951 0
108 184 98 1.4142135623730951 0
148 184 138 1.4142135623730951 0
200 184 184 1. 0
201 184 184 -1. 0
256 184 240 1. 0
257 184 240 -1. 0
31 185 19 1.4142135623730951 0
71 185 59 -1.4142135623730951 0
110 185 99 1.4142135623730951 0
150 185 139 1.4142135623730951 0
202 185 185 1. 0
203 185 185 -1. 0
258 185 241 1. 0
259 185 241 1. 0
30 186 20 1.4142135623730951 0
70 186 60 -1.4142135623730951 0
111 186 100 1.4142135623730951 0
151 186 140 1.4142135623730951 0
202 186 186 1. 0
203 186 186 1. 0
258 186 242 1. 0
259 186 242 -1. 0
28 187 21 1.4142135623730951 0
68 187 61 1.4142135623730951 0
109 187 101 1.4142135623730951 0
149 187 141 1.4142135623730951 0
200 187 187 1. 0
201 187 187 1. 0
256 187 243 1. 0
257 187 243 1. 0
25 188 22 -1. 0
65 188 62 -1. 0
105 188 102 1. 0
145 188 142 -1. 0
194 188 188 1. 0
195 188 189 -1. 0
250 188 244 1. 0
251 188 245 -1. 0
26 189 22 1. 0
66 189 62 1. 0
106 189 102 1. 0
146 189 142 -1. 0
196 189 188 -1. 0
197 189 189 1. 0
252 189 244 -1. 0
253 189 245 1. 0
24 190 23 0. -1.
64 190 63 0. -1.
104 190 103 0. -1.
144 190 143 0. -1.
192 190 190 1. 0
193 190 191 -1. 0
248 190 246 -1. 0
249 190 247 -1. 0
27 191 23 0. 1.
67 191 63 0. 1.
107 191 103 0. -1.
147 191 143 0. -1.
198 191 190 -1. 0
199 191 191 1. 0
254 191 246 -1. 0
255 191 247 -1. 0
24 192 24 1. 0
64 192 64 1. 0
104 192 104 1. 0
144 192 144 1. 0
192 192 192 1. 0
193 192 193 1. 0
248 192 248 1. 0
249 192 249 1. 0
27 193 24 1. 0
67 193 64 1. 0
107 193 104 -1. 0
147 193 144 -1. 0
198 193 192 1. 0
199 193 193 1. 0
254 193 248 -1. 0
255 193 249 -1. 0
25 194 25 1. 0
65 194 65 1. 0
105 194 105 1. 0
145 194 145 1. 0
194 194 194 1. 0
195 194 195 1. 0
250 194 250 1. 0
251 194 251 1. 0
26 195 25 1. 0
66 195 65 1. 0
106 195 105 -1. 0
146 195 145 -1. 0
196 195 194 1. 0
197 195 195 1. 0
252 195 250 1. 0
253 195 251 1. 0
25 196 26 1. 0
65 196 66 1. 0
105 196 106 -1. 0
145 196 146 -1. 0
194 196 196 1. 0
195 196 197 1. 0
250 196 252 1. 0
251 196 253 1. 0
26 197 26 1. 0
66 197 66 1. 0
106 197 106 1. 0
146 197 146 1. 0
196 197 196 1. 0
197 197 197 1. 0
252 197 252 1. 0
253 197 253 1. 0
24 198 27 1. 0
64 198 67 1. 0
104 198 107 -1. 0
144 198 147 -1. 0
192 198 198 1. 0
193 198 199 1. 0
248 198 254 -1. 0
249 198 255 -1. 0
27 199 27 1. 0
67 199 67 1. 0
107 199 107 1. 0
147 199 147 1. 0
198 199 198 1. 0
199 199 199 1. 0
254 199 254 1. 0
255 199 255 1. 0
28 200 28 1. 0
28 201 28 1. 0
29 200 29 1. 0
29 201 29 -1. 0
68 200 68 1. 0
68 201 68 1. 0
69 200 69 1. 0
69 201 69 -1. 0
108 200 108 1. 0
108 201 108 -1. 0
109 200 109 1. 0
109 201 109 1. 0
148 200 148 1. 0
148 201 148 -1. 0
149 200 149 1. 0
149 201 149 1. 0
200 200 200 1. 0
200 201 201 1. 0
201 200 201 1. 0
201 201 200 1. 0
256 200 256 1. 0
256 201 257 1. 0
257 200 257 1. 0
257 201 256 1. 0
30 202 30 1. 0
30 203 30 1. 0
31 202 31 1. 0
31 203 31 -1. 0
70 202 70 1. 0
70 203 70 1. 0
71 202 71 1. 0
71 203 71 -1. 0
110 202 110 1. 0
110 203 110 -1. 0
111 202 111 1. 0
111 203 111 1. 0
150 202 150 1. 0
150 203 150 -1. 0
151 202 151 1. 0
151 203 151 1. 0
202 202 202 1. 0
202 203 203 1. 0
203 202 203 1. 0
203 203 202 1. 0
258 202 258 1. 0
258 203 259 -1. 0
259 202 259 1. 0
259 203 258 -1. 0
25 204 32 0. 1.
65 204 72 0. 1.
105 204 112 0. 1.
145 204 152 0. 1.
194 204 204 1. 0
195 204 205 1. 0
250 204 260 1. 0
251 204 261 1. 0
26 205 32 0. 1.
66 205 72 0. 1.
106 205 112 0. -1.
146 205 152 0. -1.
196 205 204 1. 0
197 205 205 1. 0
252 205 260 1. 0
253 205 261 1. 0
24 206 33 -1. 0
64 206 73 1. 0
104 206 113 1. 0
144 206 153 -1. 0
192 206 206 1. 0
193 206 207 -1. 0
248 206 262 -1. 0
249 206 263 1. 0
27 207 33 1. 0
67 207 73 -1. 0
107 207 113 1. 0
147 207 153 -1. 0
198 207 206 -1. 0
199 207 207 1. 0
254 207 262 -1. 0
255 207 263 1. 0
24 208 34 1. 0
64 208 74 -1. 0
104 208 114 1. 0
144 208 154 -1. 0
192 208 208 1. 0
193 208 209 -1. 0
248 208 264 1. 0
249 208 265 -1. 0
27 209 34 -1. 0
67 209 74 1. 0
107 209 114 1. 0
147 209 154 -1. 0
198 209 208 -1. 0
199 209 209 1. 0
254 209 264 1. 0
255 209 265 -1. 0
25 210 35 0. 1.
65 210 75 0. 1.
105 210 115 0. -1.
145 210 155 0. -1.
194 210 210 1. 0
195 210 211 1. 0
250 210 266 1. 0
251 210 267 1. 0
26 211 35 0. 1.
66 211 75 0. 1.
106 211 115 0. 1.
146 211 155 0. 1.
196 211 210 1. 0
197 211 211 1. 0
252 211 266 1. 0
253 211 267 1. 0
30 212 36 0. -1.
30 213 36 0. 1.
31 212 37 0. -1.
31 213 37 0. -1.
70 212 76 0. 1.
70 213 76 0. -1.
71 212 77 0. 1.
71 213 77 0. 1.
110 212 116 0. 1.
110 213 116 0. 1.
111 212 117 0. 1.
111 213 117 0. -1.
150 212 156 0. -1.
150 213 156 0. -1.
151 212 157 0. -1.
151 213 157 0. 1.
202 212 212 1. 0
202 213 213 1. 0
203 212 213 -1. 0
203 213 212 -1. 0
258 212 268 -1. 0
258 213 269 1. 0
259 212 269 1. 0
259 213 268 -1. 0
28 214 38 1. 0
28 215 38 1. 0
29 214 39 1. 0
29 215 39 -1. 0
68 214 78 1. 0
68 215 78 1. 0
69 214 79 1. 0
69 215 79 -1. 0
108 214 118 1. 0
108 215 118 -1. 0
109 214 119 1. 0
109 215 119 1. 0
148 214 158 1. 0
148 215 158 -1. 0
149 214 159 1. 0
149 215 159 1. 0
200 214 214 1. 0
200 215 215 1. 0
201 214 215 1. 0
201 215 214 1. 0
256 214 270 1. 0
256 215 271 1. 0
257 214 271 1. 0
257 215 270 1. 0
38 216 0 1.4142135623730951 0
78 216 40 1.4142135623730951 0
119 216 80 1.4142135623730951 0
159 216 120 1.4142135623730951 0
214 216 160 1. 0
215 216 160 1. 0
270 216 216 1. 0
271 216 216 1. 0
36 217 1 0. -1.4142135623730951
76 217 41 0. 1.4142135623730951
117 217 81 0. -1.4142135623730951
157 217 121 0. -1.4142135623730951
212 217 161 -1. 0
213 217 161 1. 0
268 217 217 1. 0
269 217 217 1. 0
37 218 2 0. -1.4142135623730951
77 218 42 0. 1.4142135623730951
116 218 82 0. -1.4142135623730951
156 218 122 0. -1.4142135623730951
212 218 162 -1. 0
213 218 162 -1. 0
268 218 218 1. 0
269 218 218 -1. 0
39 219 3 1.4142135623730951 0
79 219 43 1.4142135623730951 0
118 219 83 1.4142135623730951 0
158 219 123 1.4142135623730951 0
214 219 163 1. 0
215 219 163 -1. 0
270 219 219 1. 0
271 219 219 -1. 0
32 220 4 0. 1.
72 220 44 0. -1.
112 220 84 0. 1.
152 220 124 0. 1.
204 220 164 1. 0
205 220 165 1. 0
260 220 220 1. 0
261 220 221 1. 0
35 221 4 0. 1.
75 221 44 0. -1.
115 221 84 0. -1.
155 221 124 0. -1.
210 221 164 1. 0
211 221 165 1. 0
266 221 220 1. 0
267 221 221 1. 0
33 222 5 0. 1.
73 222 45 0. -1.
113 222 85 0. -1.
153 222 125 0. 1.
206 222 166 1. 0
207 222 167 -1. 0
262 222 222 1. 0
263 222 223 1. 0
34 223 5 0. 1.
74 223 45 0. -1.
114 223 85 0. 1.
154 223 125 0. -1.
208 223 166 -1. 0
209 223 167 1. 0
264 223 222 1. 0
265 223 223 1. 0
36 224 6 1.4142135623730951 0
76 224 46 1.4142135623730951 0
117 224 86 1.4142135623730951 0
157 224 126 -1.4142135623730951 0
212 224 168 1. 0
213 224 168 -1. 0
268 224 224 1. 0
269 224 224 1. 0
38 225 7 1.4142135623730951 0
78 225 47 1.4142135623730951 0
119 225 87 1.4142135623730951 0
159 225 127 1.4142135623730951 0
214 225 169 1. 0
215 225 169 1. 0
270 225 225 1. 0
271 225 225 1. 0
39 226 8 1.4142135623730951 0
79 226 48 1.4142135623730951 0
118 226 88 1.4142135623730951 0
158 226 128 1.4142135623730951 0
214 226 170 1. 0
215 226 170 -1. 0
270 226 226 1. 0
271 226 226 -1. 0
37 227 9 1.4142135623730951 0
77 227 49 1.4142135623730951 0
116 227 89 1.4142135623730951 0
156 227 129 -1.4142135623730951 0
212 227 171 1. 0
213 227 171 1. 0
268 227 227 1. 0
269 227 227 -1. 0
33 228 10 1. 0
73 228 50 -1. 0
113 228 90 -1. 0
153 228 130 1. 0
206 228 172 1. 0
207 228 173 -1. 0
262 228 228 1. 0
263 228 229 1. 0
34 229 10 1. 0
74 229 50 -1. 0
114 229 90 1. 0
154 229 130 -1. 0
208 229 172 -1. 0
209 229 173 1. 0
264 229 228 1. 0
265 229 229 1. 0
32 230 11 0. -1.
72 230 51 0. -1.
112 230 91 0. -1.
152 230 131 0. 1.
204 230 174 -1. 0
205 230 175 -1. 0
260 230 230 1. 0
261 230 231 1. 0
35 231 11 0. -1.
75 231 51 0. -1.
115 231 91 0. 1.
155 231 131 0. -1.
210 231 174 -1. 0
211 231 175 -1. 0
266 231 230 1. 0
267 231 231 1. 0
37 232 12 -1.4142135623730951 0
77 232 52 1.4142135623730951 0
116 232 92 1.4142135623730951 0
156 232 132 1.4142135623730951 0
212 232 176 1. 0
213 232 176 1. 0
268 232 232 1. 0
269 232 232 -1. 0
39 233 13 1.4142135623730951 0
79 233 53 1.4142135623730951 0
118 233 93 1.4142135623730951 0
158 233 133 1.4142135623730951 0
214 233 177 1. 0
215 233 177 -1. 0
270 233 233 1. 0
271 233 233 -1. 0
38 234 14 1.4142135623730951 0
78 234 54 1.4142135623730951 0
119 234 94 1.4142135623730951 0
159 234 134 1.4142135623730951 0
214 234 178 1. 0
215 234 178 1. 0
270 234 234 1. 0
271 234 234 1. 0
36 235 15 -1.4142135623730951 0
76 235 55 1.4142135623730951 0
117 235 95 1.4142135623730951 0
157 235 135 1.4142135623730951 0
212 235 179 1. 0
213 235 179 -1. 0
268 235 235 1. 0
269 235 235 1. 0
33 236 16 1. 0
73 236 56 -1. 0
113 236 96 -1. 0
153 236 136 1. 0
206 236 180 1. 0
207 236 181 1. 0
262 236 236 1. 0
263 236 237 -1. 0
34 237 16 -1. 0
74 237 56 1. 0
114 237 96 -1. 0
154 237 136 1. 0
208 237 180 1. 0
209 237 181 1. 0
264 237 236 -1. 0
265 237 237 1. 0
32 238 17 0. 1.
72 238 57 0. -1.
112 238 97 0. -1.
152 238 137 0. -1.
204 238 182 -1. 0
205 238 183 1. 0
260 238 238 1. 0
261 238 239 -1. 0
35 239 17 0. -1.
75 239 57 0. 1.
115 239 97 0. -1.
155 239 137 0. -1.
210 239 182 1. 0
211 239 183 -1. 0
266 239 238 -1. 0
267 239 239 1. 0
39 240 18 1.4142135623730951 0
79 240 58 1.4142135623730951 0
118 240 98 1.4142135623730951 0
158 240 138 1.4142135623730951 0
214 240 184 1. 0
215 240 184 -1. 0
270 240 240 1. 0
271 240 240 -1. 0
37 241 19 0. -1.4142135623730951
77 241 59 0. -1.4142135623730951
116 241 99 0. 1.4142135623730951
156 241 139 0. -1.4142135623730951
212 241 185 -1. 0
213 241 185 -1. 0
268 241 241 1. 0
269 241 241 -1. 0
36 242 20 0. -1.4142135623730951
76 242 60 0. -1.4142135623730951
117 242 100 0. 1.4142135623730951
157 242 140 0. -1.4142135623730951
212 242 186 -1. 0
213 242 186 1. 0
268 242 242 1. 0
269 242 242 1. 0
38 243 21 1.4142135623730951 0
78 243 61 1.4142135623730951 0
119 243 101 1.4142135623730951 0
159 243 141 1.4142135623730951 0
214 243 187 1. 0
215 243 187 1. 0
270 243 243 1. 0
271 243 243 1. 0
32 244 22 0. 1.
72 244 62 0. 1.
112 244 102 0. -1.
152 244 142 0. 1.
204 244 188 1. 0
205 244 189 -1. 0
260 244 244 1. 0
261 244 245 -1. 0
35 245 22 0. -1.
75 245 62 0. -1.
115 245 102 0. -1.
155 245 142 0. 1.
210 245 188 -1. 0
211 245 189 1. 0
266 245 244 -1. 0
267 245 245 1. 0
33 246 23 0. 1.
73 246 63 0. -1.
113 246 103 0. -1.
153 246 143 0. 1.
206 246 190 1. 0
207 246 191 1. 0
262 246 246 1. 0
263 246 247 -1. 0
34 247 23 0. -1.
74 247 63 0. 1.
114 247 103 0. -1.
154 247 143 0. 1.
208 247 190 1. 0
209 247 191 1. 0
264 247 246 -1. 0
265 247 247 1. 0
33 248 24 1. 0
73 248 64 -1. 0
113 248 104 -1. 0
153 248 144 1. 0
206 248 192 -1. 0
207 248 193 1. 0
262 248 248 1. 0
263 248 249 -1. 0
34 249 24 -1. 0
74 249 64 1. 0
114 249 104 -1. 0
154 249 144 1. 0
208 249 192 -1. 0
209 249 193 1. 0
264 249 248 -1. 0
265 249 249 1. 0
32 250 25 0. -1.
72 250 65 0. -1.
112 250 105 0. -1.
152 250 145 0. -1.
204 250 194 1. 0
205 250 195 1. 0
260 250 250 1. 0
261 250 251 1. 0
35 251 25 0. -1.
75 251 65 0. -1.
115 251 105 0. 1.
155 251 145 0. 1.
210 251 194 1. 0
211 251 195 1. 0
266 251 250 1. 0
267 251 251 1. 0
32 252 26 0. -1.
72 252 66 0. -1.
112 252 106 0. 1.
152 252 146 0. 1.
204 252 196 1. 0
205 252 197 1. 0
260 252 252 1. 0
261 252 253 1. 0
35 253 26 0. -1.
75 253 66 0. -1.
115 253 106 0. -1.
155 253 146 0. -1.
210 253 196 1. 0
211 253 197 1. 0
266 253 252 1. 0
267 253 253 1. 0
33 254 27 -1. 0
73 254 67 1. 0
113 254 107 -1. 0
153 254 147 1. 0
206 254 198 1. 0
207 254 199 -1. 0
262 254 254 1. 0
263 254 255 -1. 0
34 255 27 1. 0
74 255 67 -1. 0
114 255 107 -1. 0
154 255 147 1. 0
208 255 198 1. 0
209 255 199 -1. 0
264 255 254 -1. 0
265 255 255 1. 0
38 256 28 1. 0
38 257 28 1. 0
39 256 29 1. 0
39 257 29 -1. 0
78 256 68 1. 0
78 257 68 1. 0
79 256 69 1. 0
79 257 69 -1. 0
118 256 108 1. 0
118 257 108 -1. 0
119 256 109 1. 0
119 257 109 1. 0
158 256 148 1. 0
158 257 148 -1. 0
159 256 149 1. 0
159 257 149 1. 0
214 256 200 1. 0
214 257 201 1. 0
215 256 201 1. 0
215 257 200 1. 0
270 256 256 1. 0
270 257 257 1. 0
271 256 257 1. 0
271 257 256 1. 0
36 258 30 0. -1.
36 259 30 0. 1.
37 258 31 0. -1.
37 259 31 0. -1.
76 258 70 0. 1.
76 259 70 0. -1.
77 258 71 0. 1.
77 259 71 0. 1.
116 258 110 0. 1.
116 259 110 0. 1.
117 258 111 0. 1.
117 259 111 0. -1.
156 258 150 0. -1.
156 259 150 0. -1.
157 258 151 0. -1.
157 259 151 0. 1.
212 258 202 -1. 0
212 259 203 1. 0
213 258 203 1. 0
213 259 202 -1. 0
268 258 258 1. 0
268 259 259 1. 0
269 258 259 -1. 0
269 259 258 -1. 0
32 260 32 1. 0
72 260 72 1. 0
112 260 112 1. 0
152 260 152 1. 0
204 260 204 1. 0
205 260 205 1. 0
260 260 260 1. 0
261 260 261 1. 0
35 261 32 1. 0
75 261 72 1. 0
115 261 112 -1. 0
155 261 152 -1. 0
210 261 204 1. 0
211 261 205 1. 0
266 261 260 1. 0
267 261 261 1. 0
33 262 33 1. 0
73 262 73 1. 0
113 262 113 1. 0
153 262 153 1. 0
206 262 206 1. 0
207 262 207 1. 0
262 262 262 1. 0
263 262 263 1. 0
34 263 33 1. 0
74 263 73 1. 0
114 263 113 -1. 0
154 263 153 -1. 0
208 263 206 -1. 0
209 263 207 -1. 0
264 263 262 1. 0
265 263 263 1. 0
33 264 34 1. 0
73 264 74 1. 0
113 264 114 -1. 0
153 264 154 -1. 0
206 264 208 -1. 0
207 264 209 -1. 0
262 264 264 1. 0
263 264 265 1. 0
34 265 34 1. 0
74 265 74 1. 0
114 265 114 1. 0
154 265 154 1. 0
208 265 208 1. 0
209 265 209 1. 0
264 265 264 1. 0
265 265 265 1. 0
32 266 35 1. 0
72 266 75 1. 0
112 266 115 -1. 0
152 266 155 -1. 0
204 266 210 1. 0
205 266 211 1. 0
260 266 266 1. 0
261 266 267 1. 0
35 267 35 1. 0
75 267 75 1. 0
115 267 115 1. 0
155 267 155 1. 0
210 267 210 1. 0
211 267 211 1. 0
266 267 266 1. 0
267 267 267 1. 0
36 268 36 1. 0
36 269 36 1. 0
37 268 37 1. 0
37 269 37 -1. 0
76 268 76 1. 0
76 269 76 1. 0
77 268 77 1. 0
77 269 77 -1. 0
116 268 116 1. 0
116 269 116 -1. 0
117 268 117 1. 0
117 269 117 1. 0
156 268 156 1. 0
156 269 156 -1. 0
157 268 157 1. 0
157 269 157 1. 0
212 268 212 1. 0
212 269 213 -1. 0
213 268 213 1. 0
213 269 212 -1. 0
268 268 268 1. 0
268 269 269 1. 0
269 268 269 1. 0
269 269 268 1. 0
38 270 38 1. 0
38 271 38 1. 0
39 270 39 1. 0
39 271 39 -1. 0
78 270 78 1. 0
78 271 78 1. 0
79 270 79 1. 0
79 271 79 -1. 0
118 270 118 1. 0
118 271 118 -1. 0
119 270 119 1. 0
119 271 119 1. 0
158 270 158 1. 0
158 271 158 -1. 0
159 270 159 1. 0
159 271 159 1. 0
214 270 214 1. 0
214 271 215 1. 0
215 270 215 1. 0
215 271 214 1. 0
270 270 270 1. 0
270 271 271 1. 0
271 270 271 1. 0
271 271 270 1. 0