1 1 1 1 1 1 0 0 0 0 0 0 0 0 0 0 0 0 0 0 0 0 0 0 0 0 0 0 0 0 0 0 0 0 0 0 0 0 0 0 0 0 0 0 0 0 1 1 1 1 1 1 0 0 0 0 0 0 0 0 0 0 0 0 0 0 0 0 0 0 0 0 0 0 0 0 0 0 0 0 0 0 0 0 0 0 0 0 0 0 0 0 1 1 1 1 1 1 0 0 0 0 0 0 0 0 0 0 0 0 0 0 0 0 0 0 0 0 0 0 0 0 0 0 0 0 0 0 0 0 0 0 0 0 0 0 0 0 1 1 1 1 1 1 0 0 0 0 0 0 0 0 0 0 0 0 0 0 0 0 0 0 0 0 0 0 0 0 0 0 0 0 0 0 0 0 0 0 0 0 0 0 0 0 1 1 1 1 1 1 0 0 0 0 0 0 0 0 0 0 0 0 0 0 0 0 0 0 0 0 0 0 0 0 0 0 0 0 0 0 0 0 0 0 0 0 0 0 0 0 0 0 0 0 0 0 0 0 0 0 0 0 0 0 0 0 0 0 0 0 1 0 0 0 0 0 1 0 0 0 0 0 1 0 0 0 0 0 1 0 0 0 0 0 1 1 0 0 0 0
0 0 0 1. 0
40 0 40 1. 0
80 0 80 1. 0
120 0 120 1. 0
160 0 160 1. 0
200 0 200 1. 0
1 1 1 1. 0
41 1 41 1. 0
81 1 81 1. 0
121 1 121 1. 0
161 1 161 1. 0
201 1 201 1. 0
2 2 2 1. 0
42 2 42 1. 0
82 2 82 1. 0
122 2 122 1. 0
162 2 162 1. 0
202 2 202 1. 0
3 3 3 1. 0
43 3 43 1. 0
83 3 83 1. 0
123 3 123 1. 0
163 3 163 1. 0
203 3 203 1. 0
4 4 4 1. 0
44 4 44 1. 0
84 4 84 1. 0
124 4 124 1. 0
164 4 164 1. 0
204 4 204 1. 0
5 5 5 1. 0
45 5 45 1. 0
85 5 85 1. 0
125 5 125 1. 0
165 5 165 1. 0
205 5 205 1. 0
206 5 206 1. 0
207 5 207 1. 0
208 5 208 1. 0
209 5 209 1. 0
2 6 6 1. 0
42 6 46 1. 0
82 6 86 1. 0
122 6 126 1. 0
162 6 166 1. 0
202 6 210 1. 0
0 7 7 1. 0
40 7 47 1. 0
80 7 87 1. 0
120 7 127 1. 0
160 7 167 1. 0
200 7 211 1. 0
3 8 8 1. 0
43 8 48 1. 0
83 8 88 1. 0
123 8 128 1. 0
163 8 168 1. 0
203 8 212 1. 0
4 9 9 1. 0
44 9 49 1. 0
84 9 89 1. 0
124 9 129 1. 0
164 9 169 1. 0
204 9 213 1. 0
1 10 10 1. 0
41 10 50 1. 0
81 10 90 1. 0
121 10 130 1. 0
161 10 170 1. 0
201 10 214 1. 0
5 11 11 1. 0
45 11 51 1. 0
85 11 91 1. 0
125 11 131 1. 0
165 11 171 1. 0
205 11 215 1. 0
206 11 216 0.30901699437494745 0.9510565162951535
207 11 217 0.30901699437494745 -0.9510565162951535
208 11 218 -0.8090169943749473 -0.5877852522924732
209 11 219 -0.8090169943749473 0.5877852522924732
1 12 12 1. 0
41 12 52 1. 0
81 12 92 1. 0
121 12 132 1. 0
161 12 172 1. 0
201 12 220 1. 0
4 13 13 1. 0
44 13 53 1. 0
84 13 93 1. 0
124 13 133 1. 0
164 13 173 1. 0
204 13 221 1. 0
0 14 14 1. 0
40 14 54 1. 0
80 14 94 1. 0
120 14 134 1. 0
160 14 174 1. 0
200 14 222 1. 0
2 15 15 1. 0
42 15 55 1. 0
82 15 95 1. 0
122 15 135 1. 0
162 15 175 1. 0
202 15 223 1. 0
3 16 16 1. 0
43 16 56 1. 0
83 16 96 1. 0
123 16 136 1. 0
163 16 176 1. 0
203 16 224 1. 0
5 17 17 1. 0
45 17 57 1. 0
85 17 97 1. 0
125 17 137 1. 0
165 17 177 1. 0
205 17 225 1. 0
206 17 226 0.30901699437494745 -0.9510565162951535
207 17 227 0.30901699437494745 0.9510565162951535
208 17 228 -0.8090169943749473 0.5877852522924732
209 17 229 -0.8090169943749473 -0.5877852522924732
4 18 18 1. 0
44 18 58 1. 0
84 18 98 1. 0
124 18 138 1. 0
164 18 178 1. 0
204 18 230 1. 0
3 19 19 1. 0
43 19 59 1. 0
83 19 99 1. 0
123 19 139 1. 0
163 19 179 1. 0
203 19 231 1. 0
1 20 20 1. 0
41 20 60 1. 0
81 20 100 1. 0
121 20 140 1. 0
161 20 180 1. 0
201 20 232 1. 0
0 21 21 1. 0
40 21 61 1. 0
80 21 101 1. 0
120 21 141 1. 0
160 21 181 1. 0
200 21 233 1. 0
2 22 22 1. 0
42 22 62 1. 0
82 22 102 1. 0
122 22 142 1. 0
162 22 182 1. 0
202 22 234 1. 0
5 23 23 1. 0
45 23 63 1. 0
85 23 103 1. 0
125 23 143 1. 0
165 23 183 1. 0
205 23 235 1. 0
206 23 236 -0.8090169943749473 -0.5877852522924732
207 23 237 -0.8090169943749473 0.5877852522924732
208 23 238 0.30901699437494745 -0.9510565162951535
209 23 239 0.30901699437494745 0.9510565162951535
3 24 24 1. 0
43 24 64 1. 0
83 24 104 1. 0
123 24 144 1. 0
163 24 184 1. 0
203 24 240 1. 0
2 25 25 1. 0
42 25 65 1. 0
82 25 105 1. 0
122 25 145 1. 0
162 25 185 1. 0
202 25 241 1. 0
4 26 26 1. 0
44 26 66 1. 0
84 26 106 1. 0
124 26 146 1. 0
164 26 186 1. 0
204 26 242 1. 0
1 27 27 1. 0
41 27 67 1. 0
81 27 107 1. 0
121 27 147 1. 0
161 27 187 1. 0
201 27 243 1. 0
0 28 28 1. 0
40 28 68 1. 0
80 28 108 1. 0
120 28 148 1. 0
160 28 188 1. 0
200 28 244 1. 0
5 29 29 1. 0
45 29 69 1. 0
85 29 109 1. 0
125 29 149 1. 0
165 29 189 1. 0
205 29 245 1. 0
206 29 246 -0.8090169943749473 0.5877852522924732
207 29 247 -0.8090169943749473 -0.5877852522924732
208 29 248 0.30901699437494745 0.9510565162951535
209 29 249 0.30901699437494745 -0.9510565162951535
5 30 30 1. 0
45 30 70 1. 0
85 30 110 1. 0
125 30 150 1. 0
165 30 190 1. 0
205 30 250 -1. 0
206 30 251 -1. 0
207 30 252 -1. 0
208 30 253 -1. 0
209 30 254 -1. 0
5 31 31 1. 0
45 31 71 0.30901699437494745 -0.9510565162951535
85 31 111 0.30901699437494745 0.9510565162951535
125 31 151 -0.8090169943749473 0.5877852522924732
165 31 191 -0.8090169943749473 -0.5877852522924732
205 31 255 -1. 0
206 31 256 -1. 0
207 31 257 -1. 0
208 31 258 -1. 0
209 31 259 -1. 0
5 32 32 1. 0
45 32 72 0.30901699437494745 0.9510565162951535
85 32 112 0.30901699437494745 -0.9510565162951535
125 32 152 -0.8090169943749473 -0.5877852522924732
165 32 192 -0.8090169943749473 0.5877852522924732
205 32 260 -1. 0
206 32 261 -1. 0
207 32 262 -1. 0
208 32 263 -1. 0
209 32 264 -1. 0
5 33 33 1. 0
45 33 73 -0.8090169943749473 0.5877852522924732
85 33 113 -0.8090169943749473 -0.5877852522924732
125 33 153 0.30901699437494745 0.9510565162951535
165 33 193 0.30901699437494745 -0.9510565162951535
205 33 265 -1. 0
206 33 266 -1. 0
207 33 267 -1. 0
208 33 268 -1. 0
209 33 269 -1. 0
5 34 34 1. 0
45 34 74 -0.8090169943749473 -0.5877852522924732
85 34 114 -0.8090169943749473 0.5877852522924732
125 34 154 0.30901699437494745 -0.9510565162951535
165 34 194 0.30901699437494745 0.9510565162951535
205 34 270 -1. 0
206 34 271 -1. 0
207 34 272 -1. 0
208 34 273 -1. 0
209 34 274 -1. 0
0 35 35 1. 0
40 35 76 1. 0
80 35 117 1. 0
120 35 158 1. 0
160 35 199 1. 0
200 35 275 0.4472135954999579 0
200 35 276 0.4472135954999579 0
200 35 277 0.4472135954999579 0
200 35 278 0.4472135954999579 0
200 35 279 0.4472135954999579 0
1 36 36 1. 0
41 36 79 1. 0
81 36 115 1. 0
121 36 157 1. 0
161 36 198 1. 0
201 36 275 0.4472135954999579 0
201 36 276 0.13819660112501053 0.42532540417601994
201 36 277 0.13819660112501053 -0.42532540417601994
201 36 278 -0.3618033988749894 -0.26286555605956685
201 36 279 -0.3618033988749894 0.26286555605956685
2 37 37 1. 0
42 37 75 1. 0
82 37 118 1. 0
122 37 159 1. 0
162 37 196 1. 0
202 37 275 0.4472135954999579 0
202 37 276 0.13819660112501053 -0.42532540417601994
202 37 277 0.13819660112501053 0.42532540417601994
202 37 278 -0.3618033988749894 0.26286555605956685
202 37 279 -0.3618033988749894 -0.26286555605956685
3 38 38 1. 0
43 38 77 1. 0
83 38 119 1. 0
123 38 156 1. 0
163 38 195 1. 0
203 38 275 0.4472135954999579 0
203 38 276 -0.3618033988749894 -0.26286555605956685
203 38 277 -0.3618033988749894 0.26286555605956685
203 38 278 0.13819660112501053 -0.42532540417601994
203 38 279 0.13819660112501053 0.42532540417601994
4 39 39 1. 0
44 39 78 1. 0
84 39 116 1. 0
124 39 155 1. 0
164 39 197 1. 0
204 39 275 0.4472135954999579 0
204 39 276 -0.3618033988749894 0.26286555605956685
204 39 277 -0.3618033988749894 -0.26286555605956685
204 39 278 0.13819660112501053 0.42532540417601994
204 39 279 0.13819660112501053 -0.42532540417601994
7 40 0 1. 0
47 40 40 1. 0
87 40 80 1. 0
127 40 120 1. 0
167 40 160 1. 0
211 40 200 1. 0
10 41 1 1. 0
50 41 41 1. 0
90 41 81 1. 0
130 41 121 1. 0
170 41 161 1. 0
214 41 201 1. 0
6 42 2 1. 0
46 42 42 1. 0
86 42 82 1. 0
126 42 122 1. 0
166 42 162 1. 0
210 42 202 1. 0
8 43 3 1. 0
48 43 43 1. 0
88 43 83 1. 0
128 43 123 1. 0
168 43 163 1. 0
212 43 203 1. 0
9 44 4 1. 0
49 44 44 1. 0
89 44 84 1. 0
129 44 124 1. 0
169 44 164 1. 0
213 44 204 1. 0
11 45 5 1. 0
51 45 45 1. 0
91 45 85 1. 0
131 45 125 1. 0
171 45 165 1. 0
215 45 205 1. 0
216 45 206 0.30901699437494745 -0.9510565162951535
217 45 207 0.30901699437494745 0.9510565162951535
218 45 208 -0.8090169943749473 0.5877852522924732
219 45 209 -0.8090169943749473 -0.5877852522924732
6 46 6 1. 0
46 46 46 1. 0
86 46 86 1. 0
126 46 126 1. 0
166 46 166 1. 0
210 46 210 1. 0
7 47 7 1. 0
47 47 47 1. 0
87 47 87 1. 0
127 47 127 1. 0
167 47 167 1. 0
211 47 211 1. 0
8 48 8 1. 0
48 48 48 1. 0
88 48 88 1. 0
128 48 128 1. 0
168 48 168 1. 0
212 48 212 1. 0
9 49 9 1. 0
49 49 49 1. 0
89 49 89 1. 0
129 49 129 1. 0
169 49 169 1. 0
213 49 213 1. 0
10 50 10 1. 0
50 50 50 1. 0
90 50 90 1. 0
130 50 130 1. 0
170 50 170 1. 0
214 50 214 1. 0
11 51 11 1. 0
51 51 51 1. 0
91 51 91 1. 0
131 51 131 1. 0
171 51 171 1. 0
215 51 215 1. 0
216 51 216 1. 0
217 51 217 1. 0
218 51 218 1. 0
219 51 219 1. 0
10 52 12 1. 0
50 52 52 1. 0
90 52 92 1. 0
130 52 132 1. 0
170 52 172 1. 0
214 52 220 1. 0
9 53 13 1. 0
49 53 53 1. 0
89 53 93 1. 0
129 53 133 1. 0
169 53 173 1. 0
213 53 221 1. 0
7 54 14 1. 0
47 54 54 1. 0
87 54 94 1. 0
127 54 134 1. 0
167 54 174 1. 0
211 54 222 1. 0
6 55 15 1. 0
46 55 55 1. 0
86 55 95 1. 0
126 55 135 1. 0
166 55 175 1. 0
210 55 223 1. 0
8 56 16 1. 0
48 56 56 1. 0
88 56 96 1. 0
128 56 136 1. 0
168 56 176 1. 0
212 56 224 1. 0
11 57 17 1. 0
51 57 57 1. 0
91 57 97 1. 0
131 57 137 1. 0
171 57 177 1. 0
215 57 225 1. 0
216 57 226 -0.8090169943749473 -0.5877852522924732
217 57 227 -0.8090169943749473 0.5877852522924732
218 57 228 0.30901699437494745 -0.9510565162951535
219 57 229 0.30901699437494745 0.9510565162951535
9 58 18 1. 0
49 58 58 1. 0
89 58 98 1. 0
129 58 138 1. 0
169 58 178 1. 0
213 58 230 1. 0
8 59 19 1. 0
48 59 59 1. 0
88 59 99 1. 0
128 59 139 1. 0
168 59 179 1. 0
212 59 231 1. 0
10 60 20 1. 0
50 60 60 1. 0
90 60 100 1. 0
130 60 140 1. 0
170 60 180 1. 0
214 60 232 1. 0
7 61 21 1. 0
47 61 61 1. 0
87 61 101 1. 0
127 61 141 1. 0
167 61 181 1. 0
211 61 233 1. 0
6 62 22 1. 0
46 62 62 1. 0
86 62 102 1. 0
126 62 142 1. 0
166 62 182 1. 0
210 62 234 1. 0
11 63 23 1. 0
51 63 63 1. 0
91 63 103 1. 0
131 63 143 1. 0
171 63 183 1. 0
215 63 235 1. 0
216 63 236 -0.8090169943749473 0.5877852522924732
217 63 237 -0.8090169943749473 -0.5877852522924732
218 63 238 0.30901699437494745 0.9510565162951535
219 63 239 0.30901699437494745 -0.9510565162951535
8 64 24 1. 0
48 64 64 1. 0
88 64 104 1. 0
128 64 144 1. 0
168 64 184 1. 0
212 64 240 1. 0
6 65 25 1. 0
46 65 65 1. 0
86 65 105 1. 0
126 65 145 1. 0
166 65 185 1. 0
210 65 241 1. 0
9 66 26 1. 0
49 66 66 1. 0
89 66 106 1. 0
129 66 146 1. 0
169 66 186 1. 0
213 66 242 1. 0
10 67 27 1. 0
50 67 67 1. 0
90 67 107 1. 0
130 67 147 1. 0
170 67 187 1. 0
214 67 243 1. 0
7 68 28 1. 0
47 68 68 1. 0
87 68 108 1. 0
127 68 148 1. 0
167 68 188 1. 0
211 68 244 1. 0
11 69 29 1. 0
51 69 69 1. 0
91 69 109 1. 0
131 69 149 1. 0
171 69 189 1. 0
215 69 245 1. 0
216 69 246 0.30901699437494745 0.9510565162951535
217 69 247 0.30901699437494745 -0.9510565162951535
218 69 248 -0.8090169943749473 -0.5877852522924732
219 69 249 -0.8090169943749473 0.5877852522924732
11 70 30 1. 0
51 70 70 1. 0
91 70 110 1. 0
131 70 150 1. 0
171 70 190 1. 0
215 70 250 -1. 0
216 70 251 -0.30901699437494745 0.9510565162951535
217 70 252 -0.30901699437494745 -0.9510565162951535
218 70 253 0.8090169943749473 -0.5877852522924732
219 70 254 0.8090169943749473 0.5877852522924732
11 71 31 0.30901699437494745 0.9510565162951535
51 71 71 1. 0
91 71 111 -0.8090169943749473 0.5877852522924732
131 71 151 -0.8090169943749473 -0.5877852522924732
171 71 191 0.30901699437494745 -0.9510565162951535
215 71 255 -0.30901699437494745 -0.9510565162951535
216 71 256 -1. 0
217 71 257 0.8090169943749473 -0.5877852522924732
218 71 258 0.8090169943749473 0.5877852522924732
219 71 259 -0.30901699437494745 0.9510565162951535
11 72 32 0.30901699437494745 -0.9510565162951535
51 72 72 1. 0
91 72 112 -0.8090169943749473 -0.5877852522924732
131 72 152 -0.8090169943749473 0.5877852522924732
171 72 192 0.30901699437494745 0.9510565162951535
215 72 260 -0.30901699437494745 0.9510565162951535
216 72 261 0.8090169943749473 0.5877852522924732
217 72 262 -1. 0
218 72 263 -0.30901699437494745 -0.9510565162951535
219 72 264 0.8090169943749473 -0.5877852522924732
11 73 33 -0.8090169943749473 -0.5877852522924732
51 73 73 1. 0
91 73 113 0.30901699437494745 0.9510565162951535
131 73 153 0.30901699437494745 -0.9510565162951535
171 73 193 -0.8090169943749473 0.5877852522924732
215 73 265 0.8090169943749473 0.5877852522924732
216 73 266 0.8090169943749473 -0.5877852522924732
217 73 267 -0.30901699437494745 0.9510565162951535
218 73 268 -1. 0
219 73 269 -0.30901699437494745 -0.9510565162951535
11 74 34 -0.8090169943749473 0.5877852522924732
51 74 74 1. 0
91 74 114 0.30901699437494745 -0.9510565162951535
131 74 154 0.30901699437494745 0.9510565162951535
171 74 194 -0.8090169943749473 -0.5877852522924732
215 74 270 0.8090169943749473 -0.5877852522924732
216 74 271 -0.30901699437494745 -0.9510565162951535
217 74 272 0.8090169943749473 0.5877852522924732
218 74 273 -0.30901699437494745 0.9510565162951535
219 74 274 -1. 0
6 75 37 1. 0
46 75 75 1. 0
86 75 118 1. 0
126 75 159 1. 0
166 75 196 1. 0
210 75 275 0.4472135954999579 0
210 75 276 0.13819660112501053 -0.42532540417601994
210 75 277 0.13819660112501053 0.42532540417601994
210 75 278 -0.3618033988749894 0.26286555605956685
210 75 279 -0.3618033988749894 -0.26286555605956685
7 76 35 1. 0
47 76 76 1. 0
87 76 117 1. 0
127 76 158 1. 0
167 76 199 1. 0
211 76 275 0.4472135954999579 0
211 76 276 0.4472135954999579 0
211 76 277 0.4472135954999579 0
211 76 278 0.4472135954999579 0
211 76 279 0.4472135954999579 0
8 77 38 1. 0
48 77 77 1. 0
88 77 119 1. 0
128 77 156 1. 0
168 77 195 1. 0
212 77 275 0.4472135954999579 0
212 77 276 -0.3618033988749894 -0.26286555605956685
212 77 277 -0.3618033988749894 0.26286555605956685
212 77 278 0.13819660112501053 -0.42532540417601994
212 77 279 0.13819660112501053 0.42532540417601994
9 78 39 1. 0
49 78 78 1. 0
89 78 116 1. 0
129 78 155 1. 0
169 78 197 1. 0
213 78 275 0.4472135954999579 0
213 78 276 -0.3618033988749894 0.26286555605956685
213 78 277 -0.3618033988749894 -0.26286555605956685
213 78 278 0.13819660112501053 0.42532540417601994
213 78 279 0.13819660112501053 -0.42532540417601994
10 79 36 1. 0
50 79 79 1. 0
90 79 115 1. 0
130 79 157 1. 0
170 79 198 1. 0
214 79 275 0.4472135954999579 0
214 79 276 0.13819660112501053 0.42532540417601994
214 79 277 0.13819660112501053 -0.42532540417601994
214 79 278 -0.3618033988749894 -0.26286555605956685
214 79 279 -0.3618033988749894 0.26286555605956685
14 80 0 1. 0
54 80 40 1. 0
94 80 80 1. 0
134 80 120 1. 0
174 80 160 1. 0
222 80 200 1. 0
12 81 1 1. 0
52 81 41 1. 0
92 81 81 1. 0
132 81 121 1. 0
172 81 161 1. 0
220 81 201 1. 0
15 82 2 1. 0
55 82 42 1. 0
95 82 82 1. 0
135 82 122 1. 0
175 82 162 1. 0
223 82 202 1. 0
16 83 3 1. 0
56 83 43 1. 0
96 83 83 1. 0
136 83 123 1. 0
176 83 163 1. 0
224 83 203 1. 0
13 84 4 1. 0
53 84 44 1. 0
93 84 84 1. 0
133 84 124 1. 0
173 84 164 1. 0
221 84 204 1. 0
17 85 5 1. 0
57 85 45 1. 0
97 85 85 1. 0
137 85 125 1. 0
177 85 165 1. 0
225 85 205 1. 0
226 85 206 0.30901699437494745 0.9510565162951535
227 85 207 0.30901699437494745 -0.9510565162951535
228 85 208 -0.8090169943749473 -0.5877852522924732
229 85 209 -0.8090169943749473 0.5877852522924732
15 86 6 1. 0
55 86 46 1. 0
95 86 86 1. 0
135 86 126 1. 0
175 86 166 1. 0
223 86 210 1. 0
14 87 7 1. 0
54 87 47 1. 0
94 87 87 1. 0
134 87 127 1. 0
174 87 167 1. 0
222 87 211 1. 0
16 88 8 1. 0
56 88 48 1. 0
96 88 88 1. 0
136 88 128 1. 0
176 88 168 1. 0
224 88 212 1. 0
13 89 9 1. 0
53 89 49 1. 0
93 89 89 1. 0
133 89 129 1. 0
173 89 169 1. 0
221 89 213 1. 0
12 90 10 1. 0
52 90 50 1. 0
92 90 90 1. 0
132 90 130 1. 0
172 90 170 1. 0
220 90 214 1. 0
17 91 11 1. 0
57 91 51 1. 0
97 91 91 1. 0
137 91 131 1. 0
177 91 171 1. 0
225 91 215 1. 0
226 91 216 -0.8090169943749473 0.5877852522924732
227 91 217 -0.8090169943749473 -0.5877852522924732
228 91 218 0.30901699437494745 0.9510565162951535
229 91 219 0.30901699437494745 -0.9510565162951535
12 92 12 1. 0
52 92 52 1. 0
92 92 92 1. 0
132 92 132 1. 0
172 92 172 1. 0
220 92 220 1. 0
13 93 13 1. 0
53 93 53 1. 0
93 93 93 1. 0
133 93 133 1. 0
173 93 173 1. 0
221 93 221 1. 0
14 94 14 1. 0
54 94 54 1. 0
94 94 94 1. 0
134 94 134 1. 0
174 94 174 1. 0
222 94 222 1. 0
15 95 15 1. 0
55 95 55 1. 0
95 95 95 1. 0
135 95 135 1. 0
175 95 175 1. 0
223 95 223 1. 0
16 96 16 1. 0
56 96 56 1. 0
96 96 96 1. 0
136 96 136 1. 0
176 96 176 1. 0
224 96 224 1. 0
17 97 17 1. 0
57 97 57 1. 0
97 97 97 1. 0
137 97 137 1. 0
177 97 177 1. 0
225 97 225 1. 0
226 97 226 1. 0
227 97 227 1. 0
228 97 228 1. 0
229 97 229 1. 0
13 98 18 1. 0
53 98 58 1. 0
93 98 98 1. 0
133 98 138 1. 0
173 98 178 1. 0
221 98 230 1. 0
16 99 19 1. 0
56 99 59 1. 0
96 99 99 1. 0
136 99 139 1. 0
176 99 179 1. 0
224 99 231 1. 0
12 100 20 1. 0
52 100 60 1. 0
92 100 100 1. 0
132 100 140 1. 0
172 100 180 1. 0
220 100 232 1. 0
14 101 21 1. 0
54 101 61 1. 0
94 101 101 1. 0
134 101 141 1. 0
174 101 181 1. 0
222 101 233 1. 0
15 102 22 1. 0
55 102 62 1. 0
95 102 102 1. 0
135 102 142 1. 0
175 102 182 1. 0
223 102 234 1. 0
17 103 23 1. 0
57 103 63 1. 0
97 103 103 1. 0
137 103 143 1. 0
177 103 183 1. 0
225 103 235 1. 0
226 103 236 0.30901699437494745 -0.9510565162951535
227 103 237 0.30901699437494745 0.9510565162951535
228 103 238 -0.8090169943749473 0.5877852522924732
229 103 239 -0.8090169943749473 -0.5877852522924732
16 104 24 1. 0
56 104 64 1. 0
96 104 104 1. 0
136 104 144 1. 0
176 104 184 1. 0
224 104 240 1. 0
15 105 25 1. 0
55 105 65 1. 0
95 105 105 1. 0
135 105 145 1. 0
175 105 185 1. 0
223 105 241 1. 0
13 106 26 1. 0
53 106 66 1. 0
93 106 106 1. 0
133 106 146 1. 0
173 106 186 1. 0
221 106 242 1. 0
12 107 27 1. 0
52 107 67 1. 0
92 107 107 1. 0
132 107 147 1. 0
172 107 187 1. 0
220 107 243 1. 0
14 108 28 1. 0
54 108 68 1. 0
94 108 108 1. 0
134 108 148 1. 0
174 108 188 1. 0
222 108 244 1. 0
17 109 29 1. 0
57 109 69 1. 0
97 109 109 1. 0
137 109 149 1. 0
177 109 189 1. 0
225 109 245 1. 0
226 109 246 -0.8090169943749473 -0.5877852522924732
227 109 247 -0.8090169943749473 0.5877852522924732
228 109 248 0.30901699437494745 -0.9510565162951535
229 109 249 0.30901699437494745 0.9510565162951535
17 110 30 1. 0
57 110 70 1. 0
97 110 110 1. 0
137 110 150 1. 0
177 110 190 1. 0
225 110 250 -1. 0
226 110 251 -0.30901699437494745 -0.9510565162951535
227 110 252 -0.30901699437494745 0.9510565162951535
228 110 253 0.8090169943749473 0.5877852522924732
229 110 254 0.8090169943749473 -0.5877852522924732
17 111 31 0.30901699437494745 -0.9510565162951535
57 111 71 -0.8090169943749473 -0.5877852522924732
97 111 111 1. 0
137 111 151 0.30901699437494745 0.9510565162951535
177 111 191 -0.8090169943749473 0.5877852522924732
225 111 255 -0.30901699437494745 0.9510565162951535
226 111 256 -1. 0
227 111 257 0.8090169943749473 0.5877852522924732
228 111 258 0.8090169943749473 -0.5877852522924732
229 111 259 -0.30901699437494745 -0.9510565162951535
17 112 32 0.30901699437494745 0.9510565162951535
57 112 72 -0.8090169943749473 0.5877852522924732
97 112 112 1. 0
137 112 152 0.30901699437494745 -0.9510565162951535
177 112 192 -0.8090169943749473 -0.5877852522924732
225 112 260 -0.30901699437494745 -0.9510565162951535
226 112 261 0.8090169943749473 -0.5877852522924732
227 112 262 -1. 0
228 112 263 -0.30901699437494745 0.9510565162951535
229 112 264 0.8090169943749473 0.5877852522924732
17 113 33 -0.8090169943749473 0.5877852522924732
57 113 73 0.30901699437494745 -0.9510565162951535
97 113 113 1. 0
137 113 153 -0.8090169943749473 -0.5877852522924732
177 113 193 0.30901699437494745 0.9510565162951535
225 113 265 0.8090169943749473 -0.5877852522924732
226 113 266 0.8090169943749473 0.5877852522924732
227 113 267 -0.30901699437494745 -0.9510565162951535
228 113 268 -1. 0
229 113 269 -0.30901699437494745 0.9510565162951535
17 114 34 -0.8090169943749473 -0.5877852522924732
57 114 74 0.30901699437494745 0.9510565162951535
97 114 114 1. 0
137 114 154 -0.8090169943749473 0.5877852522924732
177 114 194 0.30901699437494745 -0.9510565162951535
225 114 270 0.8090169943749473 0.5877852522924732
226 114 271 -0.30901699437494745 0.9510565162951535
227 114 272 0.8090169943749473 -0.5877852522924732
228 114 273 -0.30901699437494745 -0.9510565162951535
229 114 274 -1. 0
12 115 36 1. 0
52 115 79 1. 0
92 115 115 1. 0
132 115 157 1. 0
172 115 198 1. 0
220 115 275 0.4472135954999579 0
220 115 276 0.13819660112501053 0.42532540417601994
220 115 277 0.13819660112501053 -0.42532540417601994
220 115 278 -0.3618033988749894 -0.26286555605956685
220 115 279 -0.3618033988749894 0.26286555605956685
13 116 39 1. 0
53 116 78 1. 0
93 116 116 1. 0
133 116 155 1. 0
173 116 197 1. 0
221 116 275 0.4472135954999579 0
221 116 276 -0.3618033988749894 0.26286555605956685
221 116 277 -0.3618033988749894 -0.26286555605956685
221 116 278 0.13819660112501053 0.42532540417601994
221 116 279 0.13819660112501053 -0.42532540417601994
14 117 35 1. 0
54 117 76 1. 0
94 117 117 1. 0
134 117 158 1. 0
174 117 199 1. 0
222 117 275 0.4472135954999579 0
222 117 276 0.4472135954999579 0
222 117 277 0.4472135954999579 0
222 117 278 0.4472135954999579 0
222 117 279 0.4472135954999579 0
15 118 37 1. 0
55 118 75 1. 0
95 118 118 1. 0
135 118 159 1. 0
175 118 196 1. 0
223 118 275 0.4472135954999579 0
223 118 276 0.13819660112501053 -0.42532540417601994
223 118 277 0.13819660112501053 0.42532540417601994
223 118 278 -0.3618033988749894 0.26286555605956685
223 118 279 -0.3618033988749894 -0.26286555605956685
16 119 38 1. 0
56 119 77 1. 0
96 119 119 1. 0
136 119 156 1. 0
176 119 195 1. 0
224 119 275 0.4472135954999579 0
224 119 276 -0.3618033988749894 -0.26286555605956685
224 119 277 -0.3618033988749894 0.26286555605956685
224 119 278 0.13819660112501053 -0.42532540417601994
224 119 279 0.13819660112501053 0.42532540417601994
21 120 0 1. 0
61 120 40 1. 0
101 120 80 1. 0
141 120 120 1. 0
181 120 160 1. 0
233 120 200 1. 0
20 121 1 1. 0
60 121 41 1. 0
100 121 81 1. 0
140 121 121 1. 0
180 121 161 1. 0
232 121 201 1. 0
22 122 2 1. 0
62 122 42 1. 0
102 122 82 1. 0
142 122 122 1. 0
182 122 162 1. 0
234 122 202 1. 0
19 123 3 1. 0
59 123 43 1. 0
99 123 83 1. 0
139 123 123 1. 0
179 123 163 1. 0
231 123 203 1. 0
18 124 4 1. 0
58 124 44 1. 0
98 124 84 1. 0
138 124 124 1. 0
178 124 164 1. 0
230 124 204 1. 0
23 125 5 1. 0
63 125 45 1. 0
103 125 85 1. 0
143 125 125 1. 0
183 125 165 1. 0
235 125 205 1. 0
236 125 206 -0.8090169943749473 0.5877852522924732
237 125 207 -0.8090169943749473 -0.5877852522924732
238 125 208 0.30901699437494745 0.9510565162951535
239 125 209 0.30901699437494745 -0.9510565162951535
22 126 6 1. 0
62 126 46 1. 0
102 126 86 1. 0
142 126 126 1. 0
182 126 166 1. 0
234 126 210 1. 0
21 127 7 1. 0
61 127 47 1. 0
101 127 87 1. 0
141 127 127 1. 0
181 127 167 1. 0
233 127 211 1. 0
19 128 8 1. 0
59 128 48 1. 0
99 128 88 1. 0
139 128 128 1. 0
179 128 168 1. 0
231 128 212 1. 0
18 129 9 1. 0
58 129 49 1. 0
98 129 89 1. 0
138 129 129 1. 0
178 129 169 1. 0
230 129 213 1. 0
20 130 10 1. 0
60 130 50 1. 0
100 130 90 1. 0
140 130 130 1. 0
180 130 170 1. 0
232 130 214 1. 0
23 131 11 1. 0
63 131 51 1. 0
103 131 91 1. 0
143 131 131 1. 0
183 131 171 1. 0
235 131 215 1. 0
236 131 216 -0.8090169943749473 -0.5877852522924732
237 131 217 -0.8090169943749473 0.5877852522924732
238 131 218 0.30901699437494745 -0.9510565162951535
239 131 219 0.30901699437494745 0.9510565162951535
20 132 12 1. 0
60 132 52 1. 0
100 132 92 1. 0
140 132 132 1. 0
180 132 172 1. 0
232 132 220 1. 0
18 133 13 1. 0
58 133 53 1. 0
98 133 93 1. 0
138 133 133 1. 0
178 133 173 1. 0
230 133 221 1. 0
21 134 14 1. 0
61 134 54 1. 0
101 134 94 1. 0
141 134 134 1. 0
181 134 174 1. 0
233 134 222 1. 0
22 135 15 1. 0
62 135 55 1. 0
102 135 95 1. 0
142 135 135 1. 0
182 135 175 1. 0
234 135 223 1. 0
19 136 16 1. 0
59 136 56 1. 0
99 136 96 1. 0
139 136 136 1. 0
179 136 176 1. 0
231 136 224 1. 0
23 137 17 1. 0
63 137 57 1. 0
103 137 97 1. 0
143 137 137 1. 0
183 137 177 1. 0
235 137 225 1. 0
236 137 226 0.30901699437494745 0.9510565162951535
237 137 227 0.30901699437494745 -0.9510565162951535
238 137 228 -0.8090169943749473 -0.5877852522924732
239 137 229 -0.8090169943749473 0.5877852522924732
18 138 18 1. 0
58 138 58 1. 0
98 138 98 1. 0
138 138 138 1. 0
178 138 178 1. 0
230 138 230 1. 0
19 139 19 1. 0
59 139 59 1. 0
99 139 99 1. 0
139 139 139 1. 0
179 139 179 1. 0
231 139 231 1. 0
20 140 20 1. 0
60 140 60 1. 0
100 140 100 1. 0
140 140 140 1. 0
180 140 180 1. 0
232 140 232 1. 0
21 141 21 1. 0
61 141 61 1. 0
101 141 101 1. 0
141 141 141 1. 0
181 141 181 1. 0
233 141 233 1. 0
22 142 22 1. 0
62 142 62 1. 0
102 142 102 1. 0
142 142 142 1. 0
182 142 182 1. 0
234 142 234 1. 0
23 143 23 1. 0
63 143 63 1. 0
103 143 103 1. 0
143 143 143 1. 0
183 143 183 1. 0
235 143 235 1. 0
236 143 236 1. 0
237 143 237 1. 0
238 143 238 1. 0
239 143 239 1. 0
19 144 24 1. 0
59 144 64 1. 0
99 144 104 1. 0
139 144 144 1. 0
179 144 184 1. 0
231 144 240 1. 0
22 145 25 1. 0
62 145 65 1. 0
102 145 105 1. 0
142 145 145 1. 0
182 145 185 1. 0
234 145 241 1. 0
18 146 26 1. 0
58 146 66 1. 0
98 146 106 1. 0
138 146 146 1. 0
178 146 186 1. 0
230 146 242 1. 0
20 147 27 1. 0
60 147 67 1. 0
100 147 107 1. 0
140 147 147 1. 0
180 147 187 1. 0
232 147 243 1. 0
21 148 28 1. 0
61 148 68 1. 0
101 148 108 1. 0
141 148 148 1. 0
181 148 188 1. 0
233 148 244 1. 0
23 149 29 1. 0
63 149 69 1. 0
103 149 109 1. 0
143 149 149 1. 0
183 149 189 1. 0
235 149 245 1. 0
236 149 246 0.30901699437494745 -0.9510565162951535
237 149 247 0.30901699437494745 0.9510565162951535
238 149 248 -0.8090169943749473 0.5877852522924732
239 149 249 -0.8090169943749473 -0.5877852522924732
23 150 30 1. 0
63 150 70 1. 0
103 150 110 1. 0
143 150 150 1. 0
183 150 190 1. 0
235 150 250 -1. 0
236 150 251 0.8090169943749473 -0.5877852522924732
237 150 252 0.8090169943749473 0.5877852522924732
238 150 253 -0.30901699437494745 -0.9510565162951535
239 150 254 -0.30901699437494745 0.9510565162951535
23 151 31 -0.8090169943749473 -0.5877852522924732
63 151 71 -0.8090169943749473 0.5877852522924732
103 151 111 0.30901699437494745 -0.9510565162951535
143 151 151 1. 0
183 151 191 0.30901699437494745 0.9510565162951535
235 151 255 0.8090169943749473 0.5877852522924732
236 151 256 -1. 0
237 151 257 -0.30901699437494745 -0.9510565162951535
238 151 258 -0.30901699437494745 0.9510565162951535
239 151 259 0.8090169943749473 -0.5877852522924732
23 152 32 -0.8090169943749473 0.5877852522924732
63 152 72 -0.8090169943749473 -0.5877852522924732
103 152 112 0.30901699437494745 0.9510565162951535
143 152 152 1. 0
183 152 192 0.30901699437494745 -0.9510565162951535
235 152 260 0.8090169943749473 -0.5877852522924732
236 152 261 -0.30901699437494745 0.9510565162951535
237 152 262 -1. 0
238 152 263 0.8090169943749473 0.5877852522924732
239 152 264 -0.30901699437494745 -0.9510565162951535
23 153 33 0.30901699437494745 -0.9510565162951535
63 153 73 0.30901699437494745 0.9510565162951535
103 153 113 -0.8090169943749473 0.5877852522924732
143 153 153 1. 0
183 153 193 -0.8090169943749473 -0.5877852522924732
235 153 265 -0.30901699437494745 0.9510565162951535
236 153 266 -0.30901699437494745 -0.9510565162951535
237 153 267 0.8090169943749473 -0.5877852522924732
238 153 268 -1. 0
239 153 269 0.8090169943749473 0.5877852522924732
23 154 34 0.30901699437494745 0.9510565162951535
63 154 74 0.30901699437494745 -0.9510565162951535
103 154 114 -0.8090169943749473 -0.5877852522924732
143 154 154 1. 0
183 154 194 -0.8090169943749473 0.5877852522924732
235 154 270 -0.30901699437494745 -0.9510565162951535
236 154 271 0.8090169943749473 0.5877852522924732
237 154 272 -0.30901699437494745 0.9510565162951535
238 154 273 0.8090169943749473 -0.5877852522924732
239 154 274 -1. 0
18 155 39 1. 0
58 155 78 1. 0
98 155 116 1. 0
138 155 155 1. 0
178 155 197 1. 0
230 155 275 0.4472135954999579 0
230 155 276 -0.3618033988749894 0.26286555605956685
230 155 277 -0.3618033988749894 -0.26286555605956685
230 155 278 0.13819660112501053 0.42532540417601994
230 155 279 0.13819660112501053 -0.42532540417601994
19 156 38 1. 0
59 156 77 1. 0
99 156 119 1. 0
139 156 156 1. 0
179 156 195 1. 0
231 156 275 0.4472135954999579 0
231 156 276 -0.3618033988749894 -0.26286555605956685
231 156 277 -0.3618033988749894 0.26286555605956685
231 156 278 0.13819660112501053 -0.42532540417601994
231 156 279 0.13819660112501053 0.42532540417601994
20 157 36 1. 0
60 157 79 1. 0
100 157 115 1. 0
140 157 157 1. 0
180 157 198 1. 0
232 157 275 0.4472135954999579 0
232 157 276 0.13819660112501053 0.42532540417601994
232 157 277 0.13819660112501053 -0.42532540417601994
232 157 278 -0.3618033988749894 -0.26286555605956685
232 157 279 -0.3618033988749894 0.26286555605956685
21 158 35 1. 0
61 158 76 1. 0
101 158 117 1. 0
141 158 158 1. 0
181 158 199 1. 0
233 158 275 0.4472135954999579 0
233 158 276 0.4472135954999579 0
233 158 277 0.4472135954999579 0
233 158 278 0.4472135954999579 0
233 158 279 0.4472135954999579 0
22 159 37 1. 0
62 159 75 1. 0
102 159 118 1. 0
142 159 159 1. 0
182 159 196 1. 0
234 159 275 0.4472135954999579 0
234 159 276 0.13819660112501053 -0.42532540417601994
234 159 277 0.13819660112501053 0.42532540417601994
234 159 278 -0.3618033988749894 0.26286555605956685
234 159 279 -0.3618033988749894 -0.26286555605956685
28 160 0 1. 0
68 160 40 1. 0
108 160 80 1. 0
148 160 120 1. 0
188 160 160 1. 0
244 160 200 1. 0
27 161 1 1. 0
67 161 41 1. 0
107 161 81 1. 0
147 161 121 1. 0
187 161 161 1. 0
243 161 201 1. 0
25 162 2 1. 0
65 162 42 1. 0
105 162 82 1. 0
145 162 122 1. 0
185 162 162 1. 0
241 162 202 1. 0
24 163 3 1. 0
64 163 43 1. 0
104 163 83 1. 0
144 163 123 1. 0
184 163 163 1. 0
240 163 203 1. 0
26 164 4 1. 0
66 164 44 1. 0
106 164 84 1. 0
146 164 124 1. 0
186 164 164 1. 0
242 164 204 1. 0
29 165 5 1. 0
69 165 45 1. 0
109 165 85 1. 0
149 165 125 1. 0
189 165 165 1. 0
245 165 205 1. 0
246 165 206 -0.8090169943749473 -0.5877852522924732
247 165 207 -0.8090169943749473 0.5877852522924732
248 165 208 0.30901699437494745 -0.9510565162951535
249 165 209 0.30901699437494745 0.9510565162951535
25 166 6 1. 0
65 166 46 1. 0
105 166 86 1. 0
145 166 126 1. 0
185 166 166 1. 0
241 166 210 1. 0
28 167 7 1. 0
68 167 47 1. 0
108 167 87 1. 0
148 167 127 1. 0
188 167 167 1. 0
244 167 211 1. 0
24 168 8 1. 0
64 168 48 1. 0
104 168 88 1. 0
144 168 128 1. 0
184 168 168 1. 0
240 168 212 1. 0
26 169 9 1. 0
66 169 49 1. 0
106 169 89 1. 0
146 169 129 1. 0
186 169 169 1. 0
242 169 213 1. 0
27 170 10 1. 0
67 170 50 1. 0
107 170 90 1. 0
147 170 130 1. 0
187 170 170 1. 0
243 170 214 1. 0
29 171 11 1. 0
69 171 51 1. 0
109 171 91 1. 0
149 171 131 1. 0
189 171 171 1. 0
245 171 215 1. 0
246 171 216 0.30901699437494745 -0.9510565162951535
247 171 217 0.30901699437494745 0.9510565162951535
248 171 218 -0.8090169943749473 0.5877852522924732
249 171 219 -0.8090169943749473 -0.5877852522924732
27 172 12 1. 0
67 172 52 1. 0
107 172 92 1. 0
147 172 132 1. 0
187 172 172 1. 0
243 172 220 1. 0
26 173 13 1. 0
66 173 53 1. 0
106 173 93 1. 0
146 173 133 1. 0
186 173 173 1. 0
242 173 221 1. 0
28 174 14 1. 0
68 174 54 1. 0
108 174 94 1. 0
148 174 134 1. 0
188 174 174 1. 0
244 174 222 1. 0
25 175 15 1. 0
65 175 55 1. 0
105 175 95 1. 0
145 175 135 1. 0
185 175 175 1. 0
241 175 223 1. 0
24 176 16 1. 0
64 176 56 1. 0
104 176 96 1. 0
144 176 136 1. 0
184 176 176 1. 0
240 176 224 1. 0
29 177 17 1. 0
69 177 57 1. 0
109 177 97 1. 0
149 177 137 1. 0
189 177 177 1. 0
245 177 225 1. 0
246 177 226 -0.8090169943749473 0.5877852522924732
247 177 227 -0.8090169943749473 -0.5877852522924732
248 177 228 0.30901699437494745 0.9510565162951535
249 177 229 0.30901699437494745 -0.9510565162951535
26 178 18 1. 0
66 178 58 1. 0
106 178 98 1. 0
146 178 138 1. 0
186 178 178 1. 0
242 178 230 1. 0
24 179 19 1. 0
64 179 59 1. 0
104 179 99 1. 0
144 179 139 1. 0
184 179 179 1. 0
240 179 231 1. 0
27 180 20 1. 0
67 180 60 1. 0
107 180 100 1. 0
147 180 140 1. 0
187 180 180 1. 0
243 180 232 1. 0
28 181 21 1. 0
68 181 61 1. 0
108 181 101 1. 0
148 181 141 1. 0
188 181 181 1. 0
244 181 233 1. 0
25 182 22 1. 0
65 182 62 1. 0
105 182 102 1. 0
145 182 142 1. 0
185 182 182 1. 0
241 182 234 1. 0
29 183 23 1. 0
69 183 63 1. 0
109 183 103 1. 0
149 183 143 1. 0
189 183 183 1. 0
245 183 235 1. 0
246 183 236 0.30901699437494745 0.9510565162951535
247 183 237 0.30901699437494745 -0.9510565162951535
248 183 238 -0.8090169943749473 -0.5877852522924732
249 183 239 -0.8090169943749473 0.5877852522924732
24 184 24 1. 0
64 184 64 1. 0
104 184 104 1. 0
144 184 144 1. 0
184 184 184 1. 0
240 184 240 1. 0
25 185 25 1. 0
65 185 65 1. 0
105 185 105 1. 0
145 185 145 1. 0
185 185 185 1. 0
241 185 241 1. 0
26 186 26 1. 0
66 186 66 1. 0
106 186 106 1. 0
146 186 146 1. 0
186 186 186 1. 0
242 186 242 1. 0
27 187 27 1. 0
67 187 67 1. 0
107 187 107 1. 0
147 187 147 1. 0
187 187 187 1. 0
243 187 243 1. 0
28 188 28 1. 0
68 188 68 1. 0
108 188 108 1. 0
148 188 148 1. 0
188 188 188 1. 0
244 188 244 1. 0
29 189 29 1. 0
69 189 69 1. 0
109 189 109 1. 0
149 189 149 1. 0
189 189 189 1. 0
245 189 245 1. 0
246 189 246 1. 0
247 189 247 1. 0
248 189 248 1. 0
249 189 249 1. 0
29 190 30 1. 0
69 190 70 1. 0
109 190 110 1. 0
149 190 150 1. 0
189 190 190 1. 0
245 190 250 -1. 0
246 190 251 0.8090169943749473 0.5877852522924732
247 190 252 0.8090169943749473 -0.5877852522924732
248 190 253 -0.30901699437494745 0.9510565162951535
249 190 254 -0.30901699437494745 -0.9510565162951535
29 191 31 -0.8090169943749473 0.5877852522924732
69 191 71 0.30901699437494745 0.9510565162951535
109 191 111 -0.8090169943749473 -0.5877852522924732
149 191 151 0.30901699437494745 -0.9510565162951535
189 191 191 1. 0
245 191 255 0.8090169943749473 -0.5877852522924732
246 191 256 -1. 0
247 191 257 -0.30901699437494745 0.9510565162951535
248 191 258 -0.30901699437494745 -0.9510565162951535
249 191 259 0.8090169943749473 0.5877852522924732
29 192 32 -0.8090169943749473 -0.5877852522924732
69 192 72 0.30901699437494745 -0.9510565162951535
109 192 112 -0.8090169943749473 0.5877852522924732
149 192 152 0.30901699437494745 0.9510565162951535
189 192 192 1. 0
245 192 260 0.8090169943749473 0.5877852522924732
246 192 261 -0.30901699437494745 -0.9510565162951535
247 192 262 -1. 0
248 192 263 0.8090169943749473 -0.5877852522924732
249 192 264 -0.30901699437494745 0.9510565162951535
29 193 33 0.30901699437494745 0.9510565162951535
69 193 73 -0.8090169943749473 -0.5877852522924732
109 193 113 0.30901699437494745 -0.9510565162951535
149 193 153 -0.8090169943749473 0.5877852522924732
189 193 193 1. 0
245 193 265 -0.30901699437494745 -0.9510565162951535
246 193 266 -0.30901699437494745 0.9510565162951535
247 193 267 0.8090169943749473 0.5877852522924732
248 193 268 -1. 0
249 193 269 0.8090169943749473 -0.5877852522924732
29 194 34 0.30901699437494745 -0.9510565162951535
69 194 74 -0.8090169943749473 0.5877852522924732
109 194 114 0.30901699437494745 0.9510565162951535
149 194 154 -0.8090169943749473 -0.5877852522924732
189 194 194 1. 0
245 194 270 -0.30901699437494745 0.9510565162951535
246 194 271 0.8090169943749473 -0.5877852522924732
247 194 272 -0.30901699437494745 -0.9510565162951535
248 194 273 0.8090169943749473 0.5877852522924732
249 194 274 -1. 0
24 195 38 1. 0
64 195 77 1. 0
104 195 119 1. 0
144 195 156 1. 0
184 195 195 1. 0
240 195 275 0.4472135954999579 0
240 195 276 -0.3618033988749894 -0.26286555605956685
240 195 277 -0.3618033988749894 0.26286555605956685
240 195 278 0.13819660112501053 -0.42532540417601994
240 195 279 0.13819660112501053 0.42532540417601994
25 196 37 1. 0
65 196 75 1. 0
105 196 118 1. 0
145 196 159 1. 0
185 196 196 1. 0
241 196 275 0.4472135954999579 0
241 196 276 0.13819660112501053 -0.42532540417601994
241 196 277 0.13819660112501053 0.42532540417601994
241 196 278 -0.3618033988749894 0.26286555605956685
241 196 279 -0.3618033988749894 -0.26286555605956685
26 197 39 1. 0
66 197 78 1. 0
106 197 116 1. 0
146 197 155 1. 0
186 197 197 1. 0
242 197 275 0.4472135954999579 0
242 197 276 -0.3618033988749894 0.26286555605956685
242 197 277 -0.3618033988749894 -0.26286555605956685
242 197 278 0.13819660112501053 0.42532540417601994
242 197 279 0.13819660112501053 -0.42532540417601994
27 198 36 1. 0
67 198 79 1. 0
107 198 115 1. 0
147 198 157 1. 0
187 198 198 1. 0
243 198 275 0.4472135954999579 0
243 198 276 0.13819660112501053 0.42532540417601994
243 198 277 0.13819660112501053 -0.42532540417601994
243 198 278 -0.3618033988749894 -0.26286555605956685
243 198 279 -0.3618033988749894 0.26286555605956685
28 199 35 1. 0
68 199 76 1. 0
108 199 117 1. 0
148 199 158 1. 0
188 199 199 1. 0
244 199 275 0.4472135954999579 0
244 199 276 0.4472135954999579 0
244 199 277 0.4472135954999579 0
244 199 278 0.4472135954999579 0
244 199 279 0.4472135954999579 0
35 200 0 2.23606797749979 0
76 200 40 2.23606797749979 0
117 200 80 2.23606797749979 0
158 200 120 2.23606797749979 0
199 200 160 2.23606797749979 0
275 200 200 1. 0
276 200 200 1. 0
277 200 200 1. 0
278 200 200 1. 0
279 200 200 1. 0
36 201 1 2.23606797749979 0
79 201 41 2.23606797749979 0
115 201 81 2.23606797749979 0
157 201 121 2.23606797749979 0
198 201 161 2.23606797749979 0
275 201 201 1. 0
276 201 201 0.30901699437494745 -0.9510565162951535
277 201 201 0.30901699437494745 0.9510565162951535
278 201 201 -0.8090169943749473 0.5877852522924732
279 201 201 -0.8090169943749473 -0.5877852522924732
37 202 2 2.23606797749979 0
75 202 42 2.23606797749979 0
118 202 82 2.23606797749979 0
159 202 122 2.23606797749979 0
196 202 162 2.23606797749979 0
275 202 202 1. 0
276 202 202 0.30901699437494745 0.9510565162951535
277 202 202 0.30901699437494745 -0.9510565162951535
278 202 202 -0.8090169943749473 -0.5877852522924732
279 202 202 -0.8090169943749473 0.5877852522924732
38 203 3 2.23606797749979 0
77 203 43 2.23606797749979 0
119 203 83 2.23606797749979 0
156 203 123 2.23606797749979 0
195 203 163 2.23606797749979 0
275 203 203 1. 0
276 203 203 -0.8090169943749473 0.5877852522924732
277 203 203 -0.8090169943749473 -0.5877852522924732
278 203 203 0.30901699437494745 0.9510565162951535
279 203 203 0.30901699437494745 -0.9510565162951535
39 204 4 2.23606797749979 0
78 204 44 2.23606797749979 0
116 204 84 2.23606797749979 0
155 204 124 2.23606797749979 0
197 204 164 2.23606797749979 0
275 204 204 1. 0
276 204 204 -0.8090169943749473 -0.5877852522924732
277 204 204 -0.8090169943749473 0.5877852522924732
278 204 204 0.30901699437494745 -0.9510565162951535
279 204 204 0.30901699437494745 0.9510565162951535
30 205 5 -1. 0
70 205 45 -1. 0
110 205 85 -1. 0
150 205 125 -1. 0
190 205 165 -1. 0
250 205 205 1. 0
251 205 206 1. 0
252 205 207 1. 0
253 205 208 1. 0
254 205 209 1. 0
31 206 5 -1. 0
71 206 45 -0.30901699437494745 -0.9510565162951535
111 206 85 -0.30901699437494745 0.9510565162951535
151 206 125 0.8090169943749473 0.5877852522924732
191 206 165 0.8090169943749473 -0.5877852522924732
255 206 205 1. 0
256 206 206 1. 0
257 206 207 1. 0
258 206 208 1. 0
259 206 209 1. 0
32 207 5 -1. 0
72 207 45 -0.30901699437494745 0.9510565162951535
112 207 85 -0.30901699437494745 -0.9510565162951535
152 207 125 0.8090169943749473 -0.5877852522924732
192 207 165 0.8090169943749473 0.5877852522924732
260 207 205 1. 0
261 207 206 1. 0
262 207 207 1. 0
263 207 208 1. 0
264 207 209 1. 0
33 208 5 -1. 0
73 208 45 0.8090169943749473 0.5877852522924732
113 208 85 0.8090169943749473 -0.5877852522924732
153 208 125 -0.30901699437494745 0.9510565162951535
193 208 165 -0.30901699437494745 -0.9510565162951535
265 208 205 1. 0
266 208 206 1. 0
267 208 207 1. 0
268 208 208 1. 0
269 208 209 1. 0
34 209 5 -1. 0
74 209 45 0.8090169943749473 -0.5877852522924732
114 209 85 0.8090169943749473 0.5877852522924732
154 209 125 -0.30901699437494745 -0.9510565162951535
194 209 165 -0.30901699437494745 0.9510565162951535
270 209 205 1. 0
271 209 206 1. 0
272 209 207 1. 0
273 209 208 1. 0
274 209 209 1. 0
37 210 6 2.23606797749979 0
75 210 46 2.23606797749979 0
118 210 86 2.23606797749979 0
159 210 126 2.23606797749979 0
196 210 166 2.23606797749979 0
275 210 210 1. 0
276 210 210 0.30901699437494745 0.9510565162951535
277 210 210 0.30901699437494745 -0.9510565162951535
278 210 210 -0.8090169943749473 -0.5877852522924732
279 210 210 -0.8090169943749473 0.5877852522924732
35 211 7 2.23606797749979 0
76 211 47 2.23606797749979 0
117 211 87 2.23606797749979 0
158 211 127 2.23606797749979 0
199 211 167 2.23606797749979 0
275 211 211 1. 0
276 211 211 1. 0
277 211 211 1. 0
278 211 211 1. 0
279 211 211 1. 0
38 212 8 2.23606797749979 0
77 212 48 2.23606797749979 0
119 212 88 2.23606797749979 0
156 212 128 2.23606797749979 0
195 212 168 2.23606797749979 0
275 212 212 1. 0
276 212 212 -0.8090169943749473 0.5877852522924732
277 212 212 -0.8090169943749473 -0.5877852522924732
278 212 212 0.30901699437494745 0.9510565162951535
279 212 212 0.30901699437494745 -0.9510565162951535
39 213 9 2.23606797749979 0
78 213 49 2.23606797749979 0
116 213 89 2.23606797749979 0
155 213 129 2.23606797749979 0
197 213 169 2.23606797749979 0
275 213 213 1. 0
276 213 213 -0.8090169943749473 -0.5877852522924732
277 213 213 -0.8090169943749473 0.5877852522924732
278 213 213 0.30901699437494745 -0.9510565162951535
279 213 213 0.30901699437494745 0.9510565162951535
36 214 10 2.23606797749979 0
79 214 50 2.23606797749979 0
115 214 90 2.23606797749979 0
157 214 130 2.23606797749979 0
198 214 170 2.23606797749979 0
275 214 214 1. 0
276 214 214 0.30901699437494745 -0.9510565162951535
277 214 214 0.30901699437494745 0.9510565162951535
278 214 214 -0.8090169943749473 0.5877852522924732
279 214 214 -0.8090169943749473 -0.5877852522924732
30 215 11 -1. 0
70 215 51 -1. 0
110 215 91 -1. 0
150 215 131 -1. 0
190 215 171 -1. 0
250 215 215 1. 0
251 215 216 0.30901699437494745 0.9510565162951535
252 215 217 0.30901699437494745 -0.9510565162951535
253 215 218 -0.8090169943749473 -0.5877852522924732
254 215 219 -0.8090169943749473 0.5877852522924732
31 216 11 -0.30901699437494745 0.9510565162951535
71 216 51 -1. 0
111 216 91 0.8090169943749473 0.5877852522924732
151 216 131 0.8090169943749473 -0.5877852522924732
191 216 171 -0.30901699437494745 -0.9510565162951535
255 216 215 0.30901699437494745 -0.9510565162951535
256 216 216 1. 0
257 216 217 -0.8090169943749473 -0.5877852522924732
258 216 218 -0.8090169943749473 0.5877852522924732
259 216 219 0.30901699437494745 0.9510565162951535
32 217 11 -0.30901699437494745 -0.9510565162951535
72 217 51 -1. 0
112 217 91 0.8090169943749473 -0.5877852522924732
152 217 131 0.8090169943749473 0.5877852522924732
192 217 171 -0.30901699437494745 0.9510565162951535
260 217 215 0.30901699437494745 0.9510565162951535
261 217 216 -0.8090169943749473 0.5877852522924732
262 217 217 1. 0
263 217 218 0.30901699437494745 -0.9510565162951535
264 217 219 -0.8090169943749473 -0.5877852522924732
33 218 11 0.8090169943749473 -0.5877852522924732
73 218 51 -1. 0
113 218 91 -0.30901699437494745 0.9510565162951535
153 218 131 -0.30901699437494745 -0.9510565162951535
193 218 171 0.8090169943749473 0.5877852522924732
265 218 215 -0.8090169943749473 0.5877852522924732
266 218 216 -0.8090169943749473 -0.5877852522924732
267 218 217 0.30901699437494745 0.9510565162951535
268 218 218 1. 0
269 218 219 0.30901699437494745 -0.9510565162951535
34 219 11 0.8090169943749473 0.5877852522924732
74 219 51 -1. 0
114 219 91 -0.30901699437494745 -0.9510565162951535
154 219 131 -0.30901699437494745 0.9510565162951535
194 219 171 0.8090169943749473 -0.5877852522924732
270 219 215 -0.8090169943749473 -0.5877852522924732
271 219 216 0.30901699437494745 -0.9510565162951535
272 219 217 -0.8090169943749473 0.5877852522924732
273 219 218 0.30901699437494745 0.9510565162951535
274 219 219 1. 0
36 220 12 2.23606797749979 0
79 220 52 2.23606797749979 0
115 220 92 2.23606797749979 0
157 220 132 2.23606797749979 0
198 220 172 2.23606797749979 0
275 220 220 1. 0
276 220 220 0.30901699437494745 -0.9510565162951535
277 220 220 0.30901699437494745 0.9510565162951535
278 220 220 -0.8090169943749473 0.5877852522924732
279 220 220 -0.8090169943749473 -0.5877852522924732
39 221 13 2.23606797749979 0
78 221 53 2.23606797749979 0
116 221 93 2.23606797749979 0
155 221 133 2.23606797749979 0
197 221 173 2.23606797749979 0
275 221 221 1. 0
276 221 221 -0.8090169943749473 -0.5877852522924732
277 221 221 -0.8090169943749473 0.5877852522924732
278 221 221 0.30901699437494745 -0.9510565162951535
279 221 221 0.30901699437494745 0.9510565162951535
35 222 14 2.23606797749979 0
76 222 54 2.23606797749979 0
117 222 94 2.23606797749979 0
158 222 134 2.23606797749979 0
199 222 174 2.23606797749979 0
275 222 222 1. 0
276 222 222 1. 0
277 222 222 1. 0
278 222 222 1. 0
279 222 222 1. 0
37 223 15 2.23606797749979 0
75 223 55 2.23606797749979 0
118 223 95 2.23606797749979 0
159 223 135 2.23606797749979 0
196 223 175 2.23606797749979 0
275 223 223 1. 0
276 223 223 0.30901699437494745 0.9510565162951535
277 223 223 0.30901699437494745 -0.9510565162951535
278 223 223 -0.8090169943749473 -0.5877852522924732
279 223 223 -0.8090169943749473 0.5877852522924732
38 224 16 2.23606797749979 0
77 224 56 2.23606797749979 0
119 224 96 2.23606797749979 0
156 224 136 2.23606797749979 0
195 224 176 2.23606797749979 0
275 224 224 1. 0
276 224 224 -0.8090169943749473 0.5877852522924732
277 224 224 -0.8090169943749473 -0.5877852522924732
278 224 224 0.30901699437494745 0.9510565162951535
279 224 224 0.30901699437494745 -0.9510565162951535
30 225 17 -1. 0
70 225 57 -1. 0
110 225 97 -1. 0
150 225 137 -1. 0
190 225 177 -1. 0
250 225 225 1. 0
251 225 226 0.30901699437494745 -0.9510565162951535
252 225 227 0.30901699437494745 0.9510565162951535
253 225 228 -0.8090169943749473 0.5877852522924732
254 225 229 -0.8090169943749473 -0.5877852522924732
31 226 17 -0.30901699437494745 -0.9510565162951535
71 226 57 0.8090169943749473 -0.5877852522924732
111 226 97 -1. 0
151 226 137 -0.30901699437494745 0.9510565162951535
191 226 177 0.8090169943749473 0.5877852522924732
255 226 225 0.30901699437494745 0.9510565162951535
256 226 226 1. 0
257 226 227 -0.8090169943749473 0.5877852522924732
258 226 228 -0.8090169943749473 -0.5877852522924732
259 226 229 0.30901699437494745 -0.9510565162951535
32 227 17 -0.30901699437494745 0.9510565162951535
72 227 57 0.8090169943749473 0.5877852522924732
112 227 97 -1. 0
152 227 137 -0.30901699437494745 -0.9510565162951535
192 227 177 0.8090169943749473 -0.5877852522924732
260 227 225 0.30901699437494745 -0.9510565162951535
261 227 226 -0.8090169943749473 -0.5877852522924732
262 227 227 1. 0
263 227 228 0.30901699437494745 0.9510565162951535
264 227 229 -0.8090169943749473 0.5877852522924732
33 228 17 0.8090169943749473 0.5877852522924732
73 228 57 -0.30901699437494745 -0.9510565162951535
113 228 97 -1. 0
153 228 137 0.8090169943749473 -0.5877852522924732
193 228 177 -0.30901699437494745 0.9510565162951535
265 228 225 -0.8090169943749473 -0.5877852522924732
266 228 226 -0.8090169943749473 0.5877852522924732
267 228 227 0.30901699437494745 -0.9510565162951535
268 228 228 1. 0
269 228 229 0.30901699437494745 0.9510565162951535
34 229 17 0.8090169943749473 -0.5877852522924732
74 229 57 -0.30901699437494745 0.9510565162951535
114 229 97 -1. 0
154 229 137 0.8090169943749473 0.5877852522924732
194 229 177 -0.30901699437494745 -0.9510565162951535
270 229 225 -0.8090169943749473 0.5877852522924732
271 229 226 0.30901699437494745 0.9510565162951535
272 229 227 -0.8090169943749473 -0.5877852522924732
273 229 228 0.30901699437494745 -0.9510565162951535
274 229 229 1. 0
39 230 18 2.23606797749979 0
78 230 58 2.23606797749979 0
116 230 98 2.23606797749979 0
155 230 138 2.23606797749979 0
197 230 178 2.23606797749979 0
275 230 230 1. 0
276 230 230 -0.8090169943749473 -0.5877852522924732
277 230 230 -0.8090169943749473 0.5877852522924732
278 230 230 0.30901699437494745 -0.9510565162951535
279 230 230 0.30901699437494745 0.9510565162951535
38 231 19 2.23606797749979 0
77 231 59 2.23606797749979 0
119 231 99 2.23606797749979 0
156 231 139 2.23606797749979 0
195 231 179 2.23606797749979 0
275 231 231 1. 0
276 231 231 -0.8090169943749473 0.5877852522924732
277 231 231 -0.8090169943749473 -0.5877852522924732
278 231 231 0.30901699437494745 0.9510565162951535
279 231 231 0.30901699437494745 -0.9510565162951535
36 232 20 2.23606797749979 0
79 232 60 2.23606797749979 0
115 232 100 2.23606797749979 0
157 232 140 2.23606797749979 0
198 232 180 2.23606797749979 0
275 232 232 1. 0
276 232 232 0.30901699437494745 -0.9510565162951535
277 232 232 0.30901699437494745 0.9510565162951535
278 232 232 -0.8090169943749473 0.5877852522924732
279 232 232 -0.8090169943749473 -0.5877852522924732
35 233 21 2.23606797749979 0
76 233 61 2.23606797749979 0
117 233 101 2.23606797749979 0
158 233 141 2.23606797749979 0
199 233 181 2.23606797749979 0
275 233 233 1. 0
276 233 233 1. 0
277 233 233 1. 0
278 233 233 1. 0
279 233 233 1. 0
37 234 22 2.23606797749979 0
75 234 62 2.23606797749979 0
118 234 102 2.23606797749979 0
159 234 142 2.23606797749979 0
196 234 182 2.23606797749979 0
275 234 234 1. 0
276 234 234 0.30901699437494745 0.9510565162951535
277 234 234 0.30901699437494745 -0.9510565162951535
278 234 234 -0.8090169943749473 -0.5877852522924732
279 234 234 -0.8090169943749473 0.5877852522924732
30 235 23 -1. 0
70 235 63 -1. 0
110 235 103 -1. 0
150 235 143 -1. 0
190 235 183 -1. 0
250 235 235 1. 0
251 235 236 -0.8090169943749473 -0.5877852522924732
252 235 237 -0.8090169943749473 0.5877852522924732
253 235 238 0.30901699437494745 -0.9510565162951535
254 235 239 0.30901699437494745 0.9510565162951535
31 236 23 0.8090169943749473 -0.5877852522924732
71 236 63 0.8090169943749473 0.5877852522924732
111 236 103 -0.30901699437494745 -0.9510565162951535
151 236 143 -1. 0
191 236 183 -0.30901699437494745 0.9510565162951535
255 236 235 -0.8090169943749473 0.5877852522924732
256 236 236 1. 0
257 236 237 0.30901699437494745 -0.9510565162951535
258 236 238 0.30901699437494745 0.9510565162951535
259 236 239 -0.8090169943749473 -0.5877852522924732
32 237 23 0.8090169943749473 0.5877852522924732
72 237 63 0.8090169943749473 -0.5877852522924732
112 237 103 -0.30901699437494745 0.9510565162951535
152 237 143 -1. 0
192 237 183 -0.30901699437494745 -0.9510565162951535
260 237 235 -0.8090169943749473 -0.5877852522924732
261 237 236 0.30901699437494745 0.9510565162951535
262 237 237 1. 0
263 237 238 -0.8090169943749473 0.5877852522924732
264 237 239 0.30901699437494745 -0.9510565162951535
33 238 23 -0.30901699437494745 -0.9510565162951535
73 238 63 -0.30901699437494745 0.9510565162951535
113 238 103 0.8090169943749473 0.5877852522924732
153 238 143 -1. 0
193 238 183 0.8090169943749473 -0.5877852522924732
265 238 235 0.30901699437494745 0.9510565162951535
266 238 236 0.30901699437494745 -0.9510565162951535
267 238 237 -0.8090169943749473 -0.5877852522924732
268 238 238 1. 0
269 238 239 -0.8090169943749473 0.5877852522924732
34 239 23 -0.30901699437494745 0.9510565162951535
74 239 63 -0.30901699437494745 -0.9510565162951535
114 239 103 0.8090169943749473 -0.5877852522924732
154 239 143 -1. 0
194 239 183 0.8090169943749473 0.5877852522924732
270 239 235 0.30901699437494745 -0.9510565162951535
271 239 236 -0.8090169943749473 0.5877852522924732
272 239 237 0.30901699437494745 0.9510565162951535
273 239 238 -0.8090169943749473 -0.5877852522924732
274 239 239 1. 0
38 240 24 2.23606797749979 0
77 240 64 2.23606797749979 0
119 240 104 2.23606797749979 0
156 240 144 2.23606797749979 0
195 240 184 2.23606797749979 0
275 240 240 1. 0
276 240 240 -0.8090169943749473 0.5877852522924732
277 240 240 -0.8090169943749473 -0.5877852522924732
278 240 240 0.30901699437494745 0.9510565162951535
279 240 240 0.30901699437494745 -0.9510565162951535
37 241 25 2.23606797749979 0
75 241 65 2.23606797749979 0
118 241 105 2.23606797749979 0
159 241 145 2.23606797749979 0
196 241 185 2.23606797749979 0
275 241 241 1. 0
276 241 241 0.30901699437494745 0.9510565162951535
277 241 241 0.30901699437494745 -0.9510565162951535
278 241 241 -0.8090169943749473 -0.5877852522924732
279 241 241 -0.8090169943749473 0.5877852522924732
39 242 26 2.23606797749979 0
78 242 66 2.23606797749979 0
116 242 106 2.23606797749979 0
155 242 146 2.23606797749979 0
197 242 186 2.23606797749979 0
275 242 242 1. 0
276 242 242 -0.8090169943749473 -0.5877852522924732
277 242 242 -0.8090169943749473 0.5877852522924732
278 242 242 0.30901699437494745 -0.9510565162951535
279 242 242 0.30901699437494745 0.9510565162951535
36 243 27 2.23606797749979 0
79 243 67 2.23606797749979 0
115 243 107 2.23606797749979 0
157 243 147 2.23606797749979 0
198 243 187 2.23606797749979 0
275 243 243 1. 0
276 243 243 0.30901699437494745 -0.9510565162951535
277 243 243 0.30901699437494745 0.9510565162951535
278 243 243 -0.8090169943749473 0.5877852522924732
279 243 243 -0.8090169943749473 -0.5877852522924732
35 244 28 2.23606797749979 0
76 244 68 2.23606797749979 0
117 244 108 2.23606797749979 0
158 244 148 2.23606797749979 0
199 244 188 2.23606797749979 0
275 244 244 1. 0
276 244 244 1. 0
277 244 244 1. 0
278 244 244 1. 0
279 244 244 1. 0
30 245 29 -1. 0
70 245 69 -1. 0
110 245 109 -1. 0
150 245 149 -1. 0
190 245 189 -1. 0
250 245 245 1. 0
251 245 246 -0.8090169943749473 0.5877852522924732
252 245 247 -0.8090169943749473 -0.5877852522924732
253 245 248 0.30901699437494745 0.9510565162951535
254 245 249 0.30901699437494745 -0.9510565162951535
31 246 29 0.8090169943749473 0.5877852522924732
71 246 69 -0.30901699437494745 0.9510565162951535
111 246 109 0.8090169943749473 -0.5877852522924732
151 246 149 -0.30901699437494745 -0.9510565162951535
191 246 189 -1. 0
255 246 245 -0.8090169943749473 -0.5877852522924732
256 246 246 1. 0
257 246 247 0.30901699437494745 0.9510565162951535
258 246 248 0.30901699437494745 -0.9510565162951535
259 246 249 -0.8090169943749473 0.5877852522924732
32 247 29 0.8090169943749473 -0.5877852522924732
72 247 69 -0.30901699437494745 -0.9510565162951535
112 247 109 0.8090169943749473 0.5877852522924732
152 247 149 -0.30901699437494745 0.9510565162951535
192 247 189 -1. 0
260 247 245 -0.8090169943749473 0.5877852522924732
261 247 246 0.30901699437494745 -0.9510565162951535
262 247 247 1. 0
263 247 248 -0.8090169943749473 -0.5877852522924732
264 247 249 0.30901699437494745 0.9510565162951535
33 248 29 -0.30901699437494745 0.9510565162951535
73 248 69 0.8090169943749473 -0.5877852522924732
113 248 109 -0.30901699437494745 -0.9510565162951535
153 248 149 0.8090169943749473 0.5877852522924732
193 248 189 -1. 0
265 248 245 0.30901699437494745 -0.9510565162951535
266 248 246 0.30901699437494745 0.9510565162951535
267 248 247 -0.8090169943749473 0.5877852522924732
268 248 248 1. 0
269 248 249 -0.8090169943749473 -0.5877852522924732
34 249 29 -0.30901699437494745 -0.9510565162951535
74 249 69 0.8090169943749473 0.5877852522924732
114 249 109 -0.30901699437494745 0.9510565162951535
154 249 149 0.8090169943749473 -0.5877852522924732
194 249 189 -1. 0
270 249 245 0.30901699437494745 0.9510565162951535
271 249 246 -0.8090169943749473 -0.5877852522924732
272 249 247 0.30901699437494745 -0.9510565162951535
273 249 248 -0.8090169943749473 0.5877852522924732
274 249 249 1. 0
30 250 30 1. 0
70 250 70 1. 0
110 250 110 1. 0
150 250 150 1. 0
190 250 190 1. 0
250 250 250 1. 0
251 250 251 1. 0
252 250 252 1. 0
253 250 253 1. 0
254 250 254 1. 0
31 251 30 1. 0
71 251 70 0.30901699437494745 0.9510565162951535
111 251 110 0.30901699437494745 -0.9510565162951535
151 251 150 -0.8090169943749473 -0.5877852522924732
191 251 190 -0.8090169943749473 0.5877852522924732
255 251 250 1. 0
256 251 251 1. 0
257 251 252 1. 0
258 251 253 1. 0
259 251 254 1. 0
32 252 30 1. 0
72 252 70 0.30901699437494745 -0.9510565162951535
112 252 110 0.30901699437494745 0.9510565162951535
152 252 150 -0.8090169943749473 0.5877852522924732
192 252 190 -0.8090169943749473 -0.5877852522924732
260 252 250 1. 0
261 252 251 1. 0
262 252 252 1. 0
263 252 253 1. 0
264 252 254 1. 0
33 253 30 1. 0
73 253 70 -0.8090169943749473 -0.5877852522924732
113 253 110 -0.8090169943749473 0.5877852522924732
153 253 150 0.30901699437494745 -0.9510565162951535
193 253 190 0.30901699437494745 0.9510565162951535
265 253 250 1. 0
266 253 251 1. 0
267 253 252 1. 0
268 253 253 1. 0
269 253 254 1. 0
34 254 30 1. 0
74 254 70 -0.8090169943749473 0.5877852522924732
114 254 110 -0.8090169943749473 -0.5877852522924732
154 254 150 0.30901699437494745 0.9510565162951535
194 254 190 0.30901699437494745 -0.9510565162951535
270 254 250 1. 0
271 254 251 1. 0
272 254 252 1. 0
273 254 253 1. 0
274 254 254 1. 0
30 255 31 1. 0
70 255 71 0.30901699437494745 -0.9510565162951535
110 255 111 0.30901699437494745 0.9510565162951535
150 255 151 -0.8090169943749473 0.5877852522924732
190 255 191 -0.8090169943749473 -0.5877852522924732
250 255 255 1. 0
251 255 256 1. 0
252 255 257 1. 0
253 255 258 1. 0
254 255 259 1. 0
31 256 31 1. 0
71 256 71 1. 0
111 256 111 1. 0
151 256 151 1. 0
191 256 191 1. 0
255 256 255 1. 0
256 256 256 1. 0
257 256 257 1. 0
258 256 258 1. 0
259 256 259 1. 0
32 257 31 1. 0
72 257 71 -0.8090169943749473 -0.5877852522924732
112 257 111 -0.8090169943749473 0.5877852522924732
152 257 151 0.30901699437494745 -0.9510565162951535
192 257 191 0.30901699437494745 0.9510565162951535
260 257 255 1. 0
261 257 256 1. 0
262 257 257 1. 0
263 257 258 1. 0
264 257 259 1. 0
33 258 31 1. 0
73 258 71 -0.8090169943749473 0.5877852522924732
113 258 111 -0.8090169943749473 -0.5877852522924732
153 258 151 0.30901699437494745 0.9510565162951535
193 258 191 0.30901699437494745 -0.9510565162951535
265 258 255 1. 0
266 258 256 1. 0
267 258 257 1. 0
268 258 258 1. 0
269 258 259 1. 0
34 259 31 1. 0
74 259 71 0.30901699437494745 0.9510565162951535
114 259 111 0.30901699437494745 -0.9510565162951535
154 259 151 -0.8090169943749473 -0.5877852522924732
194 259 191 -0.8090169943749473 0.5877852522924732
270 259 255 1. 0
271 259 256 1. 0
272 259 257 1. 0
273 259 258 1. 0
274 259 259 1. 0
30 260 32 1. 0
70 260 72 0.30901699437494745 0.9510565162951535
110 260 112 0.30901699437494745 -0.9510565162951535
150 260 152 -0.8090169943749473 -0.5877852522924732
190 260 192 -0.8090169943749473 0.5877852522924732
250 260 260 1. 0
251 260 261 1. 0
252 260 262 1. 0
253 260 263 1. 0
254 260 264 1. 0
31 261 32 1. 0
71 261 72 -0.8090169943749473 0.5877852522924732
111 261 112 -0.8090169943749473 -0.5877852522924732
151 261 152 0.30901699437494745 0.9510565162951535
191 261 192 0.30901699437494745 -0.9510565162951535
255 261 260 1. 0
256 261 261 1. 0
257 261 262 1. 0
258 261 263 1. 0
259 261 264 1. 0
32 262 32 1. 0
72 262 72 1. 0
112 262 112 1. 0
152 262 152 1. 0
192 262 192 1. 0
260 262 260 1. 0
261 262 261 1. 0
262 262 262 1. 0
263 262 263 1. 0
264 262 264 1. 0
33 263 32 1. 0
73 263 72 0.30901699437494745 -0.9510565162951535
113 263 112 0.30901699437494745 0.9510565162951535
153 263 152 -0.8090169943749473 0.5877852522924732
193 263 192 -0.8090169943749473 -0.5877852522924732
265 263 260 1. 0
266 263 261 1. 0
267 263 262 1. 0
268 263 263 1. 0
269 263 264 1. 0
34 264 32 1. 0
74 264 72 -0.8090169943749473 -0.5877852522924732
114 264 112 -0.8090169943749473 0.5877852522924732
154 264 152 0.30901699437494745 -0.9510565162951535
194 264 192 0.30901699437494745 0.9510565162951535
270 264 260 1. 0
271 264 261 1. 0
272 264 262 1. 0
273 264 263 1. 0
274 264 264 1. 0
30 265 33 1. 0
70 265 73 -0.8090169943749473 0.5877852522924732
110 265 113 -0.8090169943749473 -0.5877852522924732
150 265 153 0.30901699437494745 0.9510565162951535
190 265 193 0.30901699437494745 -0.9510565162951535
250 265 265 1. 0
251 265 266 1. 0
252 265 267 1. 0
253 265 268 1. 0
254 265 269 1. 0
31 266 33 1. 0
71 266 73 -0.8090169943749473 -0.5877852522924732
111 266 113 -0.8090169943749473 0.5877852522924732
151 266 153 0.30901699437494745 -0.9510565162951535
191 266 193 0.30901699437494745 0.9510565162951535
255 266 265 1. 0
256 266 266 1. 0
257 266 267 1. 0
258 266 268 1. 0
259 266 269 1. 0
32 267 33 1. 0
72 267 73 0.30901699437494745 0.9510565162951535
112 267 113 0.30901699437494745 -0.9510565162951535
152 267 153 -0.8090169943749473 -0.5877852522924732
192 267 193 -0.8090169943749473 0.5877852522924732
260 267 265 1. 0
261 267 266 1. 0
262 267 267 1. 0
263 267 268 1. 0
264 267 269 1. 0
33 268 33 1. 0
73 268 73 1. 0
113 268 113 1. 0
153 268 153 1. 0
193 268 193 1. 0
265 268 265 1. 0
266 268 266 1. 0
267 268 267 1. 0
268 268 268 1. 0
269 268 269 1. 0
34 269 33 1. 0
74 269 73 0.30901699437494745 -0.9510565162951535
114 269 113 0.30901699437494745 0.9510565162951535
154 269 153 -0.8090169943749473 0.5877852522924732
194 269 193 -0.8090169943749473 -0.5877852522924732
270 269 265 1. 0
271 269 266 1. 0
272 269 267 1. 0
273 269 268 1. 0
274 269 269 1. 0
30 270 34 1. 0
70 270 74 -0.8090169943749473 -0.5877852522924732
110 270 114 -0.8090169943749473 0.5877852522924732
150 270 154 0.30901699437494745 -0.9510565162951535
190 270 194 0.30901699437494745 0.9510565162951535
250 270 270 1. 0
251 270 271 1. 0
252 270 272 1. 0
253 270 273 1. 0
254 270 274 1. 0
31 271 34 1. 0
71 271 74 0.30901699437494745 -0.9510565162951535
111 271 114 0.30901699437494745 0.9510565162951535
151 271 154 -0.8090169943749473 0.5877852522924732
191 271 194 -0.8090169943749473 -0.5877852522924732
255 271 270 1. 0
256 271 271 1. 0
257 271 272 1. 0
258 271 273 1. 0
259 271 274 1. 0
32 272 34 1. 0
72 272 74 -0.8090169943749473 0.5877852522924732
112 272 114 -0.8090169943749473 -0.5877852522924732
152 272 154 0.30901699437494745 0.9510565162951535
192 272 194 0.30901699437494745 -0.9510565162951535
260 272 270 1. 0
261 272 271 1. 0
262 272 272 1. 0
263 272 273 1. 0
264 272 274 1. 0
33 273 34 1. 0
73 273 74 0.30901699437494745 0.9510565162951535
113 273 114 0.30901699437494745 -0.9510565162951535
153 273 154 -0.8090169943749473 -0.5877852522924732
193 273 194 -0.8090169943749473 0.5877852522924732
265 273 270 1. 0
266 273 271 1. 0
267 273 272 1. 0
268 273 273 1. 0
269 273 274 1. 0
34 274 34 1. 0
74 274 74 1. 0
114 274 114 1. 0
154 274 154 1. 0
194 274 194 1. 0
270 274 270 1. 0
271 274 271 1. 0
272 274 272 1. 0
273 274 273 1. 0
274 274 274 1. 0
35 275 35 1. 0
35 276 35 1. 0
35 277 35 1. 0
35 278 35 1. 0
35 279 35 1. 0
36 275 36 1. 0
36 276 36 0.30901699437494745 -0.9510565162951535
36 277 36 0.30901699437494745 0.9510565162951535
36 278 36 -0.8090169943749473 0.5877852522924732
36 279 36 -0.8090169943749473 -0.5877852522924732
37 275 37 1. 0
37 276 37 0.30901699437494745 0.9510565162951535
37 277 37 0.30901699437494745 -0.9510565162951535
37 278 37 -0.8090169943749473 -0.5877852522924732
37 279 37 -0.8090169943749473 0.5877852522924732
38 275 38 1. 0
38 276 38 -0.8090169943749473 0.5877852522924732
38 277 38 -0.8090169943749473 -0.5877852522924732
38 278 38 0.30901699437494745 0.9510565162951535
38 279 38 0.30901699437494745 -0.9510565162951535
39 275 39 1. 0
39 276 39 -0.8090169943749473 -0.5877852522924732
39 277 39 -0.8090169943749473 0.5877852522924732
39 278 39 0.30901699437494745 -0.9510565162951535
39 279 39 0.30901699437494745 0.9510565162951535
75 275 75 1. 0
75 276 75 0.30901699437494745 0.9510565162951535
75 277 75 0.30901699437494745 -0.9510565162951535
75 278 75 -0.8090169943749473 -0.5877852522924732
75 279 75 -0.8090169943749473 0.5877852522924732
76 275 76 1. 0
76 276 76 1. 0
76 277 76 1. 0
76 278 76 1. 0
76 279 76 1. 0
77 275 77 1. 0
77 276 77 -0.8090169943749473 0.5877852522924732
77 277 77 -0.8090169943749473 -0.5877852522924732
77 278 77 0.30901699437494745 0.9510565162951535
77 279 77 0.30901699437494745 -0.9510565162951535
78 275 78 1. 0
78 276 78 -0.8090169943749473 -0.5877852522924732
78 277 78 -0.8090169943749473 0.5877852522924732
78 278 78 0.30901699437494745 -0.9510565162951535
78 279 78 0.30901699437494745 0.9510565162951535
79 275 79 1. 0
79 276 79 0.30901699437494745 -0.9510565162951535
79 277 79 0.30901699437494745 0.9510565162951535
79 278 79 -0.8090169943749473 0.5877852522924732
79 279 79 -0.8090169943749473 -0.5877852522924732
115 275 115 1. 0
115 276 115 0.30901699437494745 -0.9510565162951535
115 277 115 0.30901699437494745 0.9510565162951535
115 278 115 -0.8090169943749473 0.5877852522924732
115 279 115 -0.8090169943749473 -0.5877852522924732
116 275 116 1. 0
116 276 116 -0.8090169943749473 -0.5877852522924732
116 277 116 -0.8090169943749473 0.5877852522924732
116 278 116 0.30901699437494745 -0.9510565162951535
116 279 116 0.30901699437494745 0.9510565162951535
117 275 117 1. 0
117 276 117 1. 0
117 277 117 1. 0
117 278 117 1. 0
117 279 117 1. 0
118 275 118 1. 0
118 276 118 0.30901699437494745 0.9510565162951535
118 277 118 0.30901699437494745 -0.9510565162951535
118 278 118 -0.8090169943749473 -0.5877852522924732
118 279 118 -0.8090169943749473 0.5877852522924732
119 275 119 1. 0
119 276 119 -0.8090169943749473 0.5877852522924732
119 277 119 -0.8090169943749473 -0.5877852522924732
119 278 119 0.30901699437494745 0.9510565162951535
119 279 119 0.30901699437494745 -0.9510565162951535
155 275 155 1. 0
155 276 155 -0.8090169943749473 -0.5877852522924732
155 277 155 -0.8090169943749473 0.5877852522924732
155 278 155 0.30901699437494745 -0.9510565162951535
155 279 155 0.30901699437494745 0.9510565162951535
156 275 156 1. 0
156 276 156 -0.8090169943749473 0.5877852522924732
156 277 156 -0.8090169943749473 -0.5877852522924732
156 278 156 0.30901699437494745 0.9510565162951535
156 279 156 0.30901699437494745 -0.9510565162951535
157 275 157 1. 0
157 276 157 0.30901699437494745 -0.9510565162951535
157 277 157 0.30901699437494745 0.9510565162951535
157 278 157 -0.8090169943749473 0.5877852522924732
157 279 157 -0.8090169943749473 -0.5877852522924732
158 275 158 1. 0
158 276 158 1. 0
158 277 158 1. 0
158 278 158 1. 0
158 279 158 1. 0
159 275 159 1. 0
159 276 159 0.30901699437494745 0.9510565162951535
159 277 159 0.30901699437494745 -0.9510565162951535
159 278 159 -0.8090169943749473 -0.5877852522924732
159 279 159 -0.8090169943749473 0.5877852522924732
195 275 195 1. 0
195 276 195 -0.8090169943749473 0.5877852522924732
195 277 195 -0.8090169943749473 -0.5877852522924732
195 278 195 0.30901699437494745 0.9510565162951535
195 279 195 0.30901699437494745 -0.9510565162951535
196 275 196 1. 0
196 276 196 0.30901699437494745 0.9510565162951535
196 277 196 0.30901699437494745 -0.9510565162951535
196 278 196 -0.8090169943749473 -0.5877852522924732
196 279 196 -0.8090169943749473 0.5877852522924732
197 275 197 1. 0
197 276 197 -0.8090169943749473 -0.5877852522924732
197 277 197 -0.8090169943749473 0.5877852522924732
197 278 197 0.30901699437494745 -0.9510565162951535
197 279 197 0.30901699437494745 0.9510565162951535
198 275 198 1. 0
198 276 198 0.30901699437494745 -0.9510565162951535
198 277 198 0.30901699437494745 0.9510565162951535
198 278 198 -0.8090169943749473 0.5877852522924732
198 279 198 -0.8090169943749473 -0.5877852522924732
199 275 199 1. 0
199 276 199 1. 0
199 277 199 1. 0
199 278 199 1. 0
199 279 199 1. 0
275 275 275 1. 0
275 276 276 1. 0
275 277 277 1. 0
275 278 278 1. 0
275 279 279 1. 0
276 275 276 1. 0
276 276 279 1. 0
276 277 275 1. 0
276 278 277 1. 0
276 279 278 1. 0
277 275 277 1. 0
277 276 275 1. 0
277 277 278 1. 0
277 278 279 1. 0
277 279 276 1. 0
278 275 278 1. 0
278 276 277 1. 0
278 277 279 1. 0
278 278 276 1. 0
278 279 275 1. 0
279 275 279 1. 0
279 276 278 1. 0
279 277 276 1. 0
279 278 275 1. 0
279 279 277 1. 0