1 1 1 1 0 0 0 0 0 0 0 0 0 0 0 0 0 0 0 0 0 0 0 0 1 1 1 1 0 0 0 0 0 0 0 0 0 0 0 0 0 0 0 0 0 0 0 0 0 0 0 0 1 0 1 0 0 1 0 0 1 0 0 0 0 0 0 0 0 0 0 0 0 0 0 0 0 0 0 0 0 0 0 0 0 0 0 0 0 0 0 0 0 0 1 0 1 0 0 1 0 0 1 0
0 0 0 1. 0
20 0 20 1. 0
40 0 40 1. 0
72 0 72 1. 0
1 1 1 1. 0
21 1 21 1. 0
41 1 41 1. 0
73 1 73 1. 0
2 2 2 1. 0
22 2 22 1. 0
42 2 42 1. 0
43 2 43 1. 0
74 2 74 1. 0
75 2 75 1. 0
3 3 3 1. 0
23 3 23 1. 0
44 3 44 1. 0
45 3 45 1. 0
76 3 76 1. 0
77 3 77 1. 0
1 4 4 1. 0
21 4 24 1. 0
41 4 46 1. 0
73 4 78 1. 0
0 5 5 1. 0
20 5 25 1. 0
40 5 47 1. 0
72 5 79 1. 0
3 6 6 1. 0
23 6 26 1. 0
44 6 48 1. 0
45 6 49 1. 0
76 6 80 1. 0
77 6 81 1. 0
2 7 7 1. 0
22 7 27 1. 0
42 7 50 1. 0
43 7 51 1. 0
74 7 82 1. 0
75 7 83 1. 0
2 8 8 1. 0
22 8 28 1. 0
42 8 52 1.0000000000000002 0
43 8 53 1. 0
74 8 84 1.0000000000000002 0
75 8 85 1. 0
3 9 9 1. 0
23 9 29 1. 0
44 9 54 1.0000000000000002 0
45 9 55 1. 0
76 9 86 1.0000000000000002 0
77 9 87 1. 0
0 10 10 1. 0
20 10 30 1. 0
40 10 57 0.618033988749895 0
40 10 58 0.7861513777574233 0
72 10 89 0.618033988749895 0
72 10 90 0.7861513777574233 0
3 11 11 1. 0
23 11 31 1. 0
44 11 56 1. 0
45 11 57 0.7861513777574234 0
45 11 58 -0.6180339887498949 0
76 11 88 1. 0
77 11 89 0.7861513777574234 0
77 11 90 -0.6180339887498949 0
1 12 12 1. 0
21 12 32 1. 0
41 12 60 0.618033988749895 0
41 12 61 0.7861513777574233 0
73 12 92 0.618033988749895 0
73 12 93 0.7861513777574233 0
2 13 13 1. 0
22 13 33 1. 0
42 13 59 1. 0
43 13 60 0.7861513777574234 0
43 13 61 -0.6180339887498949 0
74 13 91 1. 0
75 13 92 0.7861513777574234 0
75 13 93 -0.6180339887498949 0
3 14 14 1. 0
23 14 34 1. 0
44 14 62 1.0000000000000002 0
45 14 63 1. 0
76 14 94 1.0000000000000002 0
77 14 95 1. 0
2 15 15 1. 0
22 15 35 1. 0
42 15 64 1.0000000000000002 0
43 15 65 1. 0
74 15 96 1.0000000000000002 0
75 15 97 1. 0
1 16 16 1. 0
21 16 36 1. 0
41 16 67 0.618033988749895 0
41 16 68 0.7861513777574233 0
73 16 99 0.618033988749895 0
73 16 100 0.7861513777574233 0
2 17 17 1. 0
22 17 37 1. 0
42 17 66 1. 0
43 17 67 0.7861513777574234 0
43 17 68 -0.6180339887498949 0
74 17 98 1. 0
75 17 99 0.7861513777574234 0
75 17 100 -0.6180339887498949 0
0 18 18 1. 0
20 18 38 1. 0
40 18 70 0.618033988749895 0
40 18 71 0.7861513777574233 0
72 18 102 0.618033988749895 0
72 18 103 0.7861513777574233 0
3 19 19 1. 0
23 19 39 1. 0
44 19 69 1. 0
45 19 70 0.7861513777574234 0
45 19 71 -0.6180339887498949 0
76 19 101 1. 0
77 19 102 0.7861513777574234 0
77 19 103 -0.6180339887498949 0
5 20 0 1. 0
25 20 20 1. 0
47 20 40 1. 0
79 20 72 1. 0
4 21 1 1. 0
24 21 21 1. 0
46 21 41 1. 0
78 21 73 1. 0
7 22 2 1. 0
27 22 22 1. 0
50 22 42 1. 0
51 22 43 1. 0
82 22 74 1. 0
83 22 75 1. 0
6 23 3 1. 0
26 23 23 1. 0
48 23 44 1. 0
49 23 45 1. 0
80 23 76 1. 0
81 23 77 1. 0
4 24 4 1. 0
24 24 24 1. 0
46 24 46 1. 0
78 24 78 1. 0
5 25 5 1. 0
25 25 25 1. 0
47 25 47 1. 0
79 25 79 1. 0
6 26 6 1. 0
26 26 26 1. 0
48 26 48 1. 0
49 26 49 1. 0
80 26 80 1. 0
81 26 81 1. 0
7 27 7 1. 0
27 27 27 1. 0
50 27 50 1. 0
51 27 51 1. 0
82 27 82 1. 0
83 27 83 1. 0
7 28 8 1. 0
27 28 28 1. 0
50 28 52 1.0000000000000002 0
51 28 53 1. 0
82 28 84 1.0000000000000002 0
83 28 85 1. 0
6 29 9 1. 0
26 29 29 1. 0
48 29 54 1.0000000000000002 0
49 29 55 1. 0
80 29 86 1.0000000000000002 0
81 29 87 1. 0
5 30 10 1. 0
25 30 30 1. 0
47 30 57 0.618033988749895 0
47 30 58 0.7861513777574233 0
79 30 89 0.618033988749895 0
79 30 90 0.7861513777574233 0
6 31 11 1. 0
26 31 31 1. 0
48 31 56 1. 0
49 31 57 0.7861513777574234 0
49 31 58 -0.6180339887498949 0
80 31 88 1. 0
81 31 89 0.7861513777574234 0
81 31 90 -0.6180339887498949 0
4 32 12 1. 0
24 32 32 1. 0
46 32 60 0.618033988749895 0
46 32 61 0.7861513777574233 0
78 32 92 0.618033988749895 0
78 32 93 0.7861513777574233 0
7 33 13 1. 0
27 33 33 1. 0
50 33 59 1. 0
51 33 60 0.7861513777574234 0
51 33 61 -0.6180339887498949 0
82 33 91 1. 0
83 33 92 0.7861513777574234 0
83 33 93 -0.6180339887498949 0
6 34 14 1. 0
26 34 34 1. 0
48 34 62 1.0000000000000002 0
49 34 63 1. 0
80 34 94 1.0000000000000002 0
81 34 95 1. 0
7 35 15 1. 0
27 35 35 1. 0
50 35 64 1.0000000000000002 0
51 35 65 1. 0
82 35 96 1.0000000000000002 0
83 35 97 1. 0
4 36 16 1. 0
24 36 36 1. 0
46 36 67 0.618033988749895 0
46 36 68 0.7861513777574233 0
78 36 99 0.618033988749895 0
78 36 100 0.7861513777574233 0
7 37 17 1. 0
27 37 37 1. 0
50 37 66 1. 0
51 37 67 0.7861513777574234 0
51 37 68 -0.6180339887498949 0
82 37 98 1. 0
83 37 99 0.7861513777574234 0
83 37 100 -0.6180339887498949 0
5 38 18 1. 0
25 38 38 1. 0
47 38 70 0.618033988749895 0
47 38 71 0.7861513777574233 0
79 38 102 0.618033988749895 0
79 38 103 0.7861513777574233 0
6 39 19 1. 0
26 39 39 1. 0
48 39 69 1. 0
49 39 70 0.7861513777574234 0
49 39 71 -0.6180339887498949 0
80 39 101 1. 0
81 39 102 0.7861513777574234 0
81 39 103 -0.6180339887498949 0
10 40 0 1.618033988749895 0
30 40 20 1.618033988749895 0
57 40 40 1. 0
58 40 40 1.272019649514069 0
89 40 72 1. 0
90 40 72 1.272019649514069 0
12 41 1 1.618033988749895 0
32 41 21 1.618033988749895 0
60 41 41 1. 0
61 41 41 1.272019649514069 0
92 41 73 1. 0
93 41 73 1.272019649514069 0
8 42 2 1.0000000000000002 0
28 42 22 1.0000000000000002 0
52 42 42 1. 0
53 42 43 1. 0
84 42 74 1. 0
85 42 75 1. 0
13 43 2 1.272019649514069 0
33 43 22 1.272019649514069 0
59 43 42 1.272019649514069 0
60 43 43 1. 0
61 43 43 -0.7861513777574234 0
91 43 74 1.272019649514069 0
92 43 75 1. 0
93 43 75 -0.7861513777574234 0
9 44 3 1.0000000000000002 0
29 44 23 1.0000000000000002 0
54 44 44 1. 0
55 44 45 1. 0
86 44 76 1. 0
87 44 77 1. 0
11 45 3 1.272019649514069 0
31 45 23 1.272019649514069 0
56 45 44 1.272019649514069 0
57 45 45 1. 0
58 45 45 -0.7861513777574234 0
88 45 76 1.272019649514069 0
89 45 77 1. 0
90 45 77 -0.7861513777574234 0
12 46 4 1.618033988749895 0
32 46 24 1.618033988749895 0
60 46 46 1. 0
61 46 46 1.272019649514069 0
92 46 78 1. 0
93 46 78 1.272019649514069 0
10 47 5 1.618033988749895 0
30 47 25 1.618033988749895 0
57 47 47 1. 0
58 47 47 1.272019649514069 0
89 47 79 1. 0
90 47 79 1.272019649514069 0
9 48 6 1.0000000000000002 0
29 48 26 1.0000000000000002 0
54 48 48 1. 0
55 48 49 1. 0
86 48 80 1. 0
87 48 81 1. 0
11 49 6 1.272019649514069 0
31 49 26 1.272019649514069 0
56 49 48 1.272019649514069 0
57 49 49 1. 0
58 49 49 -0.7861513777574234 0
88 49 80 1.272019649514069 0
89 49 81 1. 0
90 49 81 -0.7861513777574234 0
8 50 7 1.0000000000000002 0
28 50 27 1.0000000000000002 0
52 50 50 1. 0
53 50 51 1. 0
84 50 82 1. 0
85 50 83 1. 0
13 51 7 1.272019649514069 0
33 51 27 1.272019649514069 0
59 51 50 1.272019649514069 0
60 51 51 1. 0
61 51 51 -0.7861513777574234 0
91 51 82 1.272019649514069 0
92 51 83 1. 0
93 51 83 -0.7861513777574234 0
8 52 8 1. 0
28 52 28 1. 0
52 52 52 1. 0
53 52 53 1. 0
84 52 84 1. 0
85 52 85 1. 0
13 53 8 1.272019649514069 0
33 53 28 1.272019649514069 0
59 53 52 1.272019649514069 0
60 53 53 1. 0
61 53 53 -0.7861513777574234 0
91 53 84 1.272019649514069 0
92 53 85 1. 0
93 53 85 -0.7861513777574234 0
9 54 9 1. 0
29 54 29 1. 0
54 54 54 1. 0
55 54 55 1. 0
86 54 86 1. 0
87 54 87 1. 0
11 55 9 1.272019649514069 0
31 55 29 1.272019649514069 0
56 55 54 1.272019649514069 0
57 55 55 1. 0
58 55 55 -0.7861513777574234 0
88 55 86 1.272019649514069 0
89 55 87 1. 0
90 55 87 -0.7861513777574234 0
9 56 11 1. 0
29 56 31 1. 0
54 56 56 1. 0
55 56 57 0.7861513777574234 0
55 56 58 -0.6180339887498949 0
86 56 88 1. 0
87 56 89 0.7861513777574234 0
87 56 90 -0.6180339887498949 0
10 57 10 1. 0
10 58 10 1.272019649514069 0
11 57 11 1. 0
11 58 11 -0.7861513777574234 0
30 57 30 1. 0
30 58 30 1.272019649514069 0
31 57 31 1. 0
31 58 31 -0.7861513777574234 0
56 57 56 1. 0
56 58 56 -0.7861513777574234 0
57 57 57 1. 0
57 58 58 1. 0
58 57 58 1. 0
58 58 57 0.9999999999999999 0
58 58 58 0.48586827175664576 0
88 57 88 1. 0
88 58 88 -0.7861513777574234 0
89 57 89 1. 0
89 58 90 1. 0
90 57 90 1. 0
90 58 89 0.9999999999999999 0
90 58 90 0.48586827175664576 0
8 59 13 1. 0
28 59 33 1. 0
52 59 59 1. 0
53 59 60 0.7861513777574234 0
53 59 61 -0.6180339887498949 0
84 59 91 1. 0
85 59 92 0.7861513777574234 0
85 59 93 -0.6180339887498949 0
12 60 12 1. 0
12 61 12 1.272019649514069 0
13 60 13 1. 0
13 61 13 -0.7861513777574234 0
32 60 32 1. 0
32 61 32 1.272019649514069 0
33 60 33 1. 0
33 61 33 -0.7861513777574234 0
59 60 59 1. 0
59 61 59 -0.7861513777574234 0
60 60 60 1. 0
60 61 61 1. 0
61 60 61 1. 0
61 61 60 0.9999999999999999 0
61 61 61 0.48586827175664576 0
91 60 91 1. 0
91 61 91 -0.7861513777574234 0
92 60 92 1. 0
92 61 93 1. 0
93 60 93 1. 0
93 61 92 0.9999999999999999 0
93 61 93 0.48586827175664576 0
9 62 14 1. 0
29 62 34 1. 0
54 62 62 1. 0
55 62 63 1. 0
86 62 94 1. 0
87 62 95 1. 0
11 63 14 1.272019649514069 0
31 63 34 1.272019649514069 0
56 63 62 1.272019649514069 0
57 63 63 1. 0
58 63 63 -0.7861513777574234 0
88 63 94 1.272019649514069 0
89 63 95 1. 0
90 63 95 -0.7861513777574234 0
8 64 15 1. 0
28 64 35 1. 0
52 64 64 1. 0
53 64 65 1. 0
84 64 96 1. 0
85 64 97 1. 0
13 65 15 1.272019649514069 0
33 65 35 1.272019649514069 0
59 65 64 1.272019649514069 0
60 65 65 1. 0
61 65 65 -0.7861513777574234 0
91 65 96 1.272019649514069 0
92 65 97 1. 0
93 65 97 -0.7861513777574234 0
8 66 17 1. 0
28 66 37 1. 0
52 66 66 1. 0
53 66 67 0.7861513777574234 0
53 66 68 -0.6180339887498949 0
84 66 98 1. 0
85 66 99 0.7861513777574234 0
85 66 100 -0.6180339887498949 0
12 67 16 1. 0
12 68 16 1.272019649514069 0
13 67 17 1. 0
13 68 17 -0.7861513777574234 0
32 67 36 1. 0
32 68 36 1.272019649514069 0
33 67 37 1. 0
33 68 37 -0.7861513777574234 0
59 67 66 1. 0
59 68 66 -0.7861513777574234 0
60 67 67 1. 0
60 68 68 1. 0
61 67 68 1. 0
61 68 67 0.9999999999999999 0
61 68 68 0.48586827175664576 0
91 67 98 1. 0
91 68 98 -0.7861513777574234 0
92 67 99 1. 0
92 68 100 1. 0
93 67 100 1. 0
93 68 99 0.9999999999999999 0
93 68 100 0.48586827175664576 0
9 69 19 1. 0
29 69 39 1. 0
54 69 69 1. 0
55 69 70 0.7861513777574234 0
55 69 71 -0.6180339887498949 0
86 69 101 1. 0
87 69 102 0.7861513777574234 0
87 69 103 -0.6180339887498949 0
10 70 18 1. 0
10 71 18 1.272019649514069 0
11 70 19 1. 0
11 71 19 -0.7861513777574234 0
30 70 38 1. 0
30 71 38 1.272019649514069 0
31 70 39 1. 0
31 71 39 -0.7861513777574234 0
56 70 69 1. 0
56 71 69 -0.7861513777574234 0
57 70 70 1. 0
57 71 71 1. 0
58 70 71 1. 0
58 71 70 0.9999999999999999 0
58 71 71 0.48586827175664576 0
88 70 101 1. 0
88 71 101 -0.7861513777574234 0
89 70 102 1. 0
89 71 103 1. 0
90 70 103 1. 0
90 71 102 0.9999999999999999 0
90 71 103 0.48586827175664576 0
18 72 0 1.618033988749895 0
38 72 20 1.618033988749895 0
70 72 40 1. 0
71 72 40 1.272019649514069 0
102 72 72 1. 0
103 72 72 1.272019649514069 0
16 73 1 1.618033988749895 0
36 73 21 1.618033988749895 0
67 73 41 1. 0
68 73 41 1.272019649514069 0
99 73 73 1. 0
100 73 73 1.272019649514069 0
15 74 2 1.0000000000000002 0
35 74 22 1.0000000000000002 0
64 74 42 1. 0
65 74 43 1. 0
96 74 74 1. 0
97 74 75 1. 0
17 75 2 1.272019649514069 0
37 75 22 1.272019649514069 0
66 75 42 1.272019649514069 0
67 75 43 1. 0
68 75 43 -0.7861513777574234 0
98 75 74 1.272019649514069 0
99 75 75 1. 0
100 75 75 -0.7861513777574234 0
14 76 3 1.0000000000000002 0
34 76 23 1.0000000000000002 0
62 76 44 1. 0
63 76 45 1. 0
94 76 76 1. 0
95 76 77 1. 0
19 77 3 1.272019649514069 0
39 77 23 1.272019649514069 0
69 77 44 1.272019649514069 0
70 77 45 1. 0
71 77 45 -0.7861513777574234 0
101 77 76 1.272019649514069 0
102 77 77 1. 0
103 77 77 -0.7861513777574234 0
16 78 4 1.618033988749895 0
36 78 24 1.618033988749895 0
67 78 46 1. 0
68 78 46 1.272019649514069 0
99 78 78 1. 0
100 78 78 1.272019649514069 0
18 79 5 1.618033988749895 0
38 79 25 1.618033988749895 0
70 79 47 1. 0
71 79 47 1.272019649514069 0
102 79 79 1. 0
103 79 79 1.272019649514069 0
14 80 6 1.0000000000000002 0
34 80 26 1.0000000000000002 0
62 80 48 1. 0
63 80 49 1. 0
94 80 80 1. 0
95 80 81 1. 0
19 81 6 1.272019649514069 0
39 81 26 1.272019649514069 0
69 81 48 1.272019649514069 0
70 81 49 1. 0
71 81 49 -0.7861513777574234 0
101 81 80 1.272019649514069 0
102 81 81 1. 0
103 81 81 -0.7861513777574234 0
15 82 7 1.0000000000000002 0
35 82 27 1.0000000000000002 0
64 82 50 1. 0
65 82 51 1. 0
96 82 82 1. 0
97 82 83 1. 0
17 83 7 1.272019649514069 0
37 83 27 1.272019649514069 0
66 83 50 1.272019649514069 0
67 83 51 1. 0
68 83 51 -0.7861513777574234 0
98 83 82 1.272019649514069 0
99 83 83 1. 0
100 83 83 -0.7861513777574234 0
15 84 8 1. 0
35 84 28 1. 0
64 84 52 1. 0
65 84 53 1. 0
96 84 84 1. 0
97 84 85 1. 0
17 85 8 1.272019649514069 0
37 85 28 1.272019649514069 0
66 85 52 1.272019649514069 0
67 85 53 1. 0
68 85 53 -0.7861513777574234 0
98 85 84 1.272019649514069 0
99 85 85 1. 0
100 85 85 -0.7861513777574234 0
14 86 9 1. 0
34 86 29 1. 0
62 86 54 1. 0
63 86 55 1. 0
94 86 86 1. 0
95 86 87 1. 0
19 87 9 1.272019649514069 0
39 87 29 1.272019649514069 0
69 87 54 1.272019649514069 0
70 87 55 1. 0
71 87 55 -0.7861513777574234 0
101 87 86 1.272019649514069 0
102 87 87 1. 0
103 87 87 -0.7861513777574234 0
14 88 11 1. 0
34 88 31 1. 0
62 88 56 1. 0
63 88 57 0.7861513777574234 0
63 88 58 -0.6180339887498949 0
94 88 88 1. 0
95 88 89 0.7861513777574234 0
95 88 90 -0.6180339887498949 0
18 89 10 1. 0
18 90 10 1.272019649514069 0
19 89 11 1. 0
19 90 11 -0.7861513777574234 0
38 89 30 1. 0
38 90 30 1.272019649514069 0
39 89 31 1. 0
39 90 31 -0.7861513777574234 0
69 89 56 1. 0
69 90 56 -0.7861513777574234 0
70 89 57 1. 0
70 90 58 1. 0
71 89 58 1. 0
71 90 57 0.9999999999999999 0
71 90 58 0.48586827175664576 0
101 89 88 1. 0
101 90 88 -0.7861513777574234 0
102 89 89 1. 0
102 90 90 1. 0
103 89 90 1. 0
103 90 89 0.9999999999999999 0
103 90 90 0.48586827175664576 0
15 91 13 1. 0
35 91 33 1. 0
64 91 59 1. 0
65 91 60 0.7861513777574234 0
65 91 61 -0.6180339887498949 0
96 91 91 1. 0
97 91 92 0.7861513777574234 0
97 91 93 -0.6180339887498949 0
16 92 12 1. 0
16 93 12 1.272019649514069 0
17 92 13 1. 0
17 93 13 -0.7861513777574234 0
36 92 32 1. 0
36 93 32 1.272019649514069 0
37 92 33 1. 0
37 93 33 -0.7861513777574234 0
66 92 59 1. 0
66 93 59 -0.7861513777574234 0
67 92 60 1. 0
67 93 61 1. 0
68 92 61 1. 0
68 93 60 0.9999999999999999 0
68 93 61 0.48586827175664576 0
98 92 91 1. 0
98 93 91 -0.7861513777574234 0
99 92 92 1. 0
99 93 93 1. 0
100 92 93 1. 0
100 93 92 0.9999999999999999 0
100 93 93 0.48586827175664576 0
14 94 14 1. 0
34 94 34 1. 0
62 94 62 1. 0
63 94 63 1. 0
94 94 94 1. 0
95 94 95 1. 0
19 95 14 1.272019649514069 0
39 95 34 1.272019649514069 0
69 95 62 1.272019649514069 0
70 95 63 1. 0
71 95 63 -0.7861513777574234 0
101 95 94 1.272019649514069 0
102 95 95 1. 0
103 95 95 -0.7861513777574234 0
15 96 15 1. 0
35 96 35 1. 0
64 96 64 1. 0
65 96 65 1. 0
96 96 96 1. 0
97 96 97 1. 0
17 97 15 1.272019649514069 0
37 97 35 1.272019649514069 0
66 97 64 1.272019649514069 0
67 97 65 1. 0
68 97 65 -0.7861513777574234 0
98 97 96 1.272019649514069 0
99 97 97 1. 0
100 97 97 -0.7861513777574234 0
15 98 17 1. 0
35 98 37 1. 0
64 98 66 1. 0
65 98 67 0.7861513777574234 0
65 98 68 -0.6180339887498949 0
96 98 98 1. 0
97 98 99 0.7861513777574234 0
97 98 100 -0.6180339887498949 0
16 99 16 1. 0
16 100 16 1.272019649514069 0
17 99 17 1. 0
17 100 17 -0.7861513777574234 0
36 99 36 1. 0
36 100 36 1.272019649514069 0
37 99 37 1. 0
37 100 37 -0.7861513777574234 0
66 99 66 1. 0
66 100 66 -0.7861513777574234 0
67 99 67 1. 0
67 100 68 1. 0
68 99 68 1. 0
68 100 67 0.9999999999999999 0
68 100 68 0.48586827175664576 0
98 99 98 1. 0
98 100 98 -0.7861513777574234 0
99 99 99 1. 0
99 100 100 1. 0
100 99 100 1. 0
100 100 99 0.9999999999999999 0
100 100 100 0.48586827175664576 0
14 101 19 1. 0
34 101 39 1. 0
62 101 69 1. 0
63 101 70 0.7861513777574234 0
63 101 71 -0.6180339887498949 0
94 101 101 1. 0
95 101 102 0.7861513777574234 0
95 101 103 -0.6180339887498949 0
18 102 18 1. 0
18 103 18 1.272019649514069 0
19 102 19 1. 0
19 103 19 -0.7861513777574234 0
38 102 38 1. 0
38 103 38 1.272019649514069 0
39 102 39 1. 0
39 103 39 -0.7861513777574234 0
69 102 69 1. 0
69 103 69 -0.7861513777574234 0
70 102 70 1. 0
70 103 71 1. 0
71 102 71 1. 0
71 103 70 0.9999999999999999 0
71 103 71 0.48586827175664576 0
101 102 101 1. 0
101 103 101 -0.7861513777574234 0
102 102 102 1. 0
102 103 103 1. 0
103 102 103 1. 0
103 103 102 0.9999999999999999 0
103 103 103 0.48586827175664576 0