1 1 1 1 1 1 0 0 0 0 0 0 0 0 0 0 0 0 0 0 0 0 0 0 0 0 0 0 0 0 0 0 0 0 0 0 0 0 0 0 0 0 0 0 0 0 0 0 0 0 1 1 1 1 1 1 0 0 0 0 0 0 0 0 0 0 0 0 0 0 0 0 0 0 0 0 0 0 0 0 0 0 0 0 0 0 0 0 0 0 0 0 0 0 0 0 0 0 0 0 1 1 1 1 1 1 0 0 0 0 0 0 0 0 0 0 0 0 0 0 0 0 0 0 0 0 0 0 0 0 0 0 0 0 0 0 0 0 0 0 0 0 0 0 0 0 0 0 0 0 1 1 1 1 1 1 0 0 0 0 0 0 0 0 0 0 0 0 0 0 0 0 0 0 0 0 0 0 0 0 0 0 0 0 0 0 0 0 0 0 0 0 0 0 0 0 0 0 0 0 0 0 0 0 0 0 0 0 0 0 0 0 0 0 0 0 1 0 0 1 0 0 0 1 0 0 1 0 0 0 1 0 0 0 0 1 0 0 0 0 0 0 0 0 0 0 0 0 0 0 0 0 0 0 0 0 0 0 0 0 0 0 0 0 0 0 0 0 0 0 0 0 0 0 0 0 0 0 0 0 0 0 0 0 0 0 0 0 0 0 0 0 0 0 0 0 0 0 0 0 0 0 0 0 0 0 0 0 0 0 0 0 0 0 0 0 0 0 0 0 0 0 1 0 0 1 0 0 0 1 0 0 1 0 0 0 1 0 0 0 0 1 0 0
0 0 0 1. 0
44 0 44 1. 0
88 0 88 1. 0
132 0 132 1. 0
176 0 176 1. 0
260 0 260 1. 0
1 1 1 1. 0
45 1 45 1. 0
89 1 89 1. 0
133 1 133 1. 0
177 1 177 1. 0
261 1 261 1. 0
2 2 2 1. 0
46 2 46 1. 0
90 2 90 1. 0
134 2 134 1. 0
178 2 178 1. 0
262 2 262 1. 0
3 3 3 1. 0
47 3 47 1. 0
91 3 91 1. 0
135 3 135 1. 0
179 3 179 1. 0
263 3 263 1. 0
4 4 4 1. 0
48 4 48 1. 0
92 4 92 1. 0
136 4 136 1. 0
180 4 180 1. 0
181 4 181 1. 0
182 4 182 1. 0
264 4 264 1. 0
265 4 265 1. 0
266 4 266 1. 0
5 5 5 1. 0
49 5 49 1. 0
93 5 93 1. 0
137 5 137 1. 0
183 5 183 1. 0
184 5 184 1. 0
185 5 185 1. 0
267 5 267 1. 0
268 5 268 1. 0
269 5 269 1. 0
1 6 6 1. 0
45 6 50 -1. 0
89 6 94 1. 0
133 6 138 -1. 0
177 6 186 -0.4999999999999998 0.8660254037844387
261 6 270 0.4999999999999998 -0.8660254037844387
0 7 7 1. 0
44 7 51 1. 0
88 7 95 1. 0
132 7 139 1. 0
176 7 187 1. 0
260 7 271 1. 0
3 8 8 1. 0
47 8 52 1. 0
91 8 96 1. 0
135 8 140 1. 0
179 8 188 1. 0
263 8 272 1. 0
2 9 9 1. 0
46 9 53 -1. 0
90 9 97 1. 0
134 9 141 -1. 0
178 9 189 -0.4999999999999998 0.8660254037844387
262 9 273 0.4999999999999998 -0.8660254037844387
5 10 10 1. 0
49 10 54 1. 0
93 10 98 1. 0
137 10 142 1. 0
183 10 190 -0.4999999999999998 0.8660254037844387
184 10 191 -0.4999999999999998 0.8660254037844387
185 10 192 -0.4999999999999998 0.8660254037844387
267 10 274 -0.4999999999999998 0.8660254037844387
268 10 275 -0.4999999999999998 0.8660254037844387
269 10 276 0.4999999999999998 -0.8660254037844387
4 11 11 1. 0
48 11 55 -1. 0
92 11 99 1. 0
136 11 143 -1. 0
180 11 193 1. 0
181 11 194 1. 0
182 11 195 -1. 0
264 11 277 -1. 0
265 11 278 -1. 0
266 11 279 -1. 0
2 12 12 1. 0
46 12 56 1. 0
90 12 100 -1. 0
134 12 144 -1. 0
178 12 196 -0.4999999999999998 0.8660254037844387
262 12 280 0.4999999999999998 -0.8660254037844387
3 13 13 1. 0
47 13 57 1. 0
91 13 101 1. 0
135 13 145 1. 0
179 13 197 1. 0
263 13 281 1. 0
0 14 14 1. 0
44 14 58 1. 0
88 14 102 1. 0
132 14 146 1. 0
176 14 198 1. 0
260 14 282 1. 0
1 15 15 1. 0
45 15 59 1. 0
89 15 103 -1. 0
133 15 147 -1. 0
177 15 199 -0.4999999999999998 0.8660254037844387
261 15 283 0.4999999999999998 -0.8660254037844387
5 16 16 1. 0
49 16 60 1. 0
93 16 104 1. 0
137 16 148 1. 0
183 16 200 -0.4999999999999998 0.8660254037844387
184 16 201 -0.4999999999999998 0.8660254037844387
185 16 202 0.4999999999999998 -0.8660254037844387
267 16 284 -0.4999999999999998 0.8660254037844387
268 16 285 -0.4999999999999998 0.8660254037844387
269 16 286 -0.4999999999999998 0.8660254037844387
4 17 17 1. 0
48 17 61 1. 0
92 17 105 -1. 0
136 17 149 -1. 0
180 17 203 1. 0
181 17 204 1. 0
182 17 205 1. 0
264 17 287 -1. 0
265 17 288 -1. 0
266 17 289 1. 0
3 18 18 1. 0
47 18 62 1. 0
91 18 106 1. 0
135 18 150 1. 0
179 18 206 1. 0
263 18 290 1. 0
2 19 19 1. 0
46 19 63 -1. 0
90 19 107 -1. 0
134 19 151 1. 0
178 19 207 -1. 0
262 19 291 -1. 0
1 20 20 1. 0
45 20 64 -1. 0
89 20 108 -1. 0
133 20 152 1. 0
177 20 208 -1. 0
261 20 292 -1. 0
0 21 21 1. 0
44 21 65 1. 0
88 21 109 1. 0
132 21 153 1. 0
176 21 209 1. 0
260 21 293 1. 0
4 22 22 1. 0
48 22 66 -1. 0
92 22 110 -1. 0
136 22 154 1. 0
180 22 210 -1. 0
181 22 211 -1. 0
182 22 212 1. 0
264 22 294 -1. 0
265 22 295 -1. 0
266 22 296 1. 0
5 23 23 1. 0
49 23 67 1. 0
93 23 111 1. 0
137 23 155 1. 0
183 23 213 1. 0
184 23 214 1. 0
185 23 215 -1. 0
267 23 297 1. 0
268 23 298 1. 0
269 23 299 -1. 0
4 24 24 1. 0
48 24 68 1. 0
92 24 112 1. 0
136 24 156 -1. 0
180 24 216 -1. 0
181 24 217 1. 0
182 24 218 1. 0
264 24 300 -1. 0
265 24 301 -1. 0
266 24 302 -1. 0
5 25 25 1. 0
49 25 69 1. 0
93 25 113 1. 0
137 25 157 1. 0
183 25 219 -0.4999999999999998 0.8660254037844387
184 25 220 -0.4999999999999998 0.8660254037844387
185 25 221 -0.4999999999999998 -0.8660254037844387
267 25 303 -0.4999999999999998 0.8660254037844387
268 25 304 -0.4999999999999998 0.8660254037844387
269 25 305 0.4999999999999998 0.8660254037844387
5 26 26 1. 0
49 26 70 1. 0
93 26 114 1. 0
137 26 158 1. 0
183 26 222 -0.4999999999999998 0.8660254037844387
184 26 223 -0.4999999999999998 0.8660254037844387
185 26 224 0.4999999999999998 0.8660254037844387
267 26 306 -0.4999999999999998 0.8660254037844387
268 26 307 -0.4999999999999998 0.8660254037844387
269 26 308 -0.4999999999999998 -0.8660254037844387
4 27 27 1. 0
48 27 71 1. 0
92 27 115 1. 0
136 27 159 -1. 0
180 27 225 1. 0
181 27 226 -1. 0
182 27 227 -1. 0
264 27 309 -1. 0
265 27 310 -1. 0
266 27 311 1. 0
0 28 28 1. 0
44 28 72 1. 0
88 28 117 1. 0
132 28 161 1. 0
176 28 230 0.5 0
176 28 231 0.5 0
176 28 232 0.7071067811865475 0
260 28 314 0.5 0
260 28 315 0.5 0
260 28 316 0.7071067811865475 0
3 29 29 1. 0
47 29 73 1. 0
91 29 116 1. 0
135 29 160 1. 0
179 29 230 0.5 0
179 29 231 0.5 0
179 29 232 -0.7071067811865475 0
263 29 314 0.5 0
263 29 315 0.5 0
263 29 316 -0.7071067811865475 0
5 30 30 1. 0
49 30 74 -1. 0
93 30 118 1. 0
137 30 162 -1. 0
183 30 228 0.4999999999999998 -0.8660254037844387
184 30 229 -0.4999999999999998 0.8660254037844387
185 30 230 -0.7071067811865475 0
185 30 231 0.7071067811865475 0
267 30 312 -0.4999999999999998 0.8660254037844387
268 30 313 0.4999999999999998 -0.8660254037844387
269 30 314 -0.7071067811865475 0
269 30 315 0.7071067811865475 0
1 31 31 1. 0
45 31 75 1. 0
89 31 120 1. 0
133 31 164 -1. 0
177 31 235 0.2499999999999999 -0.43301270189221935
177 31 236 -0.2499999999999999 0.43301270189221935
177 31 237 0.35355339059327356 0.6123724356957945
261 31 319 0.2499999999999999 -0.43301270189221935
261 31 320 0.2499999999999999 -0.43301270189221935
261 31 321 0.35355339059327356 0.6123724356957945
2 32 32 1. 0
46 32 76 1. 0
90 32 119 1. 0
134 32 163 -1. 0
178 32 235 0.2499999999999999 -0.43301270189221935
178 32 236 -0.2499999999999999 0.43301270189221935
178 32 237 -0.35355339059327356 -0.6123724356957945
262 32 319 0.2499999999999999 -0.43301270189221935
262 32 320 0.2499999999999999 -0.43301270189221935
262 32 321 -0.35355339059327356 -0.6123724356957945
4 33 33 1. 0
48 33 77 1. 0
92 33 121 -1. 0
136 33 165 1. 0
180 33 233 0.4999999999999998 0.8660254037844387
181 33 234 -0.4999999999999998 -0.8660254037844387
182 33 235 0.7071067811865475 0
182 33 236 0.7071067811865475 0
264 33 317 0.4999999999999998 0.8660254037844387
265 33 318 -0.4999999999999998 -0.8660254037844387
266 33 319 -0.7071067811865475 0
266 33 320 0.7071067811865475 0
5 34 34 1. 0
49 34 78 1. 0
93 34 122 1. 0
137 34 166 1. 0
183 34 238 1. 0
184 34 239 1. 0
185 34 240 -0.4999999999999998 -0.8660254037844387
267 34 322 1. 0
268 34 323 1. 0
269 34 324 -0.4999999999999998 -0.8660254037844387
4 35 35 1. 0
48 35 79 -1. 0
92 35 123 -1. 0
136 35 167 -1. 0
180 35 241 -1. 0
181 35 242 -1. 0
182 35 243 -1. 0
264 35 325 1. 0
265 35 326 -1. 0
266 35 327 1. 0
4 36 36 1. 0
48 36 80 -1. 0
92 36 124 -1. 0
136 36 168 -1. 0
180 36 244 -1. 0
181 36 245 -1. 0
182 36 246 1. 0
264 36 328 -1. 0
265 36 329 1. 0
266 36 330 -1. 0
5 37 37 1. 0
49 37 81 1. 0
93 37 125 1. 0
137 37 169 1. 0
183 37 247 1. 0
184 37 248 1. 0
185 37 249 0.4999999999999998 0.8660254037844387
267 37 331 1. 0
268 37 332 1. 0
269 37 333 0.4999999999999998 0.8660254037844387
1 38 38 1. 0
45 38 82 -1. 0
89 38 127 -1. 0
133 38 171 -1. 0
177 38 252 -0.5 0
177 38 253 -0.5 0
177 38 254 0.35355339059327356 0.6123724356957945
261 38 336 0.5 0
261 38 337 -0.5 0
261 38 338 -0.35355339059327356 -0.6123724356957945
2 39 39 1. 0
46 39 83 -1. 0
90 39 126 -1. 0
134 39 170 -1. 0
178 39 252 -0.5 0
178 39 253 -0.5 0
178 39 254 -0.35355339059327356 -0.6123724356957945
262 39 336 0.5 0
262 39 337 -0.5 0
262 39 338 0.35355339059327356 0.6123724356957945
4 40 40 1. 0
48 40 84 1. 0
92 40 128 -1. 0
136 40 172 1. 0
180 40 250 -0.4999999999999998 -0.8660254037844387
181 40 251 0.4999999999999998 0.8660254037844387
182 40 252 -0.35355339059327356 -0.6123724356957945
182 40 253 0.35355339059327356 0.6123724356957945
264 40 334 -0.4999999999999998 -0.8660254037844387
265 40 335 0.4999999999999998 0.8660254037844387
266 40 336 -0.35355339059327356 -0.6123724356957945
266 40 337 -0.35355339059327356 -0.6123724356957945
0 41 41 1. 0
44 41 85 1. 0
88 41 130 1. 0
132 41 174 1. 0
176 41 257 0.5 0
176 41 258 0.5 0
176 41 259 0.7071067811865475 0
260 41 341 0.5 0
260 41 342 0.5 0
260 41 343 0.7071067811865475 0
3 42 42 1. 0
47 42 86 1. 0
91 42 129 1. 0
135 42 173 1. 0
179 42 257 0.5 0
179 42 258 0.5 0
179 42 259 -0.7071067811865475 0
263 42 341 0.5 0
263 42 342 0.5 0
263 42 343 -0.7071067811865475 0
5 43 43 1. 0
49 43 87 1. 0
93 43 131 -1. 0
137 43 175 -1. 0
183 43 255 -0.4999999999999998 0.8660254037844387
184 43 256 0.4999999999999998 -0.8660254037844387
185 43 257 0.7071067811865475 0
185 43 258 -0.7071067811865475 0
267 43 339 -0.4999999999999998 0.8660254037844387
268 43 340 0.4999999999999998 -0.8660254037844387
269 43 341 0.7071067811865475 0
269 43 342 -0.7071067811865475 0
7 44 0 1. 0
51 44 44 1. 0
95 44 88 1. 0
139 44 132 1. 0
187 44 176 1. 0
271 44 260 1. 0
6 45 1 -1. 0
50 45 45 1. 0
94 45 89 -1. 0
138 45 133 1. 0
186 45 177 0.4999999999999998 0.8660254037844387
270 45 261 -0.4999999999999998 -0.8660254037844387
9 46 2 -1. 0
53 46 46 1. 0
97 46 90 -1. 0
141 46 134 1. 0
189 46 178 0.4999999999999998 0.8660254037844387
273 46 262 -0.4999999999999998 -0.8660254037844387
8 47 3 1. 0
52 47 47 1. 0
96 47 91 1. 0
140 47 135 1. 0
188 47 179 1. 0
272 47 263 1. 0
11 48 4 -1. 0
55 48 48 1. 0
99 48 92 -1. 0
143 48 136 1. 0
193 48 180 -1. 0
194 48 181 -1. 0
195 48 182 1. 0
277 48 264 1. 0
278 48 265 1. 0
279 48 266 1. 0
10 49 5 1. 0
54 49 49 1. 0
98 49 93 1. 0
142 49 137 1. 0
190 49 183 -0.4999999999999998 -0.8660254037844387
191 49 184 -0.4999999999999998 -0.8660254037844387
192 49 185 -0.4999999999999998 -0.8660254037844387
274 49 267 -0.4999999999999998 -0.8660254037844387
275 49 268 -0.4999999999999998 -0.8660254037844387
276 49 269 0.4999999999999998 0.8660254037844387
6 50 6 1. 0
50 50 50 1. 0
94 50 94 1. 0
138 50 138 1. 0
186 50 186 1. 0
270 50 270 1. 0
7 51 7 1. 0
51 51 51 1. 0
95 51 95 1. 0
139 51 139 1. 0
187 51 187 1. 0
271 51 271 1. 0
8 52 8 1. 0
52 52 52 1. 0
96 52 96 1. 0
140 52 140 1. 0
188 52 188 1. 0
272 52 272 1. 0
9 53 9 1. 0
53 53 53 1. 0
97 53 97 1. 0
141 53 141 1. 0
189 53 189 1. 0
273 53 273 1. 0
10 54 10 1. 0
54 54 54 1. 0
98 54 98 1. 0
142 54 142 1. 0
190 54 190 1. 0
191 54 191 1. 0
192 54 192 1. 0
274 54 274 1. 0
275 54 275 1. 0
276 54 276 1. 0
11 55 11 1. 0
55 55 55 1. 0
99 55 99 1. 0
143 55 143 1. 0
193 55 193 1. 0
194 55 194 1. 0
195 55 195 1. 0
277 55 277 1. 0
278 55 278 1. 0
279 55 279 1. 0
9 56 12 -1. 0
53 56 56 1. 0
97 56 100 1. 0
141 56 144 -1. 0
189 56 196 -1. 0
273 56 280 -1. 0
8 57 13 1. 0
52 57 57 1. 0
96 57 101 1. 0
140 57 145 1. 0
188 57 197 1. 0
272 57 281 1. 0
7 58 14 1. 0
51 58 58 1. 0
95 58 102 1. 0
139 58 146 1. 0
187 58 198 1. 0
271 58 282 1. 0
6 59 15 -1. 0
50 59 59 1. 0
94 59 103 1. 0
138 59 147 -1. 0
186 59 199 -1. 0
270 59 283 -1. 0
10 60 16 1. 0
54 60 60 1. 0
98 60 104 1. 0
142 60 148 1. 0
190 60 200 1. 0
191 60 201 1. 0
192 60 202 -1. 0
274 60 284 1. 0
275 60 285 1. 0
276 60 286 -1. 0
11 61 17 -1. 0
55 61 61 1. 0
99 61 105 1. 0
143 61 149 -1. 0
193 61 203 -1. 0
194 61 204 -1. 0
195 61 205 1. 0
277 61 287 -1. 0
278 61 288 -1. 0
279 61 289 1. 0
8 62 18 1. 0
52 62 62 1. 0
96 62 106 1. 0
140 62 150 1. 0
188 62 206 1. 0
272 62 290 1. 0
9 63 19 1. 0
53 63 63 1. 0
97 63 107 -1. 0
141 63 151 -1. 0
189 63 207 0.4999999999999998 0.8660254037844387
273 63 291 -0.4999999999999998 -0.8660254037844387
6 64 20 1. 0
50 64 64 1. 0
94 64 108 -1. 0
138 64 152 -1. 0
186 64 208 0.4999999999999998 0.8660254037844387
270 64 292 -0.4999999999999998 -0.8660254037844387
7 65 21 1. 0
51 65 65 1. 0
95 65 109 1. 0
139 65 153 1. 0
187 65 209 1. 0
271 65 293 1. 0
11 66 22 1. 0
55 66 66 1. 0
99 66 110 -1. 0
143 66 154 -1. 0
193 66 210 -1. 0
194 66 211 -1. 0
195 66 212 -1. 0
277 66 294 1. 0
278 66 295 1. 0
279 66 296 -1. 0
10 67 23 1. 0
54 67 67 1. 0
98 67 111 1. 0
142 67 155 1. 0
190 67 213 -0.4999999999999998 -0.8660254037844387
191 67 214 -0.4999999999999998 -0.8660254037844387
192 67 215 0.4999999999999998 0.8660254037844387
274 67 297 -0.4999999999999998 -0.8660254037844387
275 67 298 -0.4999999999999998 -0.8660254037844387
276 67 299 -0.4999999999999998 -0.8660254037844387
11 68 24 -1. 0
55 68 68 1. 0
99 68 112 -1. 0
143 68 156 -1. 0
193 68 216 1. 0
194 68 217 -1. 0
195 68 218 1. 0
277 68 300 -1. 0
278 68 301 -1. 0
279 68 302 -1. 0
10 69 25 1. 0
54 69 69 1. 0
98 69 113 1. 0
142 69 157 1. 0
190 69 219 1. 0
191 69 220 1. 0
192 69 221 -0.4999999999999998 0.8660254037844387
274 69 303 1. 0
275 69 304 1. 0
276 69 305 -0.4999999999999998 0.8660254037844387
10 70 26 1. 0
54 70 70 1. 0
98 70 114 1. 0
142 70 158 1. 0
190 70 222 1. 0
191 70 223 1. 0
192 70 224 0.4999999999999998 -0.8660254037844387
274 70 306 1. 0
275 70 307 1. 0
276 70 308 0.4999999999999998 -0.8660254037844387
11 71 27 -1. 0
55 71 71 1. 0
99 71 115 -1. 0
143 71 159 -1. 0
193 71 225 -1. 0
194 71 226 1. 0
195 71 227 -1. 0
277 71 309 -1. 0
278 71 310 -1. 0
279 71 311 1. 0
7 72 28 1. 0
51 72 72 1. 0
95 72 117 1. 0
139 72 161 1. 0
187 72 230 0.5 0
187 72 231 0.5 0
187 72 232 0.7071067811865475 0
271 72 314 0.5 0
271 72 315 0.5 0
271 72 316 0.7071067811865475 0
8 73 29 1. 0
52 73 73 1. 0
96 73 116 1. 0
140 73 160 1. 0
188 73 230 0.5 0
188 73 231 0.5 0
188 73 232 -0.7071067811865475 0
272 73 314 0.5 0
272 73 315 0.5 0
272 73 316 -0.7071067811865475 0
10 74 30 -1. 0
54 74 74 1. 0
98 74 118 -1. 0
142 74 162 1. 0
190 74 228 1. 0
191 74 229 -1. 0
192 74 230 -0.35355339059327356 -0.6123724356957945
192 74 231 0.35355339059327356 0.6123724356957945
274 74 312 -1. 0
275 74 313 1. 0
276 74 314 0.35355339059327356 0.6123724356957945
276 74 315 -0.35355339059327356 -0.6123724356957945
6 75 31 -1. 0
50 75 75 1. 0
94 75 120 -1. 0
138 75 164 -1. 0
186 75 235 0.5 0
186 75 236 -0.5 0
186 75 237 -0.35355339059327356 0.6123724356957945
270 75 319 -0.5 0
270 75 320 -0.5 0
270 75 321 0.35355339059327356 -0.6123724356957945
9 76 32 -1. 0
53 76 76 1. 0
97 76 119 -1. 0
141 76 163 -1. 0
189 76 235 0.5 0
189 76 236 -0.5 0
189 76 237 0.35355339059327356 -0.6123724356957945
273 76 319 -0.5 0
273 76 320 -0.5 0
273 76 321 -0.35355339059327356 0.6123724356957945
11 77 33 -1. 0
55 77 77 1. 0
99 77 121 1. 0
143 77 165 1. 0
193 77 233 -0.4999999999999998 -0.8660254037844387
194 77 234 0.4999999999999998 0.8660254037844387
195 77 235 0.7071067811865475 0
195 77 236 0.7071067811865475 0
277 77 317 0.4999999999999998 0.8660254037844387
278 77 318 -0.4999999999999998 -0.8660254037844387
279 77 319 -0.7071067811865475 0
279 77 320 0.7071067811865475 0
10 78 34 1. 0
54 78 78 1. 0
98 78 122 1. 0
142 78 166 1. 0
190 78 238 -0.4999999999999998 -0.8660254037844387
191 78 239 -0.4999999999999998 -0.8660254037844387
192 78 240 -0.4999999999999998 0.8660254037844387
274 78 322 -0.4999999999999998 -0.8660254037844387
275 78 323 -0.4999999999999998 -0.8660254037844387
276 78 324 0.4999999999999998 -0.8660254037844387
11 79 35 1. 0
55 79 79 1. 0
99 79 123 -1. 0
143 79 167 1. 0
193 79 241 -1. 0
194 79 242 -1. 0
195 79 243 1. 0
277 79 325 -1. 0
278 79 326 1. 0
279 79 327 -1. 0
11 80 36 1. 0
55 80 80 1. 0
99 80 124 -1. 0
143 80 168 1. 0
193 80 244 -1. 0
194 80 245 -1. 0
195 80 246 -1. 0
277 80 328 1. 0
278 80 329 -1. 0
279 80 330 1. 0
10 81 37 1. 0
54 81 81 1. 0
98 81 125 1. 0
142 81 169 1. 0
190 81 247 -0.4999999999999998 -0.8660254037844387
191 81 248 -0.4999999999999998 -0.8660254037844387
192 81 249 0.4999999999999998 -0.8660254037844387
274 81 331 -0.4999999999999998 -0.8660254037844387
275 81 332 -0.4999999999999998 -0.8660254037844387
276 81 333 -0.4999999999999998 0.8660254037844387
6 82 38 1. 0
50 82 82 1. 0
94 82 127 -1. 0
138 82 171 1. 0
186 82 252 0.2499999999999999 0.43301270189221935
186 82 253 0.2499999999999999 0.43301270189221935
186 82 254 0.35355339059327356 -0.6123724356957945
270 82 336 0.2499999999999999 0.43301270189221935
270 82 337 -0.2499999999999999 -0.43301270189221935
270 82 338 0.35355339059327356 -0.6123724356957945
9 83 39 1. 0
53 83 83 1. 0
97 83 126 -1. 0
141 83 170 1. 0
189 83 252 0.2499999999999999 0.43301270189221935
189 83 253 0.2499999999999999 0.43301270189221935
189 83 254 -0.35355339059327356 0.6123724356957945
273 83 336 0.2499999999999999 0.43301270189221935
273 83 337 -0.2499999999999999 -0.43301270189221935
273 83 338 -0.35355339059327356 0.6123724356957945
11 84 40 -1. 0
55 84 84 1. 0
99 84 128 1. 0
143 84 172 1. 0
193 84 250 0.4999999999999998 0.8660254037844387
194 84 251 -0.4999999999999998 -0.8660254037844387
195 84 252 -0.35355339059327356 -0.6123724356957945
195 84 253 0.35355339059327356 0.6123724356957945
277 84 334 -0.4999999999999998 -0.8660254037844387
278 84 335 0.4999999999999998 0.8660254037844387
279 84 336 -0.35355339059327356 -0.6123724356957945
279 84 337 -0.35355339059327356 -0.6123724356957945
7 85 41 1. 0
51 85 85 1. 0
95 85 130 1. 0
139 85 174 1. 0
187 85 257 0.5 0
187 85 258 0.5 0
187 85 259 0.7071067811865475 0
271 85 341 0.5 0
271 85 342 0.5 0
271 85 343 0.7071067811865475 0
8 86 42 1. 0
52 86 86 1. 0
96 86 129 1. 0
140 86 173 1. 0
188 86 257 0.5 0
188 86 258 0.5 0
188 86 259 -0.7071067811865475 0
272 86 341 0.5 0
272 86 342 0.5 0
272 86 343 -0.7071067811865475 0
10 87 43 1. 0
54 87 87 1. 0
98 87 131 -1. 0
142 87 175 -1. 0
190 87 255 1. 0
191 87 256 -1. 0
192 87 257 -0.35355339059327356 -0.6123724356957945
192 87 258 0.35355339059327356 0.6123724356957945
274 87 339 1. 0
275 87 340 -1. 0
276 87 341 0.35355339059327356 0.6123724356957945
276 87 342 -0.35355339059327356 -0.6123724356957945
14 88 0 1. 0
58 88 44 1. 0
102 88 88 1. 0
146 88 132 1. 0
198 88 176 1. 0
282 88 260 1. 0
15 89 1 -1. 0
59 89 45 -1. 0
103 89 89 1. 0
147 89 133 1. 0
199 89 177 0.4999999999999998 0.8660254037844387
283 89 261 -0.4999999999999998 -0.8660254037844387
12 90 2 -1. 0
56 90 46 -1. 0
100 90 90 1. 0
144 90 134 1. 0
196 90 178 0.4999999999999998 0.8660254037844387
280 90 262 -0.4999999999999998 -0.8660254037844387
13 91 3 1. 0
57 91 47 1. 0
101 91 91 1. 0
145 91 135 1. 0
197 91 179 1. 0
281 91 263 1. 0
17 92 4 -1. 0
61 92 48 -1. 0
105 92 92 1. 0
149 92 136 1. 0
203 92 180 -1. 0
204 92 181 -1. 0
205 92 182 -1. 0
287 92 264 1. 0
288 92 265 1. 0
289 92 266 -1. 0
16 93 5 1. 0
60 93 49 1. 0
104 93 93 1. 0
148 93 137 1. 0
200 93 183 -0.4999999999999998 -0.8660254037844387
201 93 184 -0.4999999999999998 -0.8660254037844387
202 93 185 0.4999999999999998 0.8660254037844387
284 93 267 -0.4999999999999998 -0.8660254037844387
285 93 268 -0.4999999999999998 -0.8660254037844387
286 93 269 -0.4999999999999998 -0.8660254037844387
15 94 6 -1. 0
59 94 50 1. 0
103 94 94 1. 0
147 94 138 -1. 0
199 94 186 -1. 0
283 94 270 -1. 0
14 95 7 1. 0
58 95 51 1. 0
102 95 95 1. 0
146 95 139 1. 0
198 95 187 1. 0
282 95 271 1. 0
13 96 8 1. 0
57 96 52 1. 0
101 96 96 1. 0
145 96 140 1. 0
197 96 188 1. 0
281 96 272 1. 0
12 97 9 -1. 0
56 97 53 1. 0
100 97 97 1. 0
144 97 141 -1. 0
196 97 189 -1. 0
280 97 273 -1. 0
16 98 10 1. 0
60 98 54 1. 0
104 98 98 1. 0
148 98 142 1. 0
200 98 190 1. 0
201 98 191 1. 0
202 98 192 -1. 0
284 98 274 1. 0
285 98 275 1. 0
286 98 276 -1. 0
17 99 11 -1. 0
61 99 55 1. 0
105 99 99 1. 0
149 99 143 -1. 0
203 99 193 -1. 0
204 99 194 -1. 0
205 99 195 1. 0
287 99 277 -1. 0
288 99 278 -1. 0
289 99 279 1. 0
12 100 12 1. 0
56 100 56 1. 0
100 100 100 1. 0
144 100 144 1. 0
196 100 196 1. 0
280 100 280 1. 0
13 101 13 1. 0
57 101 57 1. 0
101 101 101 1. 0
145 101 145 1. 0
197 101 197 1. 0
281 101 281 1. 0
14 102 14 1. 0
58 102 58 1. 0
102 102 102 1. 0
146 102 146 1. 0
198 102 198 1. 0
282 102 282 1. 0
15 103 15 1. 0
59 103 59 1. 0
103 103 103 1. 0
147 103 147 1. 0
199 103 199 1. 0
283 103 283 1. 0
16 104 16 1. 0
60 104 60 1. 0
104 104 104 1. 0
148 104 148 1. 0
200 104 200 1. 0
201 104 201 1. 0
202 104 202 1. 0
284 104 284 1. 0
285 104 285 1. 0
286 104 286 1. 0
17 105 17 1. 0
61 105 61 1. 0
105 105 105 1. 0
149 105 149 1. 0
203 105 203 1. 0
204 105 204 1. 0
205 105 205 1. 0
287 105 287 1. 0
288 105 288 1. 0
289 105 289 1. 0
13 106 18 1. 0
57 106 62 1. 0
101 106 106 1. 0
145 106 150 1. 0
197 106 206 1. 0
281 106 290 1. 0
12 107 19 1. 0
56 107 63 -1. 0
100 107 107 1. 0
144 107 151 -1. 0
196 107 207 0.4999999999999998 0.8660254037844387
280 107 291 -0.4999999999999998 -0.8660254037844387
15 108 20 1. 0
59 108 64 -1. 0
103 108 108 1. 0
147 108 152 -1. 0
199 108 208 0.4999999999999998 0.8660254037844387
283 108 292 -0.4999999999999998 -0.8660254037844387
14 109 21 1. 0
58 109 65 1. 0
102 109 109 1. 0
146 109 153 1. 0
198 109 209 1. 0
282 109 293 1. 0
17 110 22 1. 0
61 110 66 -1. 0
105 110 110 1. 0
149 110 154 -1. 0
203 110 210 -1. 0
204 110 211 -1. 0
205 110 212 1. 0
287 110 294 1. 0
288 110 295 1. 0
289 110 296 1. 0
16 111 23 1. 0
60 111 67 1. 0
104 111 111 1. 0
148 111 155 1. 0
200 111 213 -0.4999999999999998 -0.8660254037844387
201 111 214 -0.4999999999999998 -0.8660254037844387
202 111 215 -0.4999999999999998 -0.8660254037844387
284 111 297 -0.4999999999999998 -0.8660254037844387
285 111 298 -0.4999999999999998 -0.8660254037844387
286 111 299 0.4999999999999998 0.8660254037844387
17 112 24 -1. 0
61 112 68 -1. 0
105 112 112 1. 0
149 112 156 -1. 0
203 112 216 1. 0
204 112 217 -1. 0
205 112 218 -1. 0
287 112 300 -1. 0
288 112 301 -1. 0
289 112 302 1. 0
16 113 25 1. 0
60 113 69 1. 0
104 113 113 1. 0
148 113 157 1. 0
200 113 219 1. 0
201 113 220 1. 0
202 113 221 0.4999999999999998 -0.8660254037844387
284 113 303 1. 0
285 113 304 1. 0
286 113 305 0.4999999999999998 -0.8660254037844387
16 114 26 1. 0
60 114 70 1. 0
104 114 114 1. 0
148 114 158 1. 0
200 114 222 1. 0
201 114 223 1. 0
202 114 224 -0.4999999999999998 0.8660254037844387
284 114 306 1. 0
285 114 307 1. 0
286 114 308 -0.4999999999999998 0.8660254037844387
17 115 27 -1. 0
61 115 71 -1. 0
105 115 115 1. 0
149 115 159 -1. 0
203 115 225 -1. 0
204 115 226 1. 0
205 115 227 1. 0
287 115 309 -1. 0
288 115 310 -1. 0
289 115 311 -1. 0
13 116 29 1. 0
57 116 73 1. 0
101 116 116 1. 0
145 116 160 1. 0
197 116 230 0.5 0
197 116 231 0.5 0
197 116 232 -0.7071067811865475 0
281 116 314 0.5 0
281 116 315 0.5 0
281 116 316 -0.7071067811865475 0
14 117 28 1. 0
58 117 72 1. 0
102 117 117 1. 0
146 117 161 1. 0
198 117 230 0.5 0
198 117 231 0.5 0
198 117 232 0.7071067811865475 0
282 117 314 0.5 0
282 117 315 0.5 0
282 117 316 0.7071067811865475 0
16 118 30 1. 0
60 118 74 -1. 0
104 118 118 1. 0
148 118 162 -1. 0
200 118 228 -1. 0
201 118 229 1. 0
202 118 230 -0.35355339059327356 -0.6123724356957945
202 118 231 0.35355339059327356 0.6123724356957945
284 118 312 1. 0
285 118 313 -1. 0
286 118 314 0.35355339059327356 0.6123724356957945
286 118 315 -0.35355339059327356 -0.6123724356957945
12 119 32 -1. 0
56 119 76 -1. 0
100 119 119 1. 0
144 119 163 -1. 0
196 119 235 0.5 0
196 119 236 -0.5 0
196 119 237 0.35355339059327356 -0.6123724356957945
280 119 319 -0.5 0
280 119 320 -0.5 0
280 119 321 -0.35355339059327356 0.6123724356957945
15 120 31 -1. 0
59 120 75 -1. 0
103 120 120 1. 0
147 120 164 -1. 0
199 120 235 0.5 0
199 120 236 -0.5 0
199 120 237 -0.35355339059327356 0.6123724356957945
283 120 319 -0.5 0
283 120 320 -0.5 0
283 120 321 0.35355339059327356 -0.6123724356957945
17 121 33 1. 0
61 121 77 1. 0
105 121 121 1. 0
149 121 165 -1. 0
203 121 233 0.4999999999999998 0.8660254037844387
204 121 234 -0.4999999999999998 -0.8660254037844387
205 121 235 0.7071067811865475 0
205 121 236 0.7071067811865475 0
287 121 317 -0.4999999999999998 -0.8660254037844387
288 121 318 0.4999999999999998 0.8660254037844387
289 121 319 -0.7071067811865475 0
289 121 320 0.7071067811865475 0
16 122 34 1. 0
60 122 78 1. 0
104 122 122 1. 0
148 122 166 1. 0
200 122 238 -0.4999999999999998 -0.8660254037844387
201 122 239 -0.4999999999999998 -0.8660254037844387
202 122 240 0.4999999999999998 -0.8660254037844387
284 122 322 -0.4999999999999998 -0.8660254037844387
285 122 323 -0.4999999999999998 -0.8660254037844387
286 122 324 -0.4999999999999998 0.8660254037844387
17 123 35 1. 0
61 123 79 -1. 0
105 123 123 1. 0
149 123 167 1. 0
203 123 241 -1. 0
204 123 242 -1. 0
205 123 243 -1. 0
287 123 325 -1. 0
288 123 326 1. 0
289 123 327 1. 0
17 124 36 1. 0
61 124 80 -1. 0
105 124 124 1. 0
149 124 168 1. 0
203 124 244 -1. 0
204 124 245 -1. 0
205 124 246 1. 0
287 124 328 1. 0
288 124 329 -1. 0
289 124 330 -1. 0
16 125 37 1. 0
60 125 81 1. 0
104 125 125 1. 0
148 125 169 1. 0
200 125 247 -0.4999999999999998 -0.8660254037844387
201 125 248 -0.4999999999999998 -0.8660254037844387
202 125 249 -0.4999999999999998 0.8660254037844387
284 125 331 -0.4999999999999998 -0.8660254037844387
285 125 332 -0.4999999999999998 -0.8660254037844387
286 125 333 0.4999999999999998 -0.8660254037844387
12 126 39 1. 0
56 126 83 -1. 0
100 126 126 1. 0
144 126 170 1. 0
196 126 252 0.2499999999999999 0.43301270189221935
196 126 253 0.2499999999999999 0.43301270189221935
196 126 254 -0.35355339059327356 0.6123724356957945
280 126 336 0.2499999999999999 0.43301270189221935
280 126 337 -0.2499999999999999 -0.43301270189221935
280 126 338 -0.35355339059327356 0.6123724356957945
15 127 38 1. 0
59 127 82 -1. 0
103 127 127 1. 0
147 127 171 1. 0
199 127 252 0.2499999999999999 0.43301270189221935
199 127 253 0.2499999999999999 0.43301270189221935
199 127 254 0.35355339059327356 -0.6123724356957945
283 127 336 0.2499999999999999 0.43301270189221935
283 127 337 -0.2499999999999999 -0.43301270189221935
283 127 338 0.35355339059327356 -0.6123724356957945
17 128 40 1. 0
61 128 84 1. 0
105 128 128 1. 0
149 128 172 -1. 0
203 128 250 -0.4999999999999998 -0.8660254037844387
204 128 251 0.4999999999999998 0.8660254037844387
205 128 252 -0.35355339059327356 -0.6123724356957945
205 128 253 0.35355339059327356 0.6123724356957945
287 128 334 0.4999999999999998 0.8660254037844387
288 128 335 -0.4999999999999998 -0.8660254037844387
289 128 336 -0.35355339059327356 -0.6123724356957945
289 128 337 -0.35355339059327356 -0.6123724356957945
13 129 42 1. 0
57 129 86 1. 0
101 129 129 1. 0
145 129 173 1. 0
197 129 257 0.5 0
197 129 258 0.5 0
197 129 259 -0.7071067811865475 0
281 129 341 0.5 0
281 129 342 0.5 0
281 129 343 -0.7071067811865475 0
14 130 41 1. 0
58 130 85 1. 0
102 130 130 1. 0
146 130 174 1. 0
198 130 257 0.5 0
198 130 258 0.5 0
198 130 259 0.7071067811865475 0
282 130 341 0.5 0
282 130 342 0.5 0
282 130 343 0.7071067811865475 0
16 131 43 -1. 0
60 131 87 -1. 0
104 131 131 1. 0
148 131 175 1. 0
200 131 255 -1. 0
201 131 256 1. 0
202 131 257 -0.35355339059327356 -0.6123724356957945
202 131 258 0.35355339059327356 0.6123724356957945
284 131 339 -1. 0
285 131 340 1. 0
286 131 341 0.35355339059327356 0.6123724356957945
286 131 342 -0.35355339059327356 -0.6123724356957945
21 132 0 1. 0
65 132 44 1. 0
109 132 88 1. 0
153 132 132 1. 0
209 132 176 1. 0
293 132 260 1. 0
20 133 1 1. 0
64 133 45 -1. 0
108 133 89 -1. 0
152 133 133 1. 0
208 133 177 -1. 0
292 133 261 -1. 0
19 134 2 1. 0
63 134 46 -1. 0
107 134 90 -1. 0
151 134 134 1. 0
207 134 178 -1. 0
291 134 262 -1. 0
18 135 3 1. 0
62 135 47 1. 0
106 135 91 1. 0
150 135 135 1. 0
206 135 179 1. 0
290 135 263 1. 0
22 136 4 1. 0
66 136 48 -1. 0
110 136 92 -1. 0
154 136 136 1. 0
210 136 180 -1. 0
211 136 181 -1. 0
212 136 182 1. 0
294 136 264 -1. 0
295 136 265 -1. 0
296 136 266 1. 0
23 137 5 1. 0
67 137 49 1. 0
111 137 93 1. 0
155 137 137 1. 0
213 137 183 1. 0
214 137 184 1. 0
215 137 185 -1. 0
297 137 267 1. 0
298 137 268 1. 0
299 137 269 -1. 0
20 138 6 -1. 0
64 138 50 -1. 0
108 138 94 1. 0
152 138 138 1. 0
208 138 186 -0.4999999999999998 0.8660254037844387
292 138 270 0.4999999999999998 -0.8660254037844387
21 139 7 1. 0
65 139 51 1. 0
109 139 95 1. 0
153 139 139 1. 0
209 139 187 1. 0
293 139 271 1. 0
18 140 8 1. 0
62 140 52 1. 0
106 140 96 1. 0
150 140 140 1. 0
206 140 188 1. 0
290 140 272 1. 0
19 141 9 -1. 0
63 141 53 -1. 0
107 141 97 1. 0
151 141 141 1. 0
207 141 189 -0.4999999999999998 0.8660254037844387
291 141 273 0.4999999999999998 -0.8660254037844387
23 142 10 1. 0
67 142 54 1. 0
111 142 98 1. 0
155 142 142 1. 0
213 142 190 -0.4999999999999998 0.8660254037844387
214 142 191 -0.4999999999999998 0.8660254037844387
215 142 192 0.4999999999999998 -0.8660254037844387
297 142 274 -0.4999999999999998 0.8660254037844387
298 142 275 -0.4999999999999998 0.8660254037844387
299 142 276 -0.4999999999999998 0.8660254037844387
22 143 11 -1. 0
66 143 55 -1. 0
110 143 99 1. 0
154 143 143 1. 0
210 143 193 1. 0
211 143 194 1. 0
212 143 195 1. 0
294 143 277 -1. 0
295 143 278 -1. 0
296 143 279 1. 0
19 144 12 -1. 0
63 144 56 1. 0
107 144 100 -1. 0
151 144 144 1. 0
207 144 196 -0.4999999999999998 0.8660254037844387
291 144 280 0.4999999999999998 -0.8660254037844387
18 145 13 1. 0
62 145 57 1. 0
106 145 101 1. 0
150 145 145 1. 0
206 145 197 1. 0
290 145 281 1. 0
21 146 14 1. 0
65 146 58 1. 0
109 146 102 1. 0
153 146 146 1. 0
209 146 198 1. 0
293 146 282 1. 0
20 147 15 -1. 0
64 147 59 1. 0
108 147 103 -1. 0
152 147 147 1. 0
208 147 199 -0.4999999999999998 0.8660254037844387
292 147 283 0.4999999999999998 -0.8660254037844387
23 148 16 1. 0
67 148 60 1. 0
111 148 104 1. 0
155 148 148 1. 0
213 148 200 -0.4999999999999998 0.8660254037844387
214 148 201 -0.4999999999999998 0.8660254037844387
215 148 202 -0.4999999999999998 0.8660254037844387
297 148 284 -0.4999999999999998 0.8660254037844387
298 148 285 -0.4999999999999998 0.8660254037844387
299 148 286 0.4999999999999998 -0.8660254037844387
22 149 17 -1. 0
66 149 61 1. 0
110 149 105 -1. 0
154 149 149 1. 0
210 149 203 1. 0
211 149 204 1. 0
212 149 205 -1. 0
294 149 287 -1. 0
295 149 288 -1. 0
296 149 289 -1. 0
18 150 18 1. 0
62 150 62 1. 0
106 150 106 1. 0
150 150 150 1. 0
206 150 206 1. 0
290 150 290 1. 0
19 151 19 1. 0
63 151 63 1. 0
107 151 107 1. 0
151 151 151 1. 0
207 151 207 1. 0
291 151 291 1. 0
20 152 20 1. 0
64 152 64 1. 0
108 152 108 1. 0
152 152 152 1. 0
208 152 208 1. 0
292 152 292 1. 0
21 153 21 1. 0
65 153 65 1. 0
109 153 109 1. 0
153 153 153 1. 0
209 153 209 1. 0
293 153 293 1. 0
22 154 22 1. 0
66 154 66 1. 0
110 154 110 1. 0
154 154 154 1. 0
210 154 210 1. 0
211 154 211 1. 0
212 154 212 1. 0
294 154 294 1. 0
295 154 295 1. 0
296 154 296 1. 0
23 155 23 1. 0
67 155 67 1. 0
111 155 111 1. 0
155 155 155 1. 0
213 155 213 1. 0
214 155 214 1. 0
215 155 215 1. 0
297 155 297 1. 0
298 155 298 1. 0
299 155 299 1. 0
22 156 24 -1. 0
66 156 68 1. 0
110 156 112 1. 0
154 156 156 1. 0
210 156 216 -1. 0
211 156 217 1. 0
212 156 218 -1. 0
294 156 300 -1. 0
295 156 301 -1. 0
296 156 302 1. 0
23 157 25 1. 0
67 157 69 1. 0
111 157 113 1. 0
155 157 157 1. 0
213 157 219 -0.4999999999999998 0.8660254037844387
214 157 220 -0.4999999999999998 0.8660254037844387
215 157 221 0.4999999999999998 0.8660254037844387
297 157 303 -0.4999999999999998 0.8660254037844387
298 157 304 -0.4999999999999998 0.8660254037844387
299 157 305 -0.4999999999999998 -0.8660254037844387
23 158 26 1. 0
67 158 70 1. 0
111 158 114 1. 0
155 158 158 1. 0
213 158 222 -0.4999999999999998 0.8660254037844387
214 158 223 -0.4999999999999998 0.8660254037844387
215 158 224 -0.4999999999999998 -0.8660254037844387
297 158 306 -0.4999999999999998 0.8660254037844387
298 158 307 -0.4999999999999998 0.8660254037844387
299 158 308 0.4999999999999998 0.8660254037844387
22 159 27 -1. 0
66 159 71 1. 0
110 159 115 1. 0
154 159 159 1. 0
210 159 225 1. 0
211 159 226 -1. 0
212 159 227 1. 0
294 159 309 -1. 0
295 159 310 -1. 0
296 159 311 -1. 0
18 160 29 1. 0
62 160 73 1. 0
106 160 116 1. 0
150 160 160 1. 0
206 160 230 0.5 0
206 160 231 0.5 0
206 160 232 -0.7071067811865475 0
290 160 314 0.5 0
290 160 315 0.5 0
290 160 316 -0.7071067811865475 0
21 161 28 1. 0
65 161 72 1. 0
109 161 117 1. 0
153 161 161 1. 0
209 161 230 0.5 0
209 161 231 0.5 0
209 161 232 0.7071067811865475 0
293 161 314 0.5 0
293 161 315 0.5 0
293 161 316 0.7071067811865475 0
23 162 30 -1. 0
67 162 74 1. 0
111 162 118 -1. 0
155 162 162 1. 0
213 162 228 -0.4999999999999998 0.8660254037844387
214 162 229 0.4999999999999998 -0.8660254037844387
215 162 230 -0.7071067811865475 0
215 162 231 0.7071067811865475 0
297 162 312 0.4999999999999998 -0.8660254037844387
298 162 313 -0.4999999999999998 0.8660254037844387
299 162 314 -0.7071067811865475 0
299 162 315 0.7071067811865475 0
19 163 32 -1. 0
63 163 76 1. 0
107 163 119 1. 0
151 163 163 1. 0
207 163 235 0.2499999999999999 -0.43301270189221935
207 163 236 -0.2499999999999999 0.43301270189221935
207 163 237 -0.35355339059327356 -0.6123724356957945
291 163 319 0.2499999999999999 -0.43301270189221935
291 163 320 0.2499999999999999 -0.43301270189221935
291 163 321 -0.35355339059327356 -0.6123724356957945
20 164 31 -1. 0
64 164 75 1. 0
108 164 120 1. 0
152 164 164 1. 0
208 164 235 0.2499999999999999 -0.43301270189221935
208 164 236 -0.2499999999999999 0.43301270189221935
208 164 237 0.35355339059327356 0.6123724356957945
292 164 319 0.2499999999999999 -0.43301270189221935
292 164 320 0.2499999999999999 -0.43301270189221935
292 164 321 0.35355339059327356 0.6123724356957945
22 165 33 1. 0
66 165 77 -1. 0
110 165 121 1. 0
154 165 165 1. 0
210 165 233 -0.4999999999999998 -0.8660254037844387
211 165 234 0.4999999999999998 0.8660254037844387
212 165 235 0.7071067811865475 0
212 165 236 0.7071067811865475 0
294 165 317 -0.4999999999999998 -0.8660254037844387
295 165 318 0.4999999999999998 0.8660254037844387
296 165 319 -0.7071067811865475 0
296 165 320 0.7071067811865475 0
23 166 34 1. 0
67 166 78 1. 0
111 166 122 1. 0
155 166 166 1. 0
213 166 238 1. 0
214 166 239 1. 0
215 166 240 0.4999999999999998 0.8660254037844387
297 166 322 1. 0
298 166 323 1. 0
299 166 324 0.4999999999999998 0.8660254037844387
22 167 35 -1. 0
66 167 79 -1. 0
110 167 123 -1. 0
154 167 167 1. 0
210 167 241 -1. 0
211 167 242 -1. 0
212 167 243 1. 0
294 167 325 1. 0
295 167 326 -1. 0
296 167 327 -1. 0
22 168 36 -1. 0
66 168 80 -1. 0
110 168 124 -1. 0
154 168 168 1. 0
210 168 244 -1. 0
211 168 245 -1. 0
212 168 246 -1. 0
294 168 328 -1. 0
295 168 329 1. 0
296 168 330 1. 0
23 169 37 1. 0
67 169 81 1. 0
111 169 125 1. 0
155 169 169 1. 0
213 169 247 1. 0
214 169 248 1. 0
215 169 249 -0.4999999999999998 -0.8660254037844387
297 169 331 1. 0
298 169 332 1. 0
299 169 333 -0.4999999999999998 -0.8660254037844387
19 170 39 -1. 0
63 170 83 -1. 0
107 170 126 -1. 0
151 170 170 1. 0
207 170 252 -0.5 0
207 170 253 -0.5 0
207 170 254 -0.35355339059327356 -0.6123724356957945
291 170 336 0.5 0
291 170 337 -0.5 0
291 170 338 0.35355339059327356 0.6123724356957945
20 171 38 -1. 0
64 171 82 -1. 0
108 171 127 -1. 0
152 171 171 1. 0
208 171 252 -0.5 0
208 171 253 -0.5 0
208 171 254 0.35355339059327356 0.6123724356957945
292 171 336 0.5 0
292 171 337 -0.5 0
292 171 338 -0.35355339059327356 -0.6123724356957945
22 172 40 1. 0
66 172 84 -1. 0
110 172 128 1. 0
154 172 172 1. 0
210 172 250 0.4999999999999998 0.8660254037844387
211 172 251 -0.4999999999999998 -0.8660254037844387
212 172 252 -0.35355339059327356 -0.6123724356957945
212 172 253 0.35355339059327356 0.6123724356957945
294 172 334 0.4999999999999998 0.8660254037844387
295 172 335 -0.4999999999999998 -0.8660254037844387
296 172 336 -0.35355339059327356 -0.6123724356957945
296 172 337 -0.35355339059327356 -0.6123724356957945
18 173 42 1. 0
62 173 86 1. 0
106 173 129 1. 0
150 173 173 1. 0
206 173 257 0.5 0
206 173 258 0.5 0
206 173 259 -0.7071067811865475 0
290 173 341 0.5 0
290 173 342 0.5 0
290 173 343 -0.7071067811865475 0
21 174 41 1. 0
65 174 85 1. 0
109 174 130 1. 0
153 174 174 1. 0
209 174 257 0.5 0
209 174 258 0.5 0
209 174 259 0.7071067811865475 0
293 174 341 0.5 0
293 174 342 0.5 0
293 174 343 0.7071067811865475 0
23 175 43 -1. 0
67 175 87 -1. 0
111 175 131 1. 0
155 175 175 1. 0
213 175 255 0.4999999999999998 -0.8660254037844387
214 175 256 -0.4999999999999998 0.8660254037844387
215 175 257 0.7071067811865475 0
215 175 258 -0.7071067811865475 0
297 175 339 0.4999999999999998 -0.8660254037844387
298 175 340 -0.4999999999999998 0.8660254037844387
299 175 341 0.7071067811865475 0
299 175 342 -0.7071067811865475 0
28 176 0 2. 0
72 176 44 2. 0
117 176 88 2. 0
161 176 132 2. 0
230 176 176 1. 0
231 176 176 1. 0
232 176 176 1.4142135623730951 0
314 176 260 1. 0
315 176 260 1. 0
316 176 260 1.4142135623730951 0
31 177 1 0.9999999999999996 -1.7320508075688774
75 177 45 0.9999999999999996 -1.7320508075688774
120 177 89 0.9999999999999996 -1.7320508075688774
164 177 133 -0.9999999999999996 1.7320508075688774
235 177 177 1. 0
236 177 177 -1. 0
237 177 177 -0.7071067811865472 -1.2247448713915892
319 177 261 1. 0
320 177 261 1. 0
321 177 261 -0.7071067811865472 -1.2247448713915892
32 178 2 0.9999999999999996 -1.7320508075688774
76 178 46 0.9999999999999996 -1.7320508075688774
119 178 90 0.9999999999999996 -1.7320508075688774
163 178 134 -0.9999999999999996 1.7320508075688774
235 178 178 1. 0
236 178 178 -1. 0
237 178 178 0.7071067811865472 1.2247448713915892
319 178 262 1. 0
320 178 262 1. 0
321 178 262 0.7071067811865472 1.2247448713915892
29 179 3 2. 0
73 179 47 2. 0
116 179 91 2. 0
160 179 135 2. 0
230 179 179 1. 0
231 179 179 1. 0
232 179 179 -1.4142135623730951 0
314 179 263 1. 0
315 179 263 1. 0
316 179 263 -1.4142135623730951 0
24 180 4 -1. 0
68 180 48 -1. 0
112 180 92 -1. 0
156 180 136 1. 0
216 180 180 1. 0
217 180 181 -1. 0
218 180 182 -1. 0
300 180 264 1. 0
301 180 265 1. 0
302 180 266 1. 0
27 181 4 -1. 0
71 181 48 -1. 0
115 181 92 -1. 0
159 181 136 1. 0
225 181 180 -1. 0
226 181 181 1. 0
227 181 182 1. 0
309 181 264 1. 0
310 181 265 1. 0
311 181 266 -1. 0
33 182 4 1.4142135623730951 0
77 182 48 1.4142135623730951 0
121 182 92 -1.4142135623730951 0
165 182 136 1.4142135623730951 0
233 182 180 0.7071067811865472 -1.2247448713915892
234 182 181 -0.7071067811865472 1.2247448713915892
235 182 182 1. 0
236 182 182 1. 0
317 182 264 0.7071067811865472 -1.2247448713915892
318 182 265 -0.7071067811865472 1.2247448713915892
319 182 266 -1. 0
320 182 266 1. 0
25 183 5 -0.4999999999999998 0.8660254037844387
69 183 49 -0.4999999999999998 0.8660254037844387
113 183 93 -0.4999999999999998 0.8660254037844387
157 183 137 -0.4999999999999998 0.8660254037844387
219 183 183 1. 0
220 183 184 1. 0
221 183 185 -0.4999999999999998 -0.8660254037844387
303 183 267 1. 0
304 183 268 1. 0
305 183 269 0.4999999999999998 0.8660254037844387
26 184 5 -0.4999999999999998 0.8660254037844387
70 184 49 -0.4999999999999998 0.8660254037844387
114 184 93 -0.4999999999999998 0.8660254037844387
158 184 137 -0.4999999999999998 0.8660254037844387
222 184 183 1. 0
223 184 184 1. 0
224 184 185 0.4999999999999998 0.8660254037844387
306 184 267 1. 0
307 184 268 1. 0
308 184 269 -0.4999999999999998 -0.8660254037844387
30 185 5 -1.4142135623730951 0
74 185 49 1.4142135623730951 0
118 185 93 -1.4142135623730951 0
162 185 137 1.4142135623730951 0
228 185 183 -0.7071067811865472 -1.2247448713915892
229 185 184 0.7071067811865472 1.2247448713915892
230 185 185 1. 0
231 185 185 -1. 0
312 185 267 0.7071067811865472 1.2247448713915892
313 185 268 -0.7071067811865472 -1.2247448713915892
314 185 269 1. 0
315 185 269 -1. 0
31 186 6 -2. 0
75 186 50 2. 0
120 186 94 -2. 0
164 186 138 -2. 0
235 186 186 1. 0
236 186 186 -1. 0
237 186 186 -0.7071067811865472 -1.2247448713915892
319 186 270 -1. 0
320 186 270 -1. 0
321 186 270 0.7071067811865472 1.2247448713915892
28 187 7 2. 0
72 187 51 2. 0
117 187 95 2. 0
161 187 139 2. 0
230 187 187 1. 0
231 187 187 1. 0
232 187 187 1.4142135623730951 0
314 187 271 1. 0
315 187 271 1. 0
316 187 271 1.4142135623730951 0
29 188 8 2. 0
73 188 52 2. 0
116 188 96 2. 0
160 188 140 2. 0
230 188 188 1. 0
231 188 188 1. 0
232 188 188 -1.4142135623730951 0
314 188 272 1. 0
315 188 272 1. 0
316 188 272 -1.4142135623730951 0
32 189 9 -2. 0
76 189 53 2. 0
119 189 97 -2. 0
163 189 141 -2. 0
235 189 189 1. 0
236 189 189 -1. 0
237 189 189 0.7071067811865472 1.2247448713915892
319 189 273 -1. 0
320 189 273 -1. 0
321 189 273 -0.7071067811865472 -1.2247448713915892
25 190 10 1. 0
69 190 54 1. 0
113 190 98 1. 0
157 190 142 1. 0
219 190 190 1. 0
220 190 191 1. 0
221 190 192 -0.4999999999999998 -0.8660254037844387
303 190 274 1. 0
304 190 275 1. 0
305 190 276 -0.4999999999999998 -0.8660254037844387
26 191 10 1. 0
70 191 54 1. 0
114 191 98 1. 0
158 191 142 1. 0
222 191 190 1. 0
223 191 191 1. 0
224 191 192 0.4999999999999998 0.8660254037844387
306 191 274 1. 0
307 191 275 1. 0
308 191 276 0.4999999999999998 0.8660254037844387
30 192 10 0.7071067811865472 1.2247448713915892
74 192 54 -0.7071067811865472 -1.2247448713915892
118 192 98 0.7071067811865472 1.2247448713915892
162 192 142 -0.7071067811865472 -1.2247448713915892
228 192 190 -0.7071067811865472 -1.2247448713915892
229 192 191 0.7071067811865472 1.2247448713915892
230 192 192 1. 0
231 192 192 -1. 0
312 192 274 0.7071067811865472 1.2247448713915892
313 192 275 -0.7071067811865472 -1.2247448713915892
314 192 276 -1. 0
315 192 276 1. 0
24 193 11 -1. 0
68 193 55 1. 0
112 193 99 -1. 0
156 193 143 -1. 0
216 193 193 1. 0
217 193 194 -1. 0
218 193 195 1. 0
300 193 277 -1. 0
301 193 278 -1. 0
302 193 279 -1. 0
27 194 11 -1. 0
71 194 55 1. 0
115 194 99 -1. 0
159 194 143 -1. 0
225 194 193 -1. 0
226 194 194 1. 0
227 194 195 -1. 0
309 194 277 -1. 0
310 194 278 -1. 0
311 194 279 1. 0
33 195 11 -1.4142135623730951 0
77 195 55 1.4142135623730951 0
121 195 99 1.4142135623730951 0
165 195 143 1.4142135623730951 0
233 195 193 -0.7071067811865472 1.2247448713915892
234 195 194 0.7071067811865472 -1.2247448713915892
235 195 195 1. 0
236 195 195 1. 0
317 195 277 0.7071067811865472 -1.2247448713915892
318 195 278 -0.7071067811865472 1.2247448713915892
319 195 279 -1. 0
320 195 279 1. 0
32 196 12 -2. 0
76 196 56 -2. 0
119 196 100 2. 0
163 196 144 -2. 0
235 196 196 1. 0
236 196 196 -1. 0
237 196 196 0.7071067811865472 1.2247448713915892
319 196 280 -1. 0
320 196 280 -1. 0
321 196 280 -0.7071067811865472 -1.2247448713915892
29 197 13 2. 0
73 197 57 2. 0
116 197 101 2. 0
160 197 145 2. 0
230 197 197 1. 0
231 197 197 1. 0
232 197 197 -1.4142135623730951 0
314 197 281 1. 0
315 197 281 1. 0
316 197 281 -1.4142135623730951 0
28 198 14 2. 0
72 198 58 2. 0
117 198 102 2. 0
161 198 146 2. 0
230 198 198 1. 0
231 198 198 1. 0
232 198 198 1.4142135623730951 0
314 198 282 1. 0
315 198 282 1. 0
316 198 282 1.4142135623730951 0
31 199 15 -2. 0
75 199 59 -2. 0
120 199 103 2. 0
164 199 147 -2. 0
235 199 199 1. 0
236 199 199 -1. 0
237 199 199 -0.7071067811865472 -1.2247448713915892
319 199 283 -1. 0
320 199 283 -1. 0
321 199 283 0.7071067811865472 1.2247448713915892
25 200 16 1. 0
69 200 60 1. 0
113 200 104 1. 0
157 200 148 1. 0
219 200 200 1. 0
220 200 201 1. 0
221 200 202 0.4999999999999998 0.8660254037844387
303 200 284 1. 0
304 200 285 1. 0
305 200 286 0.4999999999999998 0.8660254037844387
26 201 16 1. 0
70 201 60 1. 0
114 201 104 1. 0
158 201 148 1. 0
222 201 200 1. 0
223 201 201 1. 0
224 201 202 -0.4999999999999998 -0.8660254037844387
306 201 284 1. 0
307 201 285 1. 0
308 201 286 -0.4999999999999998 -0.8660254037844387
30 202 16 -0.7071067811865472 -1.2247448713915892
74 202 60 0.7071067811865472 1.2247448713915892
118 202 104 -0.7071067811865472 -1.2247448713915892
162 202 148 0.7071067811865472 1.2247448713915892
228 202 200 0.7071067811865472 1.2247448713915892
229 202 201 -0.7071067811865472 -1.2247448713915892
230 202 202 1. 0
231 202 202 -1. 0
312 202 284 -0.7071067811865472 -1.2247448713915892
313 202 285 0.7071067811865472 1.2247448713915892
314 202 286 -1. 0
315 202 286 1. 0
24 203 17 -1. 0
68 203 61 -1. 0
112 203 105 1. 0
156 203 149 -1. 0
216 203 203 1. 0
217 203 204 -1. 0
218 203 205 -1. 0
300 203 287 -1. 0
301 203 288 -1. 0
302 203 289 1. 0
27 204 17 -1. 0
71 204 61 -1. 0
115 204 105 1. 0
159 204 149 -1. 0
225 204 203 -1. 0
226 204 204 1. 0
227 204 205 1. 0
309 204 287 -1. 0
310 204 288 -1. 0
311 204 289 -1. 0
33 205 17 1.4142135623730951 0
77 205 61 1.4142135623730951 0
121 205 105 1.4142135623730951 0
165 205 149 -1.4142135623730951 0
233 205 203 0.7071067811865472 -1.2247448713915892
234 205 204 -0.7071067811865472 1.2247448713915892
235 205 205 1. 0
236 205 205 1. 0
317 205 287 -0.7071067811865472 1.2247448713915892
318 205 288 0.7071067811865472 -1.2247448713915892
319 205 289 -1. 0
320 205 289 1. 0
29 206 18 2. 0
73 206 62 2. 0
116 206 106 2. 0
160 206 150 2. 0
230 206 206 1. 0
231 206 206 1. 0
232 206 206 -1.4142135623730951 0
314 206 290 1. 0
315 206 290 1. 0
316 206 290 -1.4142135623730951 0
32 207 19 -0.9999999999999996 1.7320508075688774
76 207 63 0.9999999999999996 -1.7320508075688774
119 207 107 0.9999999999999996 -1.7320508075688774
163 207 151 0.9999999999999996 -1.7320508075688774
235 207 207 1. 0
236 207 207 -1. 0
237 207 207 0.7071067811865472 1.2247448713915892
319 207 291 1. 0
320 207 291 1. 0
321 207 291 0.7071067811865472 1.2247448713915892
31 208 20 -0.9999999999999996 1.7320508075688774
75 208 64 0.9999999999999996 -1.7320508075688774
120 208 108 0.9999999999999996 -1.7320508075688774
164 208 152 0.9999999999999996 -1.7320508075688774
235 208 208 1. 0
236 208 208 -1. 0
237 208 208 -0.7071067811865472 -1.2247448713915892
319 208 292 1. 0
320 208 292 1. 0
321 208 292 -0.7071067811865472 -1.2247448713915892
28 209 21 2. 0
72 209 65 2. 0
117 209 109 2. 0
161 209 153 2. 0
230 209 209 1. 0
231 209 209 1. 0
232 209 209 1.4142135623730951 0
314 209 293 1. 0
315 209 293 1. 0
316 209 293 1.4142135623730951 0
24 210 22 1. 0
68 210 66 -1. 0
112 210 110 -1. 0
156 210 154 -1. 0
216 210 210 1. 0
217 210 211 -1. 0
218 210 212 1. 0
300 210 294 1. 0
301 210 295 1. 0
302 210 296 -1. 0
27 211 22 1. 0
71 211 66 -1. 0
115 211 110 -1. 0
159 211 154 -1. 0
225 211 210 -1. 0
226 211 211 1. 0
227 211 212 -1. 0
309 211 294 1. 0
310 211 295 1. 0
311 211 296 1. 0
33 212 22 1.4142135623730951 0
77 212 66 -1.4142135623730951 0
121 212 110 1.4142135623730951 0
165 212 154 1.4142135623730951 0
233 212 210 -0.7071067811865472 1.2247448713915892
234 212 211 0.7071067811865472 -1.2247448713915892
235 212 212 1. 0
236 212 212 1. 0
317 212 294 -0.7071067811865472 1.2247448713915892
318 212 295 0.7071067811865472 -1.2247448713915892
319 212 296 -1. 0
320 212 296 1. 0
25 213 23 -0.4999999999999998 0.8660254037844387
69 213 67 -0.4999999999999998 0.8660254037844387
113 213 111 -0.4999999999999998 0.8660254037844387
157 213 155 -0.4999999999999998 0.8660254037844387
219 213 213 1. 0
220 213 214 1. 0
221 213 215 0.4999999999999998 0.8660254037844387
303 213 297 1. 0
304 213 298 1. 0
305 213 299 -0.4999999999999998 -0.8660254037844387
26 214 23 -0.4999999999999998 0.8660254037844387
70 214 67 -0.4999999999999998 0.8660254037844387
114 214 111 -0.4999999999999998 0.8660254037844387
158 214 155 -0.4999999999999998 0.8660254037844387
222 214 213 1. 0
223 214 214 1. 0
224 214 215 -0.4999999999999998 -0.8660254037844387
306 214 297 1. 0
307 214 298 1. 0
308 214 299 0.4999999999999998 0.8660254037844387
30 215 23 1.4142135623730951 0
74 215 67 -1.4142135623730951 0
118 215 111 1.4142135623730951 0
162 215 155 -1.4142135623730951 0
228 215 213 0.7071067811865472 1.2247448713915892
229 215 214 -0.7071067811865472 -1.2247448713915892
230 215 215 1. 0
231 215 215 -1. 0
312 215 297 -0.7071067811865472 -1.2247448713915892
313 215 298 0.7071067811865472 1.2247448713915892
314 215 299 1. 0
315 215 299 -1. 0
24 216 24 1. 0
68 216 68 1. 0
112 216 112 1. 0
156 216 156 1. 0
216 216 216 1. 0
217 216 217 1. 0
218 216 218 1. 0
300 216 300 1. 0
301 216 301 1. 0
302 216 302 1. 0
27 217 24 -1. 0
71 217 68 -1. 0
115 217 112 -1. 0
159 217 156 -1. 0
225 217 216 1. 0
226 217 217 1. 0
227 217 218 1. 0
309 217 300 -1. 0
310 217 301 -1. 0
311 217 302 1. 0
33 218 24 1.4142135623730951 0
77 218 68 1.4142135623730951 0
121 218 112 -1.4142135623730951 0
165 218 156 -1.4142135623730951 0
233 218 216 -0.7071067811865472 1.2247448713915892
234 218 217 -0.7071067811865472 1.2247448713915892
235 218 218 1. 0
236 218 218 1. 0
317 218 300 -0.7071067811865472 1.2247448713915892
318 218 301 0.7071067811865472 -1.2247448713915892
319 218 302 1. 0
320 218 302 -1. 0
25 219 25 1. 0
69 219 69 1. 0
113 219 113 1. 0
157 219 157 1. 0
219 219 219 1. 0
220 219 220 1. 0
221 219 221 1. 0
303 219 303 1. 0
304 219 304 1. 0
305 219 305 1. 0
26 220 25 1. 0
70 220 69 1. 0
114 220 113 1. 0
158 220 157 1. 0
222 220 219 1. 0
223 220 220 1. 0
224 220 221 -1. 0
306 220 303 1. 0
307 220 304 1. 0
308 220 305 -1. 0
30 221 25 0.7071067811865472 -1.2247448713915892
74 221 69 -0.7071067811865472 1.2247448713915892
118 221 113 0.7071067811865472 -1.2247448713915892
162 221 157 -0.7071067811865472 1.2247448713915892
228 221 219 -0.7071067811865472 1.2247448713915892
229 221 220 0.7071067811865472 -1.2247448713915892
230 221 221 1. 0
231 221 221 -1. 0
312 221 303 0.7071067811865472 -1.2247448713915892
313 221 304 -0.7071067811865472 1.2247448713915892
314 221 305 -1. 0
315 221 305 1. 0
25 222 26 1. 0
69 222 70 1. 0
113 222 114 1. 0
157 222 158 1. 0
219 222 222 1. 0
220 222 223 1. 0
221 222 224 -1. 0
303 222 306 1. 0
304 222 307 1. 0
305 222 308 -1. 0
26 223 26 1. 0
70 223 70 1. 0
114 223 114 1. 0
158 223 158 1. 0
222 223 222 1. 0
223 223 223 1. 0
224 223 224 1. 0
306 223 306 1. 0
307 223 307 1. 0
308 223 308 1. 0
30 224 26 -0.7071067811865472 1.2247448713915892
74 224 70 0.7071067811865472 -1.2247448713915892
118 224 114 -0.7071067811865472 1.2247448713915892
162 224 158 0.7071067811865472 -1.2247448713915892
228 224 222 0.7071067811865472 -1.2247448713915892
229 224 223 -0.7071067811865472 1.2247448713915892
230 224 224 1. 0
231 224 224 -1. 0
312 224 306 -0.7071067811865472 1.2247448713915892
313 224 307 0.7071067811865472 -1.2247448713915892
314 224 308 -1. 0
315 224 308 1. 0
24 225 27 -1. 0
68 225 71 -1. 0
112 225 115 -1. 0
156 225 159 -1. 0
216 225 225 1. 0
217 225 226 1. 0
218 225 227 1. 0
300 225 309 -1. 0
301 225 310 -1. 0
302 225 311 1. 0
27 226 27 1. 0
71 226 71 1. 0
115 226 115 1. 0
159 226 159 1. 0
225 226 225 1. 0
226 226 226 1. 0
227 226 227 1. 0
309 226 309 1. 0
310 226 310 1. 0
311 226 311 1. 0
33 227 27 -1.4142135623730951 0
77 227 71 -1.4142135623730951 0
121 227 115 1.4142135623730951 0
165 227 159 1.4142135623730951 0
233 227 225 -0.7071067811865472 1.2247448713915892
234 227 226 -0.7071067811865472 1.2247448713915892
235 227 227 1. 0
236 227 227 1. 0
317 227 309 0.7071067811865472 -1.2247448713915892
318 227 310 -0.7071067811865472 1.2247448713915892
319 227 311 1. 0
320 227 311 -1. 0
25 228 30 -1. 0
69 228 74 1. 0
113 228 118 -1. 0
157 228 162 1. 0
219 228 228 1. 0
220 228 229 -1. 0
221 228 230 -0.35355339059327356 0.6123724356957945
221 228 231 0.35355339059327356 -0.6123724356957945
303 228 312 -1. 0
304 228 313 1. 0
305 228 314 0.35355339059327356 -0.6123724356957945
305 228 315 -0.35355339059327356 0.6123724356957945
26 229 30 1. 0
70 229 74 -1. 0
114 229 118 1. 0
158 229 162 -1. 0
222 229 228 -1. 0
223 229 229 1. 0
224 229 230 -0.35355339059327356 0.6123724356957945
224 229 231 0.35355339059327356 -0.6123724356957945
306 229 312 1. 0
307 229 313 -1. 0
308 229 314 0.35355339059327356 -0.6123724356957945
308 229 315 -0.35355339059327356 0.6123724356957945
28 230 28 1. 0
28 231 28 1. 0
28 232 28 1.4142135623730951 0
29 230 29 1. 0
29 231 29 1. 0
29 232 29 -1.4142135623730951 0
30 230 30 1. 0
30 231 30 -1. 0
72 230 72 1. 0
72 231 72 1. 0
72 232 72 1.4142135623730951 0
73 230 73 1. 0
73 231 73 1. 0
73 232 73 -1.4142135623730951 0
74 230 74 1. 0
74 231 74 -1. 0
116 230 116 1. 0
116 231 116 1. 0
116 232 116 -1.4142135623730951 0
117 230 117 1. 0
117 231 117 1. 0
117 232 117 1.4142135623730951 0
118 230 118 1. 0
118 231 118 -1. 0
160 230 160 1. 0
160 231 160 1. 0
160 232 160 -1.4142135623730951 0
161 230 161 1. 0
161 231 161 1. 0
161 232 161 1.4142135623730951 0
162 230 162 1. 0
162 231 162 -1. 0
228 230 228 1. 0
228 231 228 -1. 0
229 230 229 1. 0
229 231 229 -1. 0
230 230 230 1. 0
230 231 231 1. 0
230 232 232 1. 0
231 230 231 1. 0
231 231 230 1. 0
231 232 232 1. 0
232 230 232 1. 0
232 231 232 1. 0
232 232 230 1. 0
232 232 231 1. 0
312 230 312 1. 0
312 231 312 -1. 0
313 230 313 1. 0
313 231 313 -1. 0
314 230 314 1. 0
314 231 315 1. 0
314 232 316 1. 0
315 230 315 1. 0
315 231 314 1. 0
315 232 316 1. 0
316 230 316 1. 0
316 231 316 1. 0
316 232 314 1. 0
316 232 315 1. 0
24 233 33 -0.4999999999999998 0.8660254037844387
68 233 77 -0.4999999999999998 0.8660254037844387
112 233 121 0.4999999999999998 -0.8660254037844387
156 233 165 0.4999999999999998 -0.8660254037844387
216 233 233 1. 0
217 233 234 1. 0
218 233 235 -0.35355339059327356 0.6123724356957945
218 233 236 -0.35355339059327356 0.6123724356957945
300 233 317 1. 0
301 233 318 -1. 0
302 233 319 -0.35355339059327356 0.6123724356957945
302 233 320 0.35355339059327356 -0.6123724356957945
27 234 33 0.4999999999999998 -0.8660254037844387
71 234 77 0.4999999999999998 -0.8660254037844387
115 234 121 -0.4999999999999998 0.8660254037844387
159 234 165 -0.4999999999999998 0.8660254037844387
225 234 233 1. 0
226 234 234 1. 0
227 234 235 -0.35355339059327356 0.6123724356957945
227 234 236 -0.35355339059327356 0.6123724356957945
309 234 317 -1. 0
310 234 318 1. 0
311 234 319 -0.35355339059327356 0.6123724356957945
311 234 320 0.35355339059327356 -0.6123724356957945
31 235 31 1. 0
31 236 31 -1. 0
31 237 31 -0.7071067811865472 -1.2247448713915892
32 235 32 1. 0
32 236 32 -1. 0
32 237 32 0.7071067811865472 1.2247448713915892
33 235 33 1. 0
33 236 33 1. 0
75 235 75 1. 0
75 236 75 -1. 0
75 237 75 -0.7071067811865472 -1.2247448713915892
76 235 76 1. 0
76 236 76 -1. 0
76 237 76 0.7071067811865472 1.2247448713915892
77 235 77 1. 0
77 236 77 1. 0
119 235 119 1. 0
119 236 119 -1. 0
119 237 119 0.7071067811865472 1.2247448713915892
120 235 120 1. 0
120 236 120 -1. 0
120 237 120 -0.7071067811865472 -1.2247448713915892
121 235 121 1. 0
121 236 121 1. 0
163 235 163 1. 0
163 236 163 -1. 0
163 237 163 0.7071067811865472 1.2247448713915892
164 235 164 1. 0
164 236 164 -1. 0
164 237 164 -0.7071067811865472 -1.2247448713915892
165 235 165 1. 0
165 236 165 1. 0
233 235 233 1. 0
233 236 233 1. 0
234 235 234 1. 0
234 236 234 1. 0
235 235 235 1. 0
235 236 236 1. 0
235 237 237 1. 0
236 235 236 1. 0
236 236 235 1. 0
236 237 237 -1. 0
237 235 237 1. 0
237 236 237 -1. 0
237 237 235 -0.4999999999999998 0.8660254037844387
237 237 236 0.4999999999999998 -0.8660254037844387
317 235 317 1. 0
317 236 317 1. 0
318 235 318 1. 0
318 236 318 1. 0
319 235 319 1. 0
319 236 320 -1. 0
319 237 321 1. 0
320 235 320 1. 0
320 236 319 -1. 0
320 237 321 1. 0
321 235 321 1. 0
321 236 321 -1. 0
321 237 319 -0.4999999999999998 0.8660254037844387
321 237 320 -0.4999999999999998 0.8660254037844387
25 238 34 -0.4999999999999998 0.8660254037844387
69 238 78 -0.4999999999999998 0.8660254037844387
113 238 122 -0.4999999999999998 0.8660254037844387
157 238 166 -0.4999999999999998 0.8660254037844387
219 238 238 1. 0
220 238 239 1. 0
221 238 240 -0.4999999999999998 0.8660254037844387
303 238 322 1. 0
304 238 323 1. 0
305 238 324 0.4999999999999998 -0.8660254037844387
26 239 34 -0.4999999999999998 0.8660254037844387
70 239 78 -0.4999999999999998 0.8660254037844387
114 239 122 -0.4999999999999998 0.8660254037844387
158 239 166 -0.4999999999999998 0.8660254037844387
222 239 238 1. 0
223 239 239 1. 0
224 239 240 0.4999999999999998 -0.8660254037844387
306 239 322 1. 0
307 239 323 1. 0
308 239 324 -0.4999999999999998 0.8660254037844387
30 240 34 0.7071067811865472 -1.2247448713915892
74 240 78 -0.7071067811865472 1.2247448713915892
118 240 122 0.7071067811865472 -1.2247448713915892
162 240 166 -0.7071067811865472 1.2247448713915892
228 240 238 1.4142135623730951 0
229 240 239 -1.4142135623730951 0
230 240 240 1. 0
231 240 240 -1. 0
312 240 322 -1.4142135623730951 0
313 240 323 1.4142135623730951 0
314 240 324 1. 0
315 240 324 -1. 0
24 241 35 1. 0
68 241 79 -1. 0
112 241 123 -1. 0
156 241 167 1. 0
216 241 241 1. 0
217 241 242 -1. 0
218 241 243 -1. 0
300 241 325 -1. 0
301 241 326 1. 0
302 241 327 -1. 0
27 242 35 1. 0
71 242 79 -1. 0
115 242 123 -1. 0
159 242 167 1. 0
225 242 241 -1. 0
226 242 242 1. 0
227 242 243 1. 0
309 242 325 -1. 0
310 242 326 1. 0
311 242 327 1. 0
33 243 35 -1.4142135623730951 0
77 243 79 1.4142135623730951 0
121 243 123 -1.4142135623730951 0
165 243 167 1.4142135623730951 0
233 243 241 0.7071067811865472 -1.2247448713915892
234 243 242 -0.7071067811865472 1.2247448713915892
235 243 243 1. 0
236 243 243 1. 0
317 243 325 -0.7071067811865472 1.2247448713915892
318 243 326 -0.7071067811865472 1.2247448713915892
319 243 327 1. 0
320 243 327 -1. 0
24 244 36 1. 0
68 244 80 -1. 0
112 244 124 -1. 0
156 244 168 1. 0
216 244 244 1. 0
217 244 245 -1. 0
218 244 246 1. 0
300 244 328 1. 0
301 244 329 -1. 0
302 244 330 1. 0
27 245 36 1. 0
71 245 80 -1. 0
115 245 124 -1. 0
159 245 168 1. 0
225 245 244 -1. 0
226 245 245 1. 0
227 245 246 -1. 0
309 245 328 1. 0
310 245 329 -1. 0
311 245 330 -1. 0
33 246 36 1.4142135623730951 0
77 246 80 -1.4142135623730951 0
121 246 124 1.4142135623730951 0
165 246 168 -1.4142135623730951 0
233 246 244 -0.7071067811865472 1.2247448713915892
234 246 245 0.7071067811865472 -1.2247448713915892
235 246 246 1. 0
236 246 246 1. 0
317 246 328 -0.7071067811865472 1.2247448713915892
318 246 329 -0.7071067811865472 1.2247448713915892
319 246 330 1. 0
320 246 330 -1. 0
25 247 37 -0.4999999999999998 0.8660254037844387
69 247 81 -0.4999999999999998 0.8660254037844387
113 247 125 -0.4999999999999998 0.8660254037844387
157 247 169 -0.4999999999999998 0.8660254037844387
219 247 247 1. 0
220 247 248 1. 0
221 247 249 0.4999999999999998 -0.8660254037844387
303 247 331 1. 0
304 247 332 1. 0
305 247 333 -0.4999999999999998 0.8660254037844387
26 248 37 -0.4999999999999998 0.8660254037844387
70 248 81 -0.4999999999999998 0.8660254037844387
114 248 125 -0.4999999999999998 0.8660254037844387
158 248 169 -0.4999999999999998 0.8660254037844387
222 248 247 1. 0
223 248 248 1. 0
224 248 249 -0.4999999999999998 0.8660254037844387
306 248 331 1. 0
307 248 332 1. 0
308 248 333 0.4999999999999998 -0.8660254037844387
30 249 37 -0.7071067811865472 1.2247448713915892
74 249 81 0.7071067811865472 -1.2247448713915892
118 249 125 -0.7071067811865472 1.2247448713915892
162 249 169 0.7071067811865472 -1.2247448713915892
228 249 247 -1.4142135623730951 0
229 249 248 1.4142135623730951 0
230 249 249 1. 0
231 249 249 -1. 0
312 249 331 1.4142135623730951 0
313 249 332 -1.4142135623730951 0
314 249 333 1. 0
315 249 333 -1. 0
24 250 40 0.4999999999999998 -0.8660254037844387
68 250 84 0.4999999999999998 -0.8660254037844387
112 250 128 -0.4999999999999998 0.8660254037844387
156 250 172 -0.4999999999999998 0.8660254037844387
216 250 250 1. 0
217 250 251 1. 0
218 250 252 -0.7071067811865475 0
218 250 253 0.7071067811865475 0
300 250 334 1. 0
301 250 335 -1. 0
302 250 336 0.7071067811865475 0
302 250 337 0.7071067811865475 0
27 251 40 -0.4999999999999998 0.8660254037844387
71 251 84 -0.4999999999999998 0.8660254037844387
115 251 128 0.4999999999999998 -0.8660254037844387
159 251 172 0.4999999999999998 -0.8660254037844387
225 251 250 1. 0
226 251 251 1. 0
227 251 252 -0.7071067811865475 0
227 251 253 0.7071067811865475 0
309 251 334 -1. 0
310 251 335 1. 0
311 251 336 0.7071067811865475 0
311 251 337 0.7071067811865475 0
31 252 38 -0.4999999999999998 0.8660254037844387
31 253 38 -0.4999999999999998 0.8660254037844387
31 254 38 -0.7071067811865472 -1.2247448713915892
32 252 39 -0.4999999999999998 0.8660254037844387
32 253 39 -0.4999999999999998 0.8660254037844387
32 254 39 0.7071067811865472 1.2247448713915892
33 252 40 -0.4999999999999998 0.8660254037844387
33 253 40 0.4999999999999998 -0.8660254037844387
75 252 82 0.4999999999999998 -0.8660254037844387
75 253 82 0.4999999999999998 -0.8660254037844387
75 254 82 0.7071067811865472 1.2247448713915892
76 252 83 0.4999999999999998 -0.8660254037844387
76 253 83 0.4999999999999998 -0.8660254037844387
76 254 83 -0.7071067811865472 -1.2247448713915892
77 252 84 -0.4999999999999998 0.8660254037844387
77 253 84 0.4999999999999998 -0.8660254037844387
119 252 126 0.4999999999999998 -0.8660254037844387
119 253 126 0.4999999999999998 -0.8660254037844387
119 254 126 -0.7071067811865472 -1.2247448713915892
120 252 127 0.4999999999999998 -0.8660254037844387
120 253 127 0.4999999999999998 -0.8660254037844387
120 254 127 0.7071067811865472 1.2247448713915892
121 252 128 -0.4999999999999998 0.8660254037844387
121 253 128 0.4999999999999998 -0.8660254037844387
163 252 170 -0.4999999999999998 0.8660254037844387
163 253 170 -0.4999999999999998 0.8660254037844387
163 254 170 0.7071067811865472 1.2247448713915892
164 252 171 -0.4999999999999998 0.8660254037844387
164 253 171 -0.4999999999999998 0.8660254037844387
164 254 171 -0.7071067811865472 -1.2247448713915892
165 252 172 -0.4999999999999998 0.8660254037844387
165 253 172 0.4999999999999998 -0.8660254037844387
233 252 250 0.4999999999999998 -0.8660254037844387
233 253 250 -0.4999999999999998 0.8660254037844387
234 252 251 0.4999999999999998 -0.8660254037844387
234 253 251 -0.4999999999999998 0.8660254037844387
235 252 252 1. 0
235 253 253 1. 0
235 254 254 1. 0
236 252 253 -1. 0
236 253 252 -1. 0
236 254 254 -1. 0
237 252 254 -0.4999999999999998 0.8660254037844387
237 253 254 -0.4999999999999998 0.8660254037844387
237 254 252 1. 0
237 254 253 1. 0
317 252 334 0.4999999999999998 -0.8660254037844387
317 253 334 -0.4999999999999998 0.8660254037844387
318 252 335 0.4999999999999998 -0.8660254037844387
318 253 335 -0.4999999999999998 0.8660254037844387
319 252 336 -1. 0
319 253 337 1. 0
319 254 338 -1. 0
320 252 337 1. 0
320 253 336 -1. 0
320 254 338 -1. 0
321 252 338 0.4999999999999998 -0.8660254037844387
321 253 338 0.4999999999999998 -0.8660254037844387
321 254 336 -1. 0
321 254 337 1. 0
25 255 43 1. 0
69 255 87 1. 0
113 255 131 -1. 0
157 255 175 -1. 0
219 255 255 1. 0
220 255 256 -1. 0
221 255 257 -0.35355339059327356 0.6123724356957945
221 255 258 0.35355339059327356 -0.6123724356957945
303 255 339 1. 0
304 255 340 -1. 0
305 255 341 0.35355339059327356 -0.6123724356957945
305 255 342 -0.35355339059327356 0.6123724356957945
26 256 43 -1. 0
70 256 87 -1. 0
114 256 131 1. 0
158 256 175 1. 0
222 256 255 -1. 0
223 256 256 1. 0
224 256 257 -0.35355339059327356 0.6123724356957945
224 256 258 0.35355339059327356 -0.6123724356957945
306 256 339 -1. 0
307 256 340 1. 0
308 256 341 0.35355339059327356 -0.6123724356957945
308 256 342 -0.35355339059327356 0.6123724356957945
28 257 41 1. 0
28 258 41 1. 0
28 259 41 1.4142135623730951 0
29 257 42 1. 0
29 258 42 1. 0
29 259 42 -1.4142135623730951 0
30 257 43 -1. 0
30 258 43 1. 0
72 257 85 1. 0
72 258 85 1. 0
72 259 85 1.4142135623730951 0
73 257 86 1. 0
73 258 86 1. 0
73 259 86 -1.4142135623730951 0
74 257 87 1. 0
74 258 87 -1. 0
116 257 129 1. 0
116 258 129 1. 0
116 259 129 -1.4142135623730951 0
117 257 130 1. 0
117 258 130 1. 0
117 259 130 1.4142135623730951 0
118 257 131 1. 0
118 258 131 -1. 0
160 257 173 1. 0
160 258 173 1. 0
160 259 173 -1.4142135623730951 0
161 257 174 1. 0
161 258 174 1. 0
161 259 174 1.4142135623730951 0
162 257 175 -1. 0
162 258 175 1. 0
228 257 255 1. 0
228 258 255 -1. 0
229 257 256 1. 0
229 258 256 -1. 0
230 257 257 1. 0
230 258 258 1. 0
230 259 259 1. 0
231 257 258 1. 0
231 258 257 1. 0
231 259 259 1. 0
232 257 259 1. 0
232 258 259 1. 0
232 259 257 1. 0
232 259 258 1. 0
312 257 339 -1. 0
312 258 339 1. 0
313 257 340 -1. 0
313 258 340 1. 0
314 257 341 1. 0
314 258 342 1. 0
314 259 343 1. 0
315 257 342 1. 0
315 258 341 1. 0
315 259 343 1. 0
316 257 343 1. 0
316 258 343 1. 0
316 259 341 1. 0
316 259 342 1. 0
41 260 0 2. 0
85 260 44 2. 0
130 260 88 2. 0
174 260 132 2. 0
257 260 176 1. 0
258 260 176 1. 0
259 260 176 1.4142135623730951 0
341 260 260 1. 0
342 260 260 1. 0
343 260 260 1.4142135623730951 0
38 261 1 2. 0
82 261 45 -2. 0
127 261 89 -2. 0
171 261 133 -2. 0
252 261 177 -1. 0
253 261 177 -1. 0
254 261 177 0.7071067811865472 -1.2247448713915892
336 261 261 1. 0
337 261 261 -1. 0
338 261 261 -0.7071067811865472 1.2247448713915892
39 262 2 2. 0
83 262 46 -2. 0
126 262 90 -2. 0
170 262 134 -2. 0
252 262 178 -1. 0
253 262 178 -1. 0
254 262 178 -0.7071067811865472 1.2247448713915892
336 262 262 1. 0
337 262 262 -1. 0
338 262 262 0.7071067811865472 -1.2247448713915892
42 263 3 2. 0
86 263 47 2. 0
129 263 91 2. 0
173 263 135 2. 0
257 263 179 1. 0
258 263 179 1. 0
259 263 179 -1.4142135623730951 0
341 263 263 1. 0
342 263 263 1. 0
343 263 263 -1.4142135623730951 0
35 264 4 1. 0
79 264 48 -1. 0
123 264 92 -1. 0
167 264 136 -1. 0
241 264 180 -1. 0
242 264 181 -1. 0
243 264 182 -1. 0
325 264 264 1. 0
326 264 265 -1. 0
327 264 266 1. 0
36 265 4 1. 0
80 265 48 -1. 0
124 265 92 -1. 0
168 265 136 -1. 0
244 265 180 -1. 0
245 265 181 -1. 0
246 265 182 1. 0
328 265 264 -1. 0
329 265 265 1. 0
330 265 266 -1. 0
40 266 4 -0.7071067811865472 -1.2247448713915892
84 266 48 -0.7071067811865472 -1.2247448713915892
128 266 92 0.7071067811865472 1.2247448713915892
172 266 136 -0.7071067811865472 -1.2247448713915892
250 266 180 1.4142135623730951 0
251 266 181 -1.4142135623730951 0
252 266 182 1. 0
253 266 182 -1. 0
334 266 264 1.4142135623730951 0
335 266 265 -1.4142135623730951 0
336 266 266 1. 0
337 266 266 1. 0
34 267 5 1. 0
78 267 49 1. 0
122 267 93 1. 0
166 267 137 1. 0
238 267 183 1. 0
239 267 184 1. 0
240 267 185 -0.4999999999999998 0.8660254037844387
322 267 267 1. 0
323 267 268 1. 0
324 267 269 -0.4999999999999998 0.8660254037844387
37 268 5 1. 0
81 268 49 1. 0
125 268 93 1. 0
169 268 137 1. 0
247 268 183 1. 0
248 268 184 1. 0
249 268 185 0.4999999999999998 -0.8660254037844387
331 268 267 1. 0
332 268 268 1. 0
333 268 269 0.4999999999999998 -0.8660254037844387
43 269 5 1.4142135623730951 0
87 269 49 1.4142135623730951 0
131 269 93 -1.4142135623730951 0
175 269 137 -1.4142135623730951 0
255 269 183 -0.7071067811865472 -1.2247448713915892
256 269 184 0.7071067811865472 1.2247448713915892
257 269 185 1. 0
258 269 185 -1. 0
339 269 267 -0.7071067811865472 -1.2247448713915892
340 269 268 0.7071067811865472 1.2247448713915892
341 269 269 1. 0
342 269 269 -1. 0
38 270 6 0.9999999999999996 1.7320508075688774
82 270 50 0.9999999999999996 1.7320508075688774
127 270 94 -0.9999999999999996 -1.7320508075688774
171 270 138 0.9999999999999996 1.7320508075688774
252 270 186 1. 0
253 270 186 1. 0
254 270 186 -0.7071067811865472 1.2247448713915892
336 270 270 1. 0
337 270 270 -1. 0
338 270 270 -0.7071067811865472 1.2247448713915892
41 271 7 2. 0
85 271 51 2. 0
130 271 95 2. 0
174 271 139 2. 0
257 271 187 1. 0
258 271 187 1. 0
259 271 187 1.4142135623730951 0
341 271 271 1. 0
342 271 271 1. 0
343 271 271 1.4142135623730951 0
42 272 8 2. 0
86 272 52 2. 0
129 272 96 2. 0
173 272 140 2. 0
257 272 188 1. 0
258 272 188 1. 0
259 272 188 -1.4142135623730951 0
341 272 272 1. 0
342 272 272 1. 0
343 272 272 -1.4142135623730951 0
39 273 9 0.9999999999999996 1.7320508075688774
83 273 53 0.9999999999999996 1.7320508075688774
126 273 97 -0.9999999999999996 -1.7320508075688774
170 273 141 0.9999999999999996 1.7320508075688774
252 273 189 1. 0
253 273 189 1. 0
254 273 189 0.7071067811865472 -1.2247448713915892
336 273 273 1. 0
337 273 273 -1. 0
338 273 273 0.7071067811865472 -1.2247448713915892
34 274 10 -0.4999999999999998 -0.8660254037844387
78 274 54 -0.4999999999999998 -0.8660254037844387
122 274 98 -0.4999999999999998 -0.8660254037844387
166 274 142 -0.4999999999999998 -0.8660254037844387
238 274 190 1. 0
239 274 191 1. 0
240 274 192 -0.4999999999999998 0.8660254037844387
322 274 274 1. 0
323 274 275 1. 0
324 274 276 0.4999999999999998 -0.8660254037844387
37 275 10 -0.4999999999999998 -0.8660254037844387
81 275 54 -0.4999999999999998 -0.8660254037844387
125 275 98 -0.4999999999999998 -0.8660254037844387
169 275 142 -0.4999999999999998 -0.8660254037844387
247 275 190 1. 0
248 275 191 1. 0
249 275 192 0.4999999999999998 -0.8660254037844387
331 275 274 1. 0
332 275 275 1. 0
333 275 276 -0.4999999999999998 0.8660254037844387
43 276 10 0.7071067811865472 1.2247448713915892
87 276 54 0.7071067811865472 1.2247448713915892
131 276 98 -0.7071067811865472 -1.2247448713915892
175 276 142 -0.7071067811865472 -1.2247448713915892
255 276 190 0.7071067811865472 1.2247448713915892
256 276 191 -0.7071067811865472 -1.2247448713915892
257 276 192 -1. 0
258 276 192 1. 0
339 276 274 0.7071067811865472 1.2247448713915892
340 276 275 -0.7071067811865472 -1.2247448713915892
341 276 276 1. 0
342 276 276 -1. 0
35 277 11 -1. 0
79 277 55 -1. 0
123 277 99 1. 0
167 277 143 -1. 0
241 277 193 1. 0
242 277 194 1. 0
243 277 195 -1. 0
325 277 277 1. 0
326 277 278 -1. 0
327 277 279 1. 0
36 278 11 -1. 0
80 278 55 -1. 0
124 278 99 1. 0
168 278 143 -1. 0
244 278 193 1. 0
245 278 194 1. 0
246 278 195 1. 0
328 278 277 -1. 0
329 278 278 1. 0
330 278 279 -1. 0
40 279 11 0.7071067811865472 1.2247448713915892
84 279 55 -0.7071067811865472 -1.2247448713915892
128 279 99 -0.7071067811865472 -1.2247448713915892
172 279 143 -0.7071067811865472 -1.2247448713915892
250 279 193 -1.4142135623730951 0
251 279 194 1.4142135623730951 0
252 279 195 1. 0
253 279 195 -1. 0
334 279 277 1.4142135623730951 0
335 279 278 -1.4142135623730951 0
336 279 279 1. 0
337 279 279 1. 0
39 280 12 0.9999999999999996 1.7320508075688774
83 280 56 -0.9999999999999996 -1.7320508075688774
126 280 100 0.9999999999999996 1.7320508075688774
170 280 144 0.9999999999999996 1.7320508075688774
252 280 196 1. 0
253 280 196 1. 0
254 280 196 0.7071067811865472 -1.2247448713915892
336 280 280 1. 0
337 280 280 -1. 0
338 280 280 0.7071067811865472 -1.2247448713915892
42 281 13 2. 0
86 281 57 2. 0
129 281 101 2. 0
173 281 145 2. 0
257 281 197 1. 0
258 281 197 1. 0
259 281 197 -1.4142135623730951 0
341 281 281 1. 0
342 281 281 1. 0
343 281 281 -1.4142135623730951 0
41 282 14 2. 0
85 282 58 2. 0
130 282 102 2. 0
174 282 146 2. 0
257 282 198 1. 0
258 282 198 1. 0
259 282 198 1.4142135623730951 0
341 282 282 1. 0
342 282 282 1. 0
343 282 282 1.4142135623730951 0
38 283 15 0.9999999999999996 1.7320508075688774
82 283 59 -0.9999999999999996 -1.7320508075688774
127 283 103 0.9999999999999996 1.7320508075688774
171 283 147 0.9999999999999996 1.7320508075688774
252 283 199 1. 0
253 283 199 1. 0
254 283 199 -0.7071067811865472 1.2247448713915892
336 283 283 1. 0
337 283 283 -1. 0
338 283 283 -0.7071067811865472 1.2247448713915892
34 284 16 -0.4999999999999998 -0.8660254037844387
78 284 60 -0.4999999999999998 -0.8660254037844387
122 284 104 -0.4999999999999998 -0.8660254037844387
166 284 148 -0.4999999999999998 -0.8660254037844387
238 284 200 1. 0
239 284 201 1. 0
240 284 202 0.4999999999999998 -0.8660254037844387
322 284 284 1. 0
323 284 285 1. 0
324 284 286 -0.4999999999999998 0.8660254037844387
37 285 16 -0.4999999999999998 -0.8660254037844387
81 285 60 -0.4999999999999998 -0.8660254037844387
125 285 104 -0.4999999999999998 -0.8660254037844387
169 285 148 -0.4999999999999998 -0.8660254037844387
247 285 200 1. 0
248 285 201 1. 0
249 285 202 -0.4999999999999998 0.8660254037844387
331 285 284 1. 0
332 285 285 1. 0
333 285 286 0.4999999999999998 -0.8660254037844387
43 286 16 -0.7071067811865472 -1.2247448713915892
87 286 60 -0.7071067811865472 -1.2247448713915892
131 286 104 0.7071067811865472 1.2247448713915892
175 286 148 0.7071067811865472 1.2247448713915892
255 286 200 -0.7071067811865472 -1.2247448713915892
256 286 201 0.7071067811865472 1.2247448713915892
257 286 202 -1. 0
258 286 202 1. 0
339 286 284 -0.7071067811865472 -1.2247448713915892
340 286 285 0.7071067811865472 1.2247448713915892
341 286 286 1. 0
342 286 286 -1. 0
35 287 17 -1. 0
79 287 61 1. 0
123 287 105 -1. 0
167 287 149 -1. 0
241 287 203 1. 0
242 287 204 1. 0
243 287 205 1. 0
325 287 287 1. 0
326 287 288 -1. 0
327 287 289 -1. 0
36 288 17 -1. 0
80 288 61 1. 0
124 288 105 -1. 0
168 288 149 -1. 0
244 288 203 1. 0
245 288 204 1. 0
246 288 205 -1. 0
328 288 287 -1. 0
329 288 288 1. 0
330 288 289 1. 0
40 289 17 -0.7071067811865472 -1.2247448713915892
84 289 61 -0.7071067811865472 -1.2247448713915892
128 289 105 -0.7071067811865472 -1.2247448713915892
172 289 149 0.7071067811865472 1.2247448713915892
250 289 203 1.4142135623730951 0
251 289 204 -1.4142135623730951 0
252 289 205 1. 0
253 289 205 -1. 0
334 289 287 -1.4142135623730951 0
335 289 288 1.4142135623730951 0
336 289 289 1. 0
337 289 289 1. 0
42 290 18 2. 0
86 290 62 2. 0
129 290 106 2. 0
173 290 150 2. 0
257 290 206 1. 0
258 290 206 1. 0
259 290 206 -1.4142135623730951 0
341 290 290 1. 0
342 290 290 1. 0
343 290 290 -1.4142135623730951 0
39 291 19 -2. 0
83 291 63 -2. 0
126 291 107 -2. 0
170 291 151 2. 0
252 291 207 -1. 0
253 291 207 -1. 0
254 291 207 -0.7071067811865472 1.2247448713915892
336 291 291 1. 0
337 291 291 -1. 0
338 291 291 0.7071067811865472 -1.2247448713915892
38 292 20 -2. 0
82 292 64 -2. 0
127 292 108 -2. 0
171 292 152 2. 0
252 292 208 -1. 0
253 292 208 -1. 0
254 292 208 0.7071067811865472 -1.2247448713915892
336 292 292 1. 0
337 292 292 -1. 0
338 292 292 -0.7071067811865472 1.2247448713915892
41 293 21 2. 0
85 293 65 2. 0
130 293 109 2. 0
174 293 153 2. 0
257 293 209 1. 0
258 293 209 1. 0
259 293 209 1.4142135623730951 0
341 293 293 1. 0
342 293 293 1. 0
343 293 293 1.4142135623730951 0
35 294 22 -1. 0
79 294 66 -1. 0
123 294 110 -1. 0
167 294 154 1. 0
241 294 210 -1. 0
242 294 211 -1. 0
243 294 212 1. 0
325 294 294 1. 0
326 294 295 -1. 0
327 294 296 -1. 0
36 295 22 -1. 0
80 295 66 -1. 0
124 295 110 -1. 0
168 295 154 1. 0
244 295 210 -1. 0
245 295 211 -1. 0
246 295 212 -1. 0
328 295 294 -1. 0
329 295 295 1. 0
330 295 296 1. 0
40 296 22 -0.7071067811865472 -1.2247448713915892
84 296 66 0.7071067811865472 1.2247448713915892
128 296 110 -0.7071067811865472 -1.2247448713915892
172 296 154 -0.7071067811865472 -1.2247448713915892
250 296 210 -1.4142135623730951 0
251 296 211 1.4142135623730951 0
252 296 212 1. 0
253 296 212 -1. 0
334 296 294 -1.4142135623730951 0
335 296 295 1.4142135623730951 0
336 296 296 1. 0
337 296 296 1. 0
34 297 23 1. 0
78 297 67 1. 0
122 297 111 1. 0
166 297 155 1. 0
238 297 213 1. 0
239 297 214 1. 0
240 297 215 0.4999999999999998 -0.8660254037844387
322 297 297 1. 0
323 297 298 1. 0
324 297 299 0.4999999999999998 -0.8660254037844387
37 298 23 1. 0
81 298 67 1. 0
125 298 111 1. 0
169 298 155 1. 0
247 298 213 1. 0
248 298 214 1. 0
249 298 215 -0.4999999999999998 0.8660254037844387
331 298 297 1. 0
332 298 298 1. 0
333 298 299 -0.4999999999999998 0.8660254037844387
43 299 23 -1.4142135623730951 0
87 299 67 -1.4142135623730951 0
131 299 111 1.4142135623730951 0
175 299 155 1.4142135623730951 0
255 299 213 0.7071067811865472 1.2247448713915892
256 299 214 -0.7071067811865472 -1.2247448713915892
257 299 215 1. 0
258 299 215 -1. 0
339 299 297 0.7071067811865472 1.2247448713915892
340 299 298 -0.7071067811865472 -1.2247448713915892
341 299 299 1. 0
342 299 299 -1. 0
35 300 24 -1. 0
79 300 68 1. 0
123 300 112 1. 0
167 300 156 -1. 0
241 300 216 -1. 0
242 300 217 1. 0
243 300 218 1. 0
325 300 300 1. 0
326 300 301 -1. 0
327 300 302 1. 0
36 301 24 -1. 0
80 301 68 1. 0
124 301 112 1. 0
168 301 156 -1. 0
244 301 216 -1. 0
245 301 217 1. 0
246 301 218 -1. 0
328 301 300 -1. 0
329 301 301 1. 0
330 301 302 -1. 0
40 302 24 0.7071067811865472 1.2247448713915892
84 302 68 0.7071067811865472 1.2247448713915892
128 302 112 -0.7071067811865472 -1.2247448713915892
172 302 156 -0.7071067811865472 -1.2247448713915892
250 302 216 1.4142135623730951 0
251 302 217 1.4142135623730951 0
252 302 218 -1. 0
253 302 218 1. 0
334 302 300 1.4142135623730951 0
335 302 301 -1.4142135623730951 0
336 302 302 1. 0
337 302 302 1. 0
34 303 25 -0.4999999999999998 -0.8660254037844387
78 303 69 -0.4999999999999998 -0.8660254037844387
122 303 113 -0.4999999999999998 -0.8660254037844387
166 303 157 -0.4999999999999998 -0.8660254037844387
238 303 219 1. 0
239 303 220 1. 0
240 303 221 -0.4999999999999998 -0.8660254037844387
322 303 303 1. 0
323 303 304 1. 0
324 303 305 0.4999999999999998 0.8660254037844387
37 304 25 -0.4999999999999998 -0.8660254037844387
81 304 69 -0.4999999999999998 -0.8660254037844387
125 304 113 -0.4999999999999998 -0.8660254037844387
169 304 157 -0.4999999999999998 -0.8660254037844387
247 304 219 1. 0
248 304 220 1. 0
249 304 221 0.4999999999999998 0.8660254037844387
331 304 303 1. 0
332 304 304 1. 0
333 304 305 -0.4999999999999998 -0.8660254037844387
43 305 25 0.7071067811865472 -1.2247448713915892
87 305 69 0.7071067811865472 -1.2247448713915892
131 305 113 -0.7071067811865472 1.2247448713915892
175 305 157 -0.7071067811865472 1.2247448713915892
255 305 219 0.7071067811865472 -1.2247448713915892
256 305 220 -0.7071067811865472 1.2247448713915892
257 305 221 -1. 0
258 305 221 1. 0
339 305 303 0.7071067811865472 -1.2247448713915892
340 305 304 -0.7071067811865472 1.2247448713915892
341 305 305 1. 0
342 305 305 -1. 0
34 306 26 -0.4999999999999998 -0.8660254037844387
78 306 70 -0.4999999999999998 -0.8660254037844387
122 306 114 -0.4999999999999998 -0.8660254037844387
166 306 158 -0.4999999999999998 -0.8660254037844387
238 306 222 1. 0
239 306 223 1. 0
240 306 224 0.4999999999999998 0.8660254037844387
322 306 306 1. 0
323 306 307 1. 0
324 306 308 -0.4999999999999998 -0.8660254037844387
37 307 26 -0.4999999999999998 -0.8660254037844387
81 307 70 -0.4999999999999998 -0.8660254037844387
125 307 114 -0.4999999999999998 -0.8660254037844387
169 307 158 -0.4999999999999998 -0.8660254037844387
247 307 222 1. 0
248 307 223 1. 0
249 307 224 -0.4999999999999998 -0.8660254037844387
331 307 306 1. 0
332 307 307 1. 0
333 307 308 0.4999999999999998 0.8660254037844387
43 308 26 -0.7071067811865472 1.2247448713915892
87 308 70 -0.7071067811865472 1.2247448713915892
131 308 114 0.7071067811865472 -1.2247448713915892
175 308 158 0.7071067811865472 -1.2247448713915892
255 308 222 -0.7071067811865472 1.2247448713915892
256 308 223 0.7071067811865472 -1.2247448713915892
257 308 224 -1. 0
258 308 224 1. 0
339 308 306 -0.7071067811865472 1.2247448713915892
340 308 307 0.7071067811865472 -1.2247448713915892
341 308 308 1. 0
342 308 308 -1. 0
35 309 27 -1. 0
79 309 71 1. 0
123 309 115 1. 0
167 309 159 -1. 0
241 309 225 1. 0
242 309 226 -1. 0
243 309 227 -1. 0
325 309 309 1. 0
326 309 310 -1. 0
327 309 311 -1. 0
36 310 27 -1. 0
80 310 71 1. 0
124 310 115 1. 0
168 310 159 -1. 0
244 310 225 1. 0
245 310 226 -1. 0
246 310 227 1. 0
328 310 309 -1. 0
329 310 310 1. 0
330 310 311 1. 0
40 311 27 -0.7071067811865472 -1.2247448713915892
84 311 71 -0.7071067811865472 -1.2247448713915892
128 311 115 0.7071067811865472 1.2247448713915892
172 311 159 0.7071067811865472 1.2247448713915892
250 311 225 1.4142135623730951 0
251 311 226 1.4142135623730951 0
252 311 227 -1. 0
253 311 227 1. 0
334 311 309 -1.4142135623730951 0
335 311 310 1.4142135623730951 0
336 311 311 1. 0
337 311 311 1. 0
34 312 30 -0.4999999999999998 -0.8660254037844387
78 312 74 0.4999999999999998 0.8660254037844387
122 312 118 -0.4999999999999998 -0.8660254037844387
166 312 162 0.4999999999999998 0.8660254037844387
238 312 228 -1. 0
239 312 229 1. 0
240 312 230 -0.7071067811865475 0
240 312 231 0.7071067811865475 0
322 312 312 1. 0
323 312 313 -1. 0
324 312 314 -0.7071067811865475 0
324 312 315 0.7071067811865475 0
37 313 30 0.4999999999999998 0.8660254037844387
81 313 74 -0.4999999999999998 -0.8660254037844387
125 313 118 0.4999999999999998 0.8660254037844387
169 313 162 -0.4999999999999998 -0.8660254037844387
247 313 228 1. 0
248 313 229 -1. 0
249 313 230 -0.7071067811865475 0
249 313 231 0.7071067811865475 0
331 313 312 -1. 0
332 313 313 1. 0
333 313 314 -0.7071067811865475 0
333 313 315 0.7071067811865475 0
41 314 28 1. 0
41 315 28 1. 0
41 316 28 1.4142135623730951 0
42 314 29 1. 0
42 315 29 1. 0
42 316 29 -1.4142135623730951 0
43 314 30 -1. 0
43 315 30 1. 0
85 314 72 1. 0
85 315 72 1. 0
85 316 72 1.4142135623730951 0
86 314 73 1. 0
86 315 73 1. 0
86 316 73 -1.4142135623730951 0
87 314 74 1. 0
87 315 74 -1. 0
129 314 116 1. 0
129 315 116 1. 0
129 316 116 -1.4142135623730951 0
130 314 117 1. 0
130 315 117 1. 0
130 316 117 1.4142135623730951 0
131 314 118 1. 0
131 315 118 -1. 0
173 314 160 1. 0
173 315 160 1. 0
173 316 160 -1.4142135623730951 0
174 314 161 1. 0
174 315 161 1. 0
174 316 161 1.4142135623730951 0
175 314 162 -1. 0
175 315 162 1. 0
255 314 228 1. 0
255 315 228 -1. 0
256 314 229 1. 0
256 315 229 -1. 0
257 314 230 1. 0
257 315 231 1. 0
257 316 232 1. 0
258 314 231 1. 0
258 315 230 1. 0
258 316 232 1. 0
259 314 232 1. 0
259 315 232 1. 0
259 316 230 1. 0
259 316 231 1. 0
339 314 312 -1. 0
339 315 312 1. 0
340 314 313 -1. 0
340 315 313 1. 0
341 314 314 1. 0
341 315 315 1. 0
341 316 316 1. 0
342 314 315 1. 0
342 315 314 1. 0
342 316 316 1. 0
343 314 316 1. 0
343 315 316 1. 0
343 316 314 1. 0
343 316 315 1. 0
35 317 33 0.4999999999999998 -0.8660254037844387
79 317 77 -0.4999999999999998 0.8660254037844387
123 317 121 0.4999999999999998 -0.8660254037844387
167 317 165 -0.4999999999999998 0.8660254037844387
241 317 233 -1. 0
242 317 234 1. 0
243 317 235 -0.35355339059327356 0.6123724356957945
243 317 236 -0.35355339059327356 0.6123724356957945
325 317 317 1. 0
326 317 318 1. 0
327 317 319 -0.35355339059327356 0.6123724356957945
327 317 320 0.35355339059327356 -0.6123724356957945
36 318 33 -0.4999999999999998 0.8660254037844387
80 318 77 0.4999999999999998 -0.8660254037844387
124 318 121 -0.4999999999999998 0.8660254037844387
168 318 165 0.4999999999999998 -0.8660254037844387
244 318 233 1. 0
245 318 234 -1. 0
246 318 235 -0.35355339059327356 0.6123724356957945
246 318 236 -0.35355339059327356 0.6123724356957945
328 318 317 1. 0
329 318 318 1. 0
330 318 319 -0.35355339059327356 0.6123724356957945
330 318 320 0.35355339059327356 -0.6123724356957945
38 319 31 0.4999999999999998 0.8660254037844387
38 320 31 0.4999999999999998 0.8660254037844387
38 321 31 0.7071067811865472 -1.2247448713915892
39 319 32 0.4999999999999998 0.8660254037844387
39 320 32 0.4999999999999998 0.8660254037844387
39 321 32 -0.7071067811865472 1.2247448713915892
40 319 33 0.4999999999999998 0.8660254037844387
40 320 33 -0.4999999999999998 -0.8660254037844387
82 319 75 -0.4999999999999998 -0.8660254037844387
82 320 75 -0.4999999999999998 -0.8660254037844387
82 321 75 -0.7071067811865472 1.2247448713915892
83 319 76 -0.4999999999999998 -0.8660254037844387
83 320 76 -0.4999999999999998 -0.8660254037844387
83 321 76 0.7071067811865472 -1.2247448713915892
84 319 77 0.4999999999999998 0.8660254037844387
84 320 77 -0.4999999999999998 -0.8660254037844387
126 319 119 -0.4999999999999998 -0.8660254037844387
126 320 119 -0.4999999999999998 -0.8660254037844387
126 321 119 0.7071067811865472 -1.2247448713915892
127 319 120 -0.4999999999999998 -0.8660254037844387
127 320 120 -0.4999999999999998 -0.8660254037844387
127 321 120 -0.7071067811865472 1.2247448713915892
128 319 121 0.4999999999999998 0.8660254037844387
128 320 121 -0.4999999999999998 -0.8660254037844387
170 319 163 0.4999999999999998 0.8660254037844387
170 320 163 0.4999999999999998 0.8660254037844387
170 321 163 -0.7071067811865472 1.2247448713915892
171 319 164 0.4999999999999998 0.8660254037844387
171 320 164 0.4999999999999998 0.8660254037844387
171 321 164 0.7071067811865472 -1.2247448713915892
172 319 165 0.4999999999999998 0.8660254037844387
172 320 165 -0.4999999999999998 -0.8660254037844387
250 319 233 -0.4999999999999998 -0.8660254037844387
250 320 233 0.4999999999999998 0.8660254037844387
251 319 234 -0.4999999999999998 -0.8660254037844387
251 320 234 0.4999999999999998 0.8660254037844387
252 319 235 -1. 0
252 320 236 1. 0
252 321 237 -1. 0
253 319 236 1. 0
253 320 235 -1. 0
253 321 237 -1. 0
254 319 237 0.4999999999999998 0.8660254037844387
254 320 237 0.4999999999999998 0.8660254037844387
254 321 235 -1. 0
254 321 236 1. 0
334 319 317 -0.4999999999999998 -0.8660254037844387
334 320 317 0.4999999999999998 0.8660254037844387
335 319 318 -0.4999999999999998 -0.8660254037844387
335 320 318 0.4999999999999998 0.8660254037844387
336 319 319 1. 0
336 320 320 1. 0
336 321 321 1. 0
337 319 320 -1. 0
337 320 319 -1. 0
337 321 321 -1. 0
338 319 321 -0.4999999999999998 -0.8660254037844387
338 320 321 -0.4999999999999998 -0.8660254037844387
338 321 319 1. 0
338 321 320 1. 0
34 322 34 1. 0
78 322 78 1. 0
122 322 122 1. 0
166 322 166 1. 0
238 322 238 1. 0
239 322 239 1. 0
240 322 240 1. 0
322 322 322 1. 0
323 322 323 1. 0
324 322 324 1. 0
37 323 34 1. 0
81 323 78 1. 0
125 323 122 1. 0
169 323 166 1. 0
247 323 238 1. 0
248 323 239 1. 0
249 323 240 -1. 0
331 323 322 1. 0
332 323 323 1. 0
333 323 324 -1. 0
43 324 34 -0.7071067811865472 1.2247448713915892
87 324 78 -0.7071067811865472 1.2247448713915892
131 324 122 0.7071067811865472 -1.2247448713915892
175 324 166 0.7071067811865472 -1.2247448713915892
255 324 238 1.4142135623730951 0
256 324 239 -1.4142135623730951 0
257 324 240 1. 0
258 324 240 -1. 0
339 324 322 1.4142135623730951 0
340 324 323 -1.4142135623730951 0
341 324 324 1. 0
342 324 324 -1. 0
35 325 35 1. 0
79 325 79 1. 0
123 325 123 1. 0
167 325 167 1. 0
241 325 241 1. 0
242 325 242 1. 0
243 325 243 1. 0
325 325 325 1. 0
326 325 326 1. 0
327 325 327 1. 0
36 326 35 -1. 0
80 326 79 -1. 0
124 326 123 -1. 0
168 326 167 -1. 0
244 326 241 -1. 0
245 326 242 -1. 0
246 326 243 1. 0
328 326 325 1. 0
329 326 326 1. 0
330 326 327 1. 0
40 327 35 -0.7071067811865472 -1.2247448713915892
84 327 79 0.7071067811865472 1.2247448713915892
128 327 123 -0.7071067811865472 -1.2247448713915892
172 327 167 0.7071067811865472 1.2247448713915892
250 327 241 -1.4142135623730951 0
251 327 242 1.4142135623730951 0
252 327 243 -1. 0
253 327 243 1. 0
334 327 325 1.4142135623730951 0
335 327 326 1.4142135623730951 0
336 327 327 1. 0
337 327 327 1. 0
35 328 36 -1. 0
79 328 80 -1. 0
123 328 124 -1. 0
167 328 168 -1. 0
241 328 244 -1. 0
242 328 245 -1. 0
243 328 246 1. 0
325 328 328 1. 0
326 328 329 1. 0
327 328 330 1. 0
36 329 36 1. 0
80 329 80 1. 0
124 329 124 1. 0
168 329 168 1. 0
244 329 244 1. 0
245 329 245 1. 0
246 329 246 1. 0
328 329 328 1. 0
329 329 329 1. 0
330 329 330 1. 0
40 330 36 0.7071067811865472 1.2247448713915892
84 330 80 -0.7071067811865472 -1.2247448713915892
128 330 124 0.7071067811865472 1.2247448713915892
172 330 168 -0.7071067811865472 -1.2247448713915892
250 330 244 1.4142135623730951 0
251 330 245 -1.4142135623730951 0
252 330 246 -1. 0
253 330 246 1. 0
334 330 328 1.4142135623730951 0
335 330 329 1.4142135623730951 0
336 330 330 1. 0
337 330 330 1. 0
34 331 37 1. 0
78 331 81 1. 0
122 331 125 1. 0
166 331 169 1. 0
238 331 247 1. 0
239 331 248 1. 0
240 331 249 -1. 0
322 331 331 1. 0
323 331 332 1. 0
324 331 333 -1. 0
37 332 37 1. 0
81 332 81 1. 0
125 332 125 1. 0
169 332 169 1. 0
247 332 247 1. 0
248 332 248 1. 0
249 332 249 1. 0
331 332 331 1. 0
332 332 332 1. 0
333 332 333 1. 0
43 333 37 0.7071067811865472 -1.2247448713915892
87 333 81 0.7071067811865472 -1.2247448713915892
131 333 125 -0.7071067811865472 1.2247448713915892
175 333 169 -0.7071067811865472 1.2247448713915892
255 333 247 -1.4142135623730951 0
256 333 248 1.4142135623730951 0
257 333 249 1. 0
258 333 249 -1. 0
339 333 331 -1.4142135623730951 0
340 333 332 1.4142135623730951 0
341 333 333 1. 0
342 333 333 -1. 0
35 334 40 -0.4999999999999998 0.8660254037844387
79 334 84 0.4999999999999998 -0.8660254037844387
123 334 128 -0.4999999999999998 0.8660254037844387
167 334 172 0.4999999999999998 -0.8660254037844387
241 334 250 -1. 0
242 334 251 1. 0
243 334 252 -0.7071067811865475 0
243 334 253 0.7071067811865475 0
325 334 334 1. 0
326 334 335 1. 0
327 334 336 0.7071067811865475 0
327 334 337 0.7071067811865475 0
36 335 40 0.4999999999999998 -0.8660254037844387
80 335 84 -0.4999999999999998 0.8660254037844387
124 335 128 0.4999999999999998 -0.8660254037844387
168 335 172 -0.4999999999999998 0.8660254037844387
244 335 250 1. 0
245 335 251 -1. 0
246 335 252 -0.7071067811865475 0
246 335 253 0.7071067811865475 0
328 335 334 1. 0
329 335 335 1. 0
330 335 336 0.7071067811865475 0
330 335 337 0.7071067811865475 0
38 336 38 1. 0
38 337 38 -1. 0
38 338 38 -0.7071067811865472 1.2247448713915892
39 336 39 1. 0
39 337 39 -1. 0
39 338 39 0.7071067811865472 -1.2247448713915892
40 336 40 1. 0
40 337 40 1. 0
82 336 82 1. 0
82 337 82 -1. 0
82 338 82 -0.7071067811865472 1.2247448713915892
83 336 83 1. 0
83 337 83 -1. 0
83 338 83 0.7071067811865472 -1.2247448713915892
84 336 84 1. 0
84 337 84 1. 0
126 336 126 1. 0
126 337 126 -1. 0
126 338 126 0.7071067811865472 -1.2247448713915892
127 336 127 1. 0
127 337 127 -1. 0
127 338 127 -0.7071067811865472 1.2247448713915892
128 336 128 1. 0
128 337 128 1. 0
170 336 170 1. 0
170 337 170 -1. 0
170 338 170 0.7071067811865472 -1.2247448713915892
171 336 171 1. 0
171 337 171 -1. 0
171 338 171 -0.7071067811865472 1.2247448713915892
172 336 172 1. 0
172 337 172 1. 0
250 336 250 1. 0
250 337 250 1. 0
251 336 251 1. 0
251 337 251 1. 0
252 336 252 1. 0
252 337 253 -1. 0
252 338 254 1. 0
253 336 253 1. 0
253 337 252 -1. 0
253 338 254 1. 0
254 336 254 1. 0
254 337 254 -1. 0
254 338 252 -0.4999999999999998 -0.8660254037844387
254 338 253 -0.4999999999999998 -0.8660254037844387
334 336 334 1. 0
334 337 334 1. 0
335 336 335 1. 0
335 337 335 1. 0
336 336 336 1. 0
336 337 337 1. 0
336 338 338 1. 0
337 336 337 1. 0
337 337 336 1. 0
337 338 338 -1. 0
338 336 338 1. 0
338 337 338 -1. 0
338 338 336 -0.4999999999999998 -0.8660254037844387
338 338 337 0.4999999999999998 0.8660254037844387
34 339 43 -0.4999999999999998 -0.8660254037844387
78 339 87 -0.4999999999999998 -0.8660254037844387
122 339 131 0.4999999999999998 0.8660254037844387
166 339 175 0.4999999999999998 0.8660254037844387
238 339 255 1. 0
239 339 256 -1. 0
240 339 257 0.7071067811865475 0
240 339 258 -0.7071067811865475 0
322 339 339 1. 0
323 339 340 -1. 0
324 339 341 0.7071067811865475 0
324 339 342 -0.7071067811865475 0
37 340 43 0.4999999999999998 0.8660254037844387
81 340 87 0.4999999999999998 0.8660254037844387
125 340 131 -0.4999999999999998 -0.8660254037844387
169 340 175 -0.4999999999999998 -0.8660254037844387
247 340 255 -1. 0
248 340 256 1. 0
249 340 257 0.7071067811865475 0
249 340 258 -0.7071067811865475 0
331 340 339 -1. 0
332 340 340 1. 0
333 340 341 0.7071067811865475 0
333 340 342 -0.7071067811865475 0
41 341 41 1. 0
41 342 41 1. 0
41 343 41 1.4142135623730951 0
42 341 42 1. 0
42 342 42 1. 0
42 343 42 -1.4142135623730951 0
43 341 43 1. 0
43 342 43 -1. 0
85 341 85 1. 0
85 342 85 1. 0
85 343 85 1.4142135623730951 0
86 341 86 1. 0
86 342 86 1. 0
86 343 86 -1.4142135623730951 0
87 341 87 1. 0
87 342 87 -1. 0
129 341 129 1. 0
129 342 129 1. 0
129 343 129 -1.4142135623730951 0
130 341 130 1. 0
130 342 130 1. 0
130 343 130 1.4142135623730951 0
131 341 131 1. 0
131 342 131 -1. 0
173 341 173 1. 0
173 342 173 1. 0
173 343 173 -1.4142135623730951 0
174 341 174 1. 0
174 342 174 1. 0
174 343 174 1.4142135623730951 0
175 341 175 1. 0
175 342 175 -1. 0
255 341 255 1. 0
255 342 255 -1. 0
256 341 256 1. 0
256 342 256 -1. 0
257 341 257 1. 0
257 342 258 1. 0
257 343 259 1. 0
258 341 258 1. 0
258 342 257 1. 0
258 343 259 1. 0
259 341 259 1. 0
259 342 259 1. 0
259 343 257 1. 0
259 343 258 1. 0
339 341 339 1. 0
339 342 339 -1. 0
340 341 340 1. 0
340 342 340 -1. 0
341 341 341 1. 0
341 342 342 1. 0
341 343 343 1. 0
342 341 342 1. 0
342 342 341 1. 0
342 343 343 1. 0
343 341 343 1. 0
343 342 343 1. 0
343 343 341 1. 0
343 343 342 1. 0