1 1 1 0 0 0 0 0 0 0 0 0 0 0 0 0 0 0 0 1 0 1 0 0 0 0 1 0 0 0 0 0 0 0 0 0 0 0 0 0 0 0 0 0 0 0 0 0 0 0 0 0 0 0 0 0 1 0 0 0 1 0 0 0 0 0 0 1 0 0
0 0 0 1. 0
14 0 14 1. 0
39 0 39 1. 0
1 1 1 1. 0
15 1 15 1. 0
16 1 16 1. 0
40 1 40 1. 0
41 1 41 1. 0
2 2 2 1. 0
17 2 17 1. 0
18 2 18 1. 0
42 2 42 1. 0
43 2 43 1. 0
44 2 44 1. 0
1 3 3 1. 0
15 3 19 1. 4.107515306309122e-17
16 3 20 1. 4.1075153063091217e-17
40 3 45 1. 0.
41 3 46 0.9999999999999999 2.0537576531545608e-17
0 4 4 1. 0
14 4 21 0.5549581320873712 2.279499021909597e-17
14 4 22 0.8318782793354421 3.416952765356424e-17
39 4 49 0.6671145837954893 0.
39 4 50 0.744955120854519 1.5299572807116493e-17
2 5 5 1. 0
17 5 21 -0.8318782793354422 -3.4169527653564244e-17
17 5 22 0.5549581320873712 2.2794990219095967e-17
18 5 23 1. 4.1075153063091217e-17
42 5 47 -1. 0.
43 5 48 -0.9999999999999999 -2.0537576531545608e-17
44 5 49 -0.7449551208545191 0.
44 5 50 0.6671145837954892 1.3700916820010057e-17
1 6 6 1. 0
15 6 24 1. 4.1075153063091217e-17
16 6 26 -0.6671145837954893 -2.740183364002012e-17
16 6 27 0.7449551208545191 3.0599145614232986e-17
40 6 52 -0.4450418679126288 0.
40 6 53 0.8955097630985595 1.8391600294382943e-17
41 6 54 -0.8019377358048383 0.
41 6 55 -0.5974076228942926 -1.2269304775720275e-17
2 7 7 1. 0
17 7 25 1. 4.1075153063091217e-17
18 7 26 0.7449551208545191 3.059914561423299e-17
18 7 27 0.6671145837954893 2.7401833640020114e-17
42 7 51 0.9999999999999999 2.0537576531545608e-17
43 7 52 0.8955097630985596 0.
43 7 53 0.44504186791262873 9.140081421997625e-18
44 7 54 0.5974076228942927 0.
44 7 55 -0.8019377358048381 -1.6469857622626268e-17
2 8 8 1. 0
17 8 28 -1. 0.
18 8 29 0.9999999999999999 2.0537576531545608e-17
42 8 56 0.9999999999999998 0.
43 8 57 1. -2.053757653154561e-17
44 8 58 -1. 0.
1 9 9 1. 0
15 9 30 1. 0.
16 9 32 -0.4450418679126288 0.
16 9 33 0.8955097630985595 1.8391600294382943e-17
40 9 60 -0.6671145837954892 0.
40 9 61 0.7449551208545191 0.
41 9 62 -0.8019377358048383 1.646985762262627e-17
41 9 63 -0.5974076228942927 0.
2 10 10 1. 0
17 10 31 -0.9999999999999999 -2.0537576531545608e-17
18 10 32 0.8955097630985596 0.
18 10 33 0.44504186791262873 9.140081421997625e-18
42 10 59 1. -2.053757653154561e-17
43 10 60 0.744955120854519 0.
43 10 61 0.6671145837954893 0.
44 10 62 -0.5974076228942927 1.2269304775720277e-17
44 10 63 0.8019377358048383 0.
0 11 11 1. 0
14 11 35 0.6671145837954893 0.
14 11 36 0.744955120854519 1.5299572807116493e-17
39 11 67 0.44504186791262873 0.
39 11 68 0.5974076228942927 -1.2269304775720277e-17
39 11 69 0.6671145837954893 0.
1 12 12 1. 0
15 12 34 0.9999999999999999 2.0537576531545608e-17
16 12 37 -0.8019377358048382 0.
16 12 38 -0.5974076228942926 -1.2269304775720275e-17
40 12 65 -0.8019377358048383 1.646985762262627e-17
40 12 66 -0.5974076228942927 0.
41 12 67 0.5974076228942926 0.
41 12 68 0.35689586789220945 -7.329776200628645e-18
41 12 69 -0.718143071810386 0.
2 13 13 1. 0
17 13 35 -0.7449551208545191 0.
17 13 36 0.6671145837954892 1.3700916820010057e-17
18 13 37 0.5974076228942927 0.
18 13 38 -0.8019377358048381 -1.6469857622626268e-17
42 13 64 -1. 0.
43 13 65 -0.5974076228942927 1.2269304775720277e-17
43 13 66 0.8019377358048383 0.
44 13 67 -0.6671145837954892 0.
44 13 68 0.718143071810386 -1.4748918297905057e-17
44 13 69 -0.19806226419516174 0.
4 14 0 1.8019377358048383 7.401486830834377e-17
21 14 14 1. 0
22 14 14 1.4989928631309313 0.
49 14 39 1.202098942646831 4.937639806619869e-17
50 14 39 1.3423627437488117 2.756887758283677e-17
3 15 1 1. 4.107515306309122e-17
19 15 15 1. 0
20 15 16 1. 0.
45 15 40 1. 4.1075153063091217e-17
46 15 41 0.9999999999999999 2.0537576531545608e-17
6 16 1 -1.4989928631309315 -6.157136129358436e-17
24 16 15 -1.4989928631309313 0.
26 16 16 1. 0
27 16 16 -1.1166824095137644 0.
52 16 40 0.6671145837954893 2.7401833640020114e-17
53 16 40 -1.3423627437488117 -2.756887758283677e-17
54 16 41 1.202098942646831 4.937639806619869e-17
55 16 41 0.8955097630985596 1.8391600294382946e-17
5 17 2 -1.202098942646831 -4.93763980661987e-17
21 17 17 1. 0
22 17 17 -0.6671145837954892 0.
23 17 18 -1.202098942646831 0.
47 17 42 1.202098942646831 4.937639806619869e-17
48 17 43 1.2020989426468307 2.4688199033099346e-17
49 17 44 0.8955097630985596 3.6783200588765887e-17
50 17 44 -0.8019377358048382 -1.6469857622626268e-17
7 18 2 1.3423627437488117 5.5137755165673546e-17
25 18 17 1.3423627437488117 0.
26 18 18 1. 0
27 18 18 0.8955097630985596 0.
51 18 42 1.3423627437488117 2.756887758283677e-17
52 18 43 1.202098942646831 4.937639806619869e-17
53 18 43 0.5974076228942926 1.2269304775720274e-17
54 18 44 0.8019377358048383 3.293971524525254e-17
55 18 44 -1.0764913393506923 -2.2108523267460882e-17
3 19 3 1. 0
19 19 19 1. 0
20 19 20 1. 0
45 19 45 1. 0
46 19 46 1. 0
6 20 3 -1.4989928631309313 0.
24 20 19 -1.4989928631309313 0.
26 20 20 1. 0
27 20 20 -1.1166824095137644 0.
52 20 45 0.6671145837954892 0.
53 20 45 -1.342362743748812 2.7568877582836773e-17
54 20 46 1.2020989426468307 2.4688199033099346e-17
55 20 46 0.8955097630985596 0.
4 21 4 1. 0
4 22 4 1.4989928631309313 0.
5 21 5 1. 0
5 22 5 -0.6671145837954892 0.
21 21 21 1. 0
21 22 22 1. 0
22 21 22 1. 0
22 22 21 1. 0.
22 22 22 0.831878279335442 0.
23 21 23 1. 0
23 22 23 -0.6671145837954892 0.
47 21 47 1. 0
47 22 47 -0.6671145837954892 0.
48 21 48 1. 0
48 22 48 -0.6671145837954892 0.
49 21 49 1. 0
49 22 49 0.2968939204841004 0.
49 22 50 1.0764913393506923 2.2108523267460882e-17
50 21 50 1. 0
50 22 49 1.0764913393506925 -2.2108523267460885e-17
50 22 50 0.5349843588513417 0.
7 23 5 1.3423627437488117 0.
25 23 21 -1.1166824095137646 0.
25 23 22 0.7449551208545191 0.
26 23 23 1. 0
27 23 23 0.8955097630985596 0.
51 23 47 -1.342362743748812 2.7568877582836773e-17
52 23 48 -1.2020989426468307 -2.4688199033099346e-17
53 23 48 -0.5974076228942927 0.
54 23 49 -0.5974076228942926 0.
54 23 50 0.5349843588513415 1.0987282213089287e-17
55 23 49 0.8019377358048383 -1.646985762262627e-17
55 23 50 -0.718143071810386 0.
3 24 6 1. 0.
19 24 24 1. 0
20 24 26 -0.6671145837954892 0.
20 24 27 0.7449551208545191 0.
45 24 52 -0.4450418679126288 0.
45 24 53 0.8955097630985595 1.8391600294382943e-17
46 24 54 -0.8019377358048383 1.646985762262627e-17
46 24 55 -0.5974076228942927 0.
5 25 7 -1.2020989426468307 0.
21 25 25 1. 0
22 25 25 -0.6671145837954892 0.
23 25 26 -0.8955097630985595 0.
23 25 27 -0.8019377358048381 0.
47 25 51 1.2020989426468307 2.4688199033099346e-17
48 25 52 1.0764913393506925 -2.2108523267460885e-17
48 25 53 0.5349843588513417 0.
49 25 54 0.5349843588513415 0.
49 25 55 -0.7181430718103858 -1.4748918297905057e-17
50 25 54 -0.4790837164563998 9.839218491740608e-18
50 25 55 0.6431041321077906 0.
6 26 6 1. 0
6 27 6 -1.1166824095137644 0.
7 26 7 1. 0
7 27 7 0.8955097630985596 0.
24 26 24 1. 0
24 27 24 -1.1166824095137644 0.
25 26 25 1. 0
25 27 25 0.8955097630985596 0.
26 26 26 1. 0
26 27 27 1. 0
27 26 27 1. 0
27 27 26 1. 0.
27 27 27 -0.221172646415205 0.
51 26 51 1. 0
51 27 51 0.8955097630985596 0.
52 26 52 1. 0
52 27 52 0.4969704253951808 0.
52 27 53 0.8019377358048383 1.646985762262627e-17
53 26 53 1. 0
53 27 52 0.8019377358048383 -1.646985762262627e-17
53 27 53 -0.718143071810386 0.
54 26 54 1. 0
54 27 54 -0.3985393377033786 0.
54 27 55 -0.9640085042795895 -1.9798398433702887e-17
55 26 55 1. 0
55 27 54 -0.9640085042795897 1.9798398433702887e-17
55 27 55 0.1773666912881736 0.
5 28 8 1.202098942646831 4.937639806619869e-17
21 28 28 1. 0
22 28 28 -0.6671145837954892 0.
23 28 29 1.2020989426468307 2.4688199033099346e-17
47 28 56 -1.202098942646831 -4.93763980661987e-17
48 28 57 -1.202098942646831 0.
49 28 58 0.8955097630985596 3.6783200588765887e-17
50 28 58 -0.8019377358048382 -1.6469857622626268e-17
7 29 8 1.3423627437488117 2.756887758283677e-17
25 29 28 -1.342362743748812 2.7568877582836773e-17
26 29 29 1. 0
27 29 29 0.8955097630985596 0.
51 29 56 1.3423627437488117 0.
52 29 57 1.2020989426468307 0.
53 29 57 0.5974076228942927 -1.2269304775720277e-17
54 29 58 -0.8019377358048382 -1.6469857622626268e-17
55 29 58 1.0764913393506925 0.
3 30 9 1. 4.1075153063091217e-17
19 30 30 1. 0
20 30 32 -0.4450418679126288 0.
20 30 33 0.8955097630985595 1.8391600294382943e-17
45 30 60 -0.6671145837954893 -2.740183364002012e-17
45 30 61 0.7449551208545191 3.0599145614232986e-17
46 30 62 -0.8019377358048383 0.
46 30 63 -0.5974076228942926 -1.2269304775720275e-17
5 31 10 1.2020989426468307 2.4688199033099346e-17
21 31 31 1. 0
22 31 31 -0.6671145837954892 0.
23 31 32 1.0764913393506925 -2.2108523267460885e-17
23 31 33 0.5349843588513417 0.
47 31 59 -1.2020989426468307 0.
48 31 60 -0.8955097630985595 0.
48 31 61 -0.8019377358048381 0.
49 31 62 0.5349843588513415 0.
49 31 63 -0.7181430718103858 -1.4748918297905057e-17
50 31 62 -0.4790837164563998 9.839218491740608e-18
50 31 63 0.6431041321077906 0.
6 32 9 0.6671145837954893 2.7401833640020114e-17
6 33 9 -1.3423627437488117 -2.756887758283677e-17
7 32 10 1.202098942646831 4.937639806619869e-17
7 33 10 0.5974076228942926 1.2269304775720274e-17
24 32 30 0.6671145837954892 0.
24 33 30 -1.342362743748812 2.7568877582836773e-17
25 32 31 -1.2020989426468307 -2.4688199033099346e-17
25 33 31 -0.5974076228942927 0.
26 32 32 1. 0
26 33 33 1. 0
27 32 32 0.4969704253951808 0.
27 32 33 0.8019377358048383 1.646985762262627e-17
27 33 32 0.8019377358048383 -1.646985762262627e-17
27 33 33 -0.718143071810386 0.
51 32 59 1.202098942646831 0.
51 33 59 0.5974076228942927 -1.2269304775720277e-17
52 32 60 1.0000000000000002 4.1075153063091235e-17
52 32 61 0.49697042539518094 2.0413136290936612e-17
52 33 61 0.8019377358048382 1.6469857622626268e-17
53 32 61 0.8019377358048382 1.6469857622626268e-17
53 33 60 0.9999999999999998 0.
53 33 61 -0.718143071810386 0.
54 32 63 0.8955097630985596 3.6783200588765887e-17
54 33 62 -1.0764913393506923 0.
54 33 63 -0.3568958678922094 -7.329776200628642e-18
55 32 62 0.8955097630985596 0.
55 32 63 -0.5349843588513417 -1.098728221308929e-17
55 33 62 -0.35689586789220945 7.329776200628645e-18
55 33 63 -0.8632790272924121 0.
3 34 12 0.9999999999999999 2.0537576531545608e-17
19 34 34 1. 0
20 34 37 -0.8019377358048383 1.646985762262627e-17
20 34 38 -0.5974076228942927 0.
45 34 65 -0.8019377358048382 0.
45 34 66 -0.5974076228942926 -1.2269304775720275e-17
46 34 67 0.5974076228942926 0.
46 34 68 0.35689586789220945 -7.329776200628645e-18
46 34 69 -0.718143071810386 0.
4 35 11 1.202098942646831 4.937639806619869e-17
4 36 11 1.3423627437488117 2.756887758283677e-17
5 35 13 0.8955097630985596 3.6783200588765887e-17
5 36 13 -0.8019377358048382 -1.6469857622626268e-17
21 35 35 1. 0
21 36 36 1. 0
22 35 35 0.2968939204841004 0.
22 35 36 1.0764913393506923 2.2108523267460882e-17
22 36 35 1.0764913393506925 -2.2108523267460885e-17
22 36 36 0.5349843588513417 0.
23 35 37 0.5349843588513417 0.
23 35 38 -0.7181430718103858 -1.4748918297905057e-17
23 36 37 -0.4790837164563998 9.839218491740608e-18
23 36 38 0.6431041321077906 0.
47 35 64 0.8955097630985596 3.6783200588765887e-17
47 36 64 -0.8019377358048382 -1.6469857622626268e-17
48 35 65 0.5349843588513417 0.
48 35 66 -0.7181430718103858 -1.4748918297905057e-17
48 36 65 -0.4790837164563998 9.839218491740608e-18
48 36 66 0.6431041321077906 0.
49 35 67 0.8019377358048384 3.293971524525255e-17
49 35 69 0.6671145837954892 2.7401833640020108e-17
49 36 68 0.9640085042795895 0.
49 36 69 0.4790837164563997 9.839218491740607e-18
50 35 68 0.9640085042795897 0.
50 35 69 0.4790837164563997 9.839218491740607e-18
50 36 67 0.8019377358048382 0.
50 36 68 0.21321231205828037 -4.378864176364718e-18
50 36 69 0.773074797218583 0.
6 37 12 1.202098942646831 4.937639806619869e-17
6 38 12 0.8955097630985596 1.8391600294382946e-17
7 37 13 0.8019377358048383 3.293971524525254e-17
7 38 13 -1.0764913393506923 -2.2108523267460882e-17
24 37 34 1.2020989426468307 2.4688199033099346e-17
24 38 34 0.8955097630985596 0.
25 37 35 -0.5974076228942926 0.
25 37 36 0.5349843588513415 1.0987282213089287e-17
25 38 35 0.8019377358048383 -1.646985762262627e-17
25 38 36 -0.718143071810386 0.
26 37 37 1. 0
26 38 38 1. 0
27 37 37 -0.3985393377033786 0.
27 37 38 -0.9640085042795895 -1.9798398433702887e-17
27 38 37 -0.9640085042795897 1.9798398433702887e-17
27 38 38 0.1773666912881736 0.
51 37 64 -0.8019377358048382 -1.6469857622626268e-17
51 38 64 1.0764913393506925 0.
52 37 66 0.8955097630985596 3.6783200588765887e-17
52 38 65 0.8955097630985593 0.
52 38 66 -0.5349843588513417 -1.098728221308929e-17
53 37 65 -1.0764913393506925 0.
53 37 66 -0.3568958678922094 -7.329776200628642e-18
53 38 65 -0.35689586789220945 7.329776200628645e-18
53 38 66 -0.8632790272924121 0.
54 37 67 -0.8955097630985597 -3.67832005887659e-17
54 37 69 0.5974076228942927 2.453860955144055e-17
54 38 68 -0.7181430718103858 0.
54 38 69 0.6431041321077905 1.3207800330916967e-17
55 37 68 -0.718143071810386 0.
55 37 69 0.6431041321077905 1.3207800330916967e-17
55 38 67 -0.8955097630985595 0.
55 38 68 0.429024145428248 -8.811116220613598e-18
55 38 69 0.21321231205828034 0.
11 39 0 2.2469796037174667 0.
35 39 14 1.4989928631309313 0.
36 39 14 1.6738989622449851 -3.437782804318116e-17
67 39 39 1. 0
68 39 39 1.3423627437488117 2.756887758283677e-17
69 39 39 1.4989928631309313 0.
9 40 1 -1.4989928631309313 0.
30 40 15 -1.4989928631309313 0.
32 40 16 0.6671145837954892 0.
33 40 16 -1.342362743748812 2.7568877582836773e-17
60 40 40 1. 0
61 40 40 -1.1166824095137644 0.
62 40 41 1.2020989426468307 2.4688199033099346e-17
63 40 41 0.8955097630985596 0.
12 41 1 1.673898962244985 0.
34 41 15 1.6738989622449851 -3.437782804318116e-17
37 41 16 -1.3423627437488117 0.
38 41 16 -1. 2.053757653154561e-17
65 41 40 -1.3423627437488117 -2.756887758283677e-17
66 41 40 -1. 0.
67 41 41 1. 0
68 41 41 0.5974076228942926 1.2269304775720274e-17
69 41 41 -1.202098942646831 0.
8 42 2 0.9999999999999998 0.
28 42 17 -1. 0.
29 42 18 1. -2.053757653154561e-17
56 42 42 1. 0
57 42 43 0.9999999999999999 2.0537576531545608e-17
58 42 44 -1. 0.
10 43 2 1.3423627437488117 0.
31 43 17 -1.342362743748812 2.7568877582836773e-17
32 43 18 1.2020989426468307 0.
33 43 18 0.5974076228942927 -1.2269304775720277e-17
59 43 42 1.3423627437488117 2.756887758283677e-17
60 43 43 1. 0
61 43 43 0.8955097630985596 0.
62 43 44 -0.8019377358048382 -1.6469857622626268e-17
63 43 44 1.0764913393506925 0.
13 44 2 -1.4989928631309313 0.
35 44 17 1.1166824095137644 0.
36 44 17 -1. 2.053757653154561e-17
37 44 18 -0.8955097630985596 0.
38 44 18 1.202098942646831 -2.4688199033099346e-17
64 44 42 1.4989928631309313 0.
65 44 43 0.8955097630985596 1.8391600294382946e-17
66 44 43 -1.202098942646831 0.
67 44 44 1. 0
68 44 44 -1.0764913393506923 -2.2108523267460882e-17
69 44 44 0.2968939204841004 0.
9 45 3 -1.4989928631309313 0.
30 45 19 -1.4989928631309315 -6.157136129358436e-17
32 45 20 0.6671145837954893 2.7401833640020114e-17
33 45 20 -1.3423627437488117 -2.756887758283677e-17
60 45 45 1. 0
61 45 45 -1.1166824095137644 0.
62 45 46 1.202098942646831 4.937639806619869e-17
63 45 46 0.8955097630985596 1.8391600294382946e-17
12 46 3 1.6738989622449851 -3.437782804318116e-17
34 46 19 1.673898962244985 0.
37 46 20 -1.3423627437488117 -2.756887758283677e-17
38 46 20 -1. 0.
65 46 45 -1.3423627437488117 0.
66 46 45 -1. 2.053757653154561e-17
67 46 46 1. 0
68 46 46 0.5974076228942926 1.2269304775720274e-17
69 46 46 -1.202098942646831 0.
8 47 5 -1. 0.
28 47 21 -0.8318782793354422 -3.4169527653564244e-17
28 47 22 0.5549581320873712 2.2794990219095967e-17
29 47 23 -0.9999999999999999 -2.0537576531545608e-17
56 47 47 1. 0
57 47 48 1. 4.1075153063091217e-17
58 47 49 -0.7449551208545191 0.
58 47 50 0.6671145837954892 1.3700916820010057e-17
10 48 5 -1.342362743748812 2.7568877582836773e-17
31 48 21 -1.1166824095137646 0.
31 48 22 0.7449551208545191 0.
32 48 23 -1.2020989426468307 -2.4688199033099346e-17
33 48 23 -0.5974076228942927 0.
59 48 47 1.3423627437488117 0.
60 48 48 1. 0
61 48 48 0.8955097630985596 0.
62 48 49 -0.5974076228942926 0.
62 48 50 0.5349843588513415 1.0987282213089287e-17
63 48 49 0.8019377358048383 -1.646985762262627e-17
63 48 50 -0.718143071810386 0.
11 49 4 1.4989928631309313 0.
11 50 4 1.6738989622449851 -3.437782804318116e-17
13 49 5 1.1166824095137644 0.
13 50 5 -1. 2.053757653154561e-17
35 49 21 1.2469796037174674 5.1219878089247814e-17
35 49 22 0.3702206633113888 1.5206870412634454e-17
35 50 22 1.3423627437488117 2.756887758283677e-17
36 49 22 1.3423627437488117 2.756887758283677e-17
36 50 21 1.2469796037174667 0.
36 50 22 0.6671145837954893 0.
37 49 23 0.6671145837954893 2.7401833640020114e-17
37 50 23 -0.5974076228942926 -1.2269304775720274e-17
38 49 23 -0.8955097630985596 -1.8391600294382946e-17
38 50 23 0.8019377358048383 0.
64 49 47 1.1166824095137644 0.
64 50 47 -1. 2.053757653154561e-17
65 49 48 0.6671145837954893 2.7401833640020114e-17
65 50 48 -0.5974076228942926 -1.2269304775720274e-17
66 49 48 -0.8955097630985596 -1.8391600294382946e-17
66 50 48 0.8019377358048383 0.
67 49 49 1. 0
67 50 50 1. 0
68 49 50 1.202098942646831 4.937639806619869e-17
68 50 49 1.202098942646831 0.
68 50 50 0.26587140439811935 5.460354315375888e-18
69 49 49 0.831878279335442 0.
69 49 50 0.5974076228942927 1.2269304775720277e-17
69 50 49 0.5974076228942927 -1.2269304775720277e-17
69 50 50 0.9640085042795897 0.
8 51 7 1. -2.053757653154561e-17
28 51 25 -0.9999999999999999 -2.0537576531545608e-17
29 51 26 0.744955120854519 0.
29 51 27 0.6671145837954893 0.
56 51 51 1. 0
57 51 52 0.8955097630985596 0.
57 51 53 0.44504186791262873 9.140081421997625e-18
58 51 54 -0.5974076228942927 1.2269304775720277e-17
58 51 55 0.8019377358048383 0.
9 52 6 0.6671145837954892 0.
9 53 6 -1.342362743748812 2.7568877582836773e-17
10 52 7 1.202098942646831 0.
10 53 7 0.5974076228942927 -1.2269304775720277e-17
30 52 24 0.6671145837954893 2.7401833640020114e-17
30 53 24 -1.3423627437488117 -2.756887758283677e-17
31 52 25 -1.2020989426468307 -2.4688199033099346e-17
31 53 25 -0.5974076228942927 0.
32 52 26 1.0000000000000002 4.1075153063091235e-17
32 52 27 0.49697042539518094 2.0413136290936612e-17
32 53 27 0.8019377358048382 1.6469857622626268e-17
33 52 27 0.8019377358048382 1.6469857622626268e-17
33 53 26 0.9999999999999998 0.
33 53 27 -0.718143071810386 0.
59 52 51 1.202098942646831 4.937639806619869e-17
59 53 51 0.5974076228942926 1.2269304775720274e-17
60 52 52 1. 0
60 53 53 1. 0
61 52 52 0.4969704253951808 0.
61 52 53 0.8019377358048383 1.646985762262627e-17
61 53 52 0.8019377358048383 -1.646985762262627e-17
61 53 53 -0.718143071810386 0.
62 52 55 0.8955097630985596 3.6783200588765887e-17
62 53 54 -1.0764913393506923 0.
62 53 55 -0.3568958678922094 -7.329776200628642e-18
63 52 54 0.8955097630985596 0.
63 52 55 -0.5349843588513417 -1.098728221308929e-17
63 53 54 -0.35689586789220945 7.329776200628645e-18
63 53 55 -0.8632790272924121 0.
12 54 6 -1.3423627437488117 0.
12 55 6 -1. 2.053757653154561e-17
13 54 7 -0.8955097630985596 0.
13 55 7 1.202098942646831 -2.4688199033099346e-17
34 54 24 -1.3423627437488117 -2.756887758283677e-17
34 55 24 -1. 0.
35 54 25 0.6671145837954893 2.7401833640020114e-17
35 55 25 -0.8955097630985596 -1.8391600294382946e-17
36 54 25 -0.5974076228942926 -1.2269304775720274e-17
36 55 25 0.8019377358048383 0.
37 54 26 -1.1166824095137646 -4.58679008936394e-17
37 54 27 0.4450418679126289 1.8280162843995256e-17
37 55 27 1.0764913393506923 2.2108523267460882e-17
38 54 27 1.0764913393506923 2.2108523267460882e-17
38 55 26 -1.1166824095137646 0.
38 55 27 -0.19806226419516174 0.
64 54 51 0.8955097630985596 1.8391600294382946e-17
64 55 51 -1.202098942646831 0.
65 54 53 1.202098942646831 4.937639806619869e-17
65 55 52 -0.9999999999999999 0.
65 55 53 0.3985393377033786 8.185032148914639e-18
66 54 52 -0.9999999999999999 0.
66 54 53 0.3985393377033786 8.185032148914639e-18
66 55 52 0.5974076228942927 -1.2269304775720277e-17
66 55 53 0.9640085042795897 0.
67 54 54 1. 0
67 55 55 1. 0
68 54 55 0.8019377358048383 3.293971524525254e-17
68 55 54 0.8019377358048382 0.
68 55 55 -0.47908371645639963 -9.839218491740607e-18
69 54 54 -0.6671145837954892 0.
69 54 55 -0.718143071810386 -1.4748918297905057e-17
69 55 54 -0.718143071810386 1.4748918297905057e-17
69 55 55 -0.23809043836724117 0.
8 56 8 1. 0
28 56 28 1. 0
29 56 29 1. 0
56 56 56 1. 0
57 56 57 1. 0
58 56 58 1. 0
10 57 8 1.3423627437488117 2.756887758283677e-17
31 57 28 1.3423627437488117 0.
32 57 29 1.202098942646831 4.937639806619869e-17
33 57 29 0.5974076228942926 1.2269304775720274e-17
59 57 56 1.3423627437488117 5.5137755165673546e-17
60 57 57 1. 0
61 57 57 0.8955097630985596 0.
62 57 58 0.8019377358048383 3.293971524525254e-17
63 57 58 -1.0764913393506923 -2.2108523267460882e-17
13 58 8 1.4989928631309313 0.
35 58 28 1.1166824095137644 0.
36 58 28 -1. 2.053757653154561e-17
37 58 29 0.8955097630985596 1.8391600294382946e-17
38 58 29 -1.202098942646831 0.
64 58 56 -1.4989928631309313 0.
65 58 57 -0.8955097630985596 0.
66 58 57 1.202098942646831 -2.4688199033099346e-17
67 58 58 1. 0
68 58 58 -1.0764913393506923 -2.2108523267460882e-17
69 58 58 0.2968939204841004 0.
8 59 10 0.9999999999999999 2.0537576531545608e-17
28 59 31 1. 4.1075153063091217e-17
29 59 32 0.8955097630985596 0.
29 59 33 0.44504186791262873 9.140081421997625e-18
56 59 59 1. 0
57 59 60 0.7449551208545191 3.059914561423299e-17
57 59 61 0.6671145837954893 2.7401833640020114e-17
58 59 62 0.5974076228942927 0.
58 59 63 -0.8019377358048381 -1.6469857622626268e-17
9 60 9 1. 0
9 61 9 -1.1166824095137644 0.
10 60 10 1. 0
10 61 10 0.8955097630985596 0.
30 60 30 1. 0
30 61 30 -1.1166824095137644 0.
31 60 31 1. 0
31 61 31 0.8955097630985596 0.
32 60 32 1. 0
32 61 32 0.4969704253951808 0.
32 61 33 0.8019377358048383 1.646985762262627e-17
33 60 33 1. 0
33 61 32 0.8019377358048383 -1.646985762262627e-17
33 61 33 -0.718143071810386 0.
59 60 59 1. 0
59 61 59 0.8955097630985596 0.
60 60 60 1. 0
60 61 61 1. 0
61 60 61 1. 0
61 61 60 1. 0.
61 61 61 -0.221172646415205 0.
62 60 62 1. 0
62 61 62 -0.3985393377033786 0.
62 61 63 -0.9640085042795895 -1.9798398433702887e-17
63 60 63 1. 0
63 61 62 -0.9640085042795897 1.9798398433702887e-17
63 61 63 0.1773666912881736 0.
12 62 9 -1.3423627437488117 -2.756887758283677e-17
12 63 9 -1. 0.
13 62 10 0.8955097630985596 1.8391600294382946e-17
13 63 10 -1.202098942646831 0.
34 62 30 -1.3423627437488117 0.
34 63 30 -1. 2.053757653154561e-17
35 62 31 0.6671145837954893 2.7401833640020114e-17
35 63 31 -0.8955097630985596 -1.8391600294382946e-17
36 62 31 -0.5974076228942926 -1.2269304775720274e-17
36 63 31 0.8019377358048383 0.
37 62 33 1.202098942646831 4.937639806619869e-17
37 63 32 -0.9999999999999999 0.
37 63 33 0.3985393377033786 8.185032148914639e-18
38 62 32 -0.9999999999999999 0.
38 62 33 0.3985393377033786 8.185032148914639e-18
38 63 32 0.5974076228942927 -1.2269304775720277e-17
38 63 33 0.9640085042795897 0.
64 62 59 -0.8955097630985596 0.
64 63 59 1.202098942646831 -2.4688199033099346e-17
65 62 60 -1.1166824095137646 -4.58679008936394e-17
65 62 61 0.4450418679126289 1.8280162843995256e-17
65 63 61 1.0764913393506923 2.2108523267460882e-17
66 62 61 1.0764913393506923 2.2108523267460882e-17
66 63 60 -1.1166824095137646 0.
66 63 61 -0.19806226419516174 0.
67 62 62 1. 0
67 63 63 1. 0
68 62 63 0.8019377358048383 3.293971524525254e-17
68 63 62 0.8019377358048382 0.
68 63 63 -0.47908371645639963 -9.839218491740607e-18
69 62 62 -0.6671145837954892 0.
69 62 63 -0.718143071810386 -1.4748918297905057e-17
69 63 62 -0.718143071810386 1.4748918297905057e-17
69 63 63 -0.23809043836724117 0.
8 64 13 -1. 0.
28 64 35 -0.7449551208545191 0.
28 64 36 0.6671145837954892 1.3700916820010057e-17
29 64 37 -0.5974076228942927 1.2269304775720277e-17
29 64 38 0.8019377358048383 0.
56 64 64 1. 0
57 64 65 0.5974076228942927 0.
57 64 66 -0.8019377358048381 -1.6469857622626268e-17
58 64 67 -0.6671145837954892 0.
58 64 68 0.718143071810386 -1.4748918297905057e-17
58 64 69 -0.19806226419516174 0.
9 65 12 1.2020989426468307 2.4688199033099346e-17
9 66 12 0.8955097630985596 0.
10 65 13 -0.8019377358048382 -1.6469857622626268e-17
10 66 13 1.0764913393506925 0.
30 65 34 1.202098942646831 4.937639806619869e-17
30 66 34 0.8955097630985596 1.8391600294382946e-17
31 65 35 -0.5974076228942926 0.
31 65 36 0.5349843588513415 1.0987282213089287e-17
31 66 35 0.8019377358048383 -1.646985762262627e-17
31 66 36 -0.718143071810386 0.
32 65 38 0.8955097630985596 3.6783200588765887e-17
32 66 37 0.8955097630985593 0.
32 66 38 -0.5349843588513417 -1.098728221308929e-17
33 65 37 -1.0764913393506925 0.
33 65 38 -0.3568958678922094 -7.329776200628642e-18
33 66 37 -0.35689586789220945 7.329776200628645e-18
33 66 38 -0.8632790272924121 0.
59 65 64 0.8019377358048383 3.293971524525254e-17
59 66 64 -1.0764913393506923 -2.2108523267460882e-17
60 65 65 1. 0
60 66 66 1. 0
61 65 65 -0.3985393377033786 0.
61 65 66 -0.9640085042795895 -1.9798398433702887e-17
61 66 65 -0.9640085042795897 1.9798398433702887e-17
61 66 66 0.1773666912881736 0.
62 65 67 -0.8955097630985597 -3.67832005887659e-17
62 65 69 0.5974076228942927 2.453860955144055e-17
62 66 68 -0.7181430718103858 0.
62 66 69 0.6431041321077905 1.3207800330916967e-17
63 65 68 -0.718143071810386 0.
63 65 69 0.6431041321077905 1.3207800330916967e-17
63 66 67 -0.8955097630985595 0.
63 66 68 0.429024145428248 -8.811116220613598e-18
63 66 69 0.21321231205828034 0.
11 67 11 1. 0
11 68 11 1.3423627437488117 2.756887758283677e-17
11 69 11 1.4989928631309313 0.
12 67 12 1. 0
12 68 12 0.5974076228942926 1.2269304775720274e-17
12 69 12 -1.202098942646831 0.
13 67 13 1. 0
13 68 13 -1.0764913393506923 -2.2108523267460882e-17
13 69 13 0.2968939204841004 0.
34 67 34 1. 0
34 68 34 0.5974076228942926 1.2269304775720274e-17
34 69 34 -1.202098942646831 0.
35 67 35 1. 0
35 68 36 1.202098942646831 4.937639806619869e-17
35 69 35 0.831878279335442 0.
35 69 36 0.5974076228942927 1.2269304775720277e-17
36 67 36 1. 0
36 68 35 1.202098942646831 0.
36 68 36 0.26587140439811935 5.460354315375888e-18
36 69 35 0.5974076228942927 -1.2269304775720277e-17
36 69 36 0.9640085042795897 0.
37 67 37 1. 0
37 68 38 0.8019377358048383 3.293971524525254e-17
37 69 37 -0.6671145837954892 0.
37 69 38 -0.718143071810386 -1.4748918297905057e-17
38 67 38 1. 0
38 68 37 0.8019377358048382 0.
38 68 38 -0.47908371645639963 -9.839218491740607e-18
38 69 37 -0.718143071810386 1.4748918297905057e-17
38 69 38 -0.23809043836724117 0.
64 67 64 1. 0
64 68 64 -1.0764913393506923 -2.2108523267460882e-17
64 69 64 0.2968939204841004 0.
65 67 65 1. 0
65 68 66 0.8019377358048383 3.293971524525254e-17
65 69 65 -0.6671145837954892 0.
65 69 66 -0.718143071810386 -1.4748918297905057e-17
66 67 66 1. 0
66 68 65 0.8019377358048382 0.
66 68 66 -0.47908371645639963 -9.839218491740607e-18
66 69 65 -0.718143071810386 1.4748918297905057e-17
66 69 66 -0.23809043836724117 0.
67 67 67 1. 0
67 68 68 1. 0
67 69 69 1. 0
68 67 68 1. 0
68 68 67 0.9999999999999999 4.1075153063091217e-17
68 68 69 0.5349843588513418 2.1974564426178584e-17
68 69 68 0.5349843588513417 0.
68 69 69 0.863279027292412 1.7729659091096165e-17
69 67 69 1. 0
69 68 68 0.5349843588513417 0.
69 68 69 0.863279027292412 1.7729659091096165e-17
69 69 67 1. 0.
69 69 68 0.8632790272924121 -1.7729659091096168e-17
69 69 69 0.05880348211685924 0.