1 1 1 1 0 0 0 0 0 0 0 0 0 0 0 0 0 0 0 0 1 1 1 1 0 0 0 0 0 0 0 0 0 0 0 0 0 0 0 0 1 1 1 1 0 0 0 0 0 0 0 0 0 0 0 0 0 0 0 0 1 1 1 1
0 0 0 1. 0
16 0 16 1. 0
32 0 32 1. 0
48 0 48 1. 0
1 1 1 1. 0
17 1 17 1. 0
33 1 33 1. 0
49 1 49 1. 0
2 2 2 1. 0
18 2 18 1. 0
34 2 34 1. 0
50 2 50 1. 0
3 3 3 1. 0
19 3 19 1. 0
35 3 35 1. 0
51 3 51 1. 0
1 4 4 1. 0
17 4 20 -1. 0
33 4 36 0. 1.
49 4 52 0. -1.
0 5 5 1. 0
16 5 21 1. 0
32 5 37 1. 0
48 5 53 1. 0
3 6 6 1. 0
19 6 22 1. 0
35 6 38 0. 1.
51 6 54 1. 0
2 7 7 1. 0
18 7 23 -1. 0
34 7 39 0. 1.
50 7 55 -1. 0
3 8 8 1. 0
19 8 24 1. 0
35 8 40 0. -1.
51 8 56 1. 0
2 9 9 1. 0
18 9 25 -1. 0
34 9 41 -1. 0
50 9 57 -1. 0
0 10 10 1. 0
16 10 26 1. 0
32 10 42 1. 0
48 10 58 1. 0
1 11 11 1. 0
17 11 27 0. -1.
33 11 43 0. -1.
49 11 59 0. -1.
2 12 12 1. 0
18 12 28 0. 1.
34 12 44 0. 1.
50 12 60 0. 1.
3 13 13 1. 0
19 13 29 0. 1.
35 13 45 0. 1.
51 13 61 1. 0
1 14 14 1. 0
17 14 30 0. 1.
33 14 46 0. 1.
49 14 62 0. -1.
0 15 15 1. 0
16 15 31 1. 0
32 15 47 1. 0
48 15 63 1. 0
5 16 0 1. 0
21 16 16 1. 0
37 16 32 1. 0
53 16 48 1. 0
4 17 1 -1. 0
20 17 17 1. 0
36 17 33 0. 1.
52 17 49 0. -1.
7 18 2 -1. 0
23 18 18 1. 0
39 18 34 0. 1.
55 18 50 1. 0
6 19 3 1. 0
22 19 19 1. 0
38 19 35 0. -1.
54 19 51 1. 0
4 20 4 1. 0
20 20 20 1. 0
36 20 36 1. 0
52 20 52 1. 0
5 21 5 1. 0
21 21 21 1. 0
37 21 37 1. 0
53 21 53 1. 0
6 22 6 1. 0
22 22 22 1. 0
38 22 38 1. 0
54 22 54 1. 0
7 23 7 1. 0
23 23 23 1. 0
39 23 39 1. 0
55 23 55 1. 0
6 24 8 1. 0
22 24 24 1. 0
38 24 40 -1. 0
54 24 56 1. 0
7 25 9 1. 0
23 25 25 1. 0
39 25 41 0. 1.
55 25 57 1. 0
5 26 10 1. 0
21 26 26 1. 0
37 26 42 1. 0
53 26 58 1. 0
4 27 11 0. -1.
20 27 27 1. 0
36 27 43 0. 1.
52 27 59 0. -1.
7 28 12 0. 1.
23 28 28 1. 0
39 28 44 0. 1.
55 28 60 1. 0
6 29 13 0. -1.
22 29 29 1. 0
38 29 45 0. -1.
54 29 61 0. -1.
4 30 14 0. 1.
20 30 30 1. 0
36 30 46 0. 1.
52 30 62 0. 1.
5 31 15 1. 0
21 31 31 1. 0
37 31 47 1. 0
53 31 63 1. 0
10 32 0 1. 0
26 32 16 1. 0
42 32 32 1. 0
58 32 48 1. 0
11 33 1 0. -1.
27 33 17 1. 0
43 33 33 1. 0
59 33 49 1. 0
9 34 2 -1. 0
25 34 18 1. 0
41 34 34 1. 0
57 34 50 1. 0
8 35 3 0. -1.
24 35 19 0. -1.
40 35 35 1. 0
56 35 51 0. -1.
11 36 4 -1. 0
27 36 20 0. 1.
43 36 36 1. 0
59 36 52 -1. 0
10 37 5 1. 0
26 37 21 1. 0
42 37 37 1. 0
58 37 53 1. 0
8 38 6 -1. 0
24 38 22 -1. 0
40 38 38 1. 0
56 38 54 -1. 0
9 39 7 0. 1.
25 39 23 0. 1.
41 39 39 1. 0
57 39 55 0. 1.
8 40 8 1. 0
24 40 24 1. 0
40 40 40 1. 0
56 40 56 1. 0
9 41 9 1. 0
25 41 25 1. 0
41 41 41 1. 0
57 41 57 1. 0
10 42 10 1. 0
26 42 26 1. 0
42 42 42 1. 0
58 42 58 1. 0
11 43 11 1. 0
27 43 27 1. 0
43 43 43 1. 0
59 43 59 1. 0
9 44 12 0. 1.
25 44 28 1. 0
41 44 44 1. 0
57 44 60 1. 0
8 45 13 -1. 0
24 45 29 0. -1.
40 45 45 1. 0
56 45 61 -1. 0
11 46 14 -1. 0
27 46 30 1. 0
43 46 46 1. 0
59 46 62 -1. 0
10 47 15 1. 0
26 47 31 1. 0
42 47 47 1. 0
58 47 63 1. 0
15 48 0 1. 0
31 48 16 1. 0
47 48 32 1. 0
63 48 48 1. 0
14 49 1 0. -1.
30 49 17 -1. 0
46 49 33 -1. 0
62 49 49 1. 0
12 50 2 0. 1.
28 50 18 1. 0
44 50 34 1. 0
60 50 50 1. 0
13 51 3 1. 0
29 51 19 0. -1.
45 51 35 0. -1.
61 51 51 1. 0
14 52 4 1. 0
30 52 20 0. 1.
46 52 36 1. 0
62 52 52 1. 0
15 53 5 1. 0
31 53 21 1. 0
47 53 37 1. 0
63 53 53 1. 0
13 54 6 1. 0
29 54 22 0. -1.
45 54 38 1. 0
61 54 54 1. 0
12 55 7 0. -1.
28 55 23 1. 0
44 55 39 0. -1.
60 55 55 1. 0
13 56 8 1. 0
29 56 24 0. -1.
45 56 40 -1. 0
61 56 56 1. 0
12 57 9 0. -1.
28 57 25 1. 0
44 57 41 1. 0
60 57 57 1. 0
15 58 10 1. 0
31 58 26 1. 0
47 58 42 1. 0
63 58 58 1. 0
14 59 11 1. 0
30 59 27 -1. 0
46 59 43 -1. 0
62 59 59 1. 0
12 60 12 1. 0
28 60 28 1. 0
44 60 44 1. 0
60 60 60 1. 0
13 61 13 1. 0
29 61 29 1. 0
45 61 45 1. 0
61 61 61 1. 0
14 62 14 1. 0
30 62 30 1. 0
46 62 46 1. 0
62 62 62 1. 0
15 63 15 1. 0
31 63 31 1. 0
47 63 47 1. 0
63 63 63 1. 0