1 1 1 0 0 0 0 0 0 0 0 0 1 1 1 0 0 0 0 0 0 0 0 0 1 1 1
0 0 0 1. 0
9 0 9 1. 0
18 0 18 1. 0
1 1 1 1. 0
10 1 10 1. 0
19 1 19 1. 0
2 2 2 1. 0
11 2 11 1. 0
20 2 20 1. 0
2 3 3 1. 0
11 3 12 -0.4999999999999998 0.8660254037844387
20 3 21 -0.4999999999999998 0.8660254037844387
0 4 4 1. 0
9 4 13 1. 0
18 4 22 1. 0
1 5 5 1. 0
10 5 14 -0.4999999999999998 -0.8660254037844387
19 5 23 -0.4999999999999998 -0.8660254037844387
1 6 6 1. 0
10 6 15 1. 0
19 6 24 -0.4999999999999998 -0.8660254037844387
2 7 7 1. 0
11 7 16 1. 0
20 7 25 -0.4999999999999998 0.8660254037844387
0 8 8 1. 0
9 8 17 1. 0
18 8 26 1. 0
4 9 0 1. 0
13 9 9 1. 0
22 9 18 1. 0
5 10 1 -0.4999999999999998 -0.8660254037844387
14 10 10 1. 0
23 10 19 1. 0
3 11 2 -0.4999999999999998 0.8660254037844387
12 11 11 1. 0
21 11 20 1. 0
3 12 3 1. 0
12 12 12 1. 0
21 12 21 1. 0
4 13 4 1. 0
13 13 13 1. 0
22 13 22 1. 0
5 14 5 1. 0
14 14 14 1. 0
23 14 23 1. 0
5 15 6 -0.4999999999999998 -0.8660254037844387
14 15 15 1. 0
23 15 24 -0.4999999999999998 -0.8660254037844387
3 16 7 -0.4999999999999998 0.8660254037844387
12 16 16 1. 0
21 16 25 -0.4999999999999998 0.8660254037844387
4 17 8 1. 0
13 17 17 1. 0
22 17 26 1. 0
8 18 0 1. 0
17 18 9 1. 0
26 18 18 1. 0
6 19 1 -0.4999999999999998 -0.8660254037844387
15 19 10 -0.4999999999999998 -0.8660254037844387
24 19 19 1. 0
7 20 2 -0.4999999999999998 0.8660254037844387
16 20 11 -0.4999999999999998 0.8660254037844387
25 20 20 1. 0
7 21 3 1. 0
16 21 12 -0.4999999999999998 0.8660254037844387
25 21 21 1. 0
8 22 4 1. 0
17 22 13 1. 0
26 22 22 1. 0
6 23 5 1. 0
15 23 14 -0.4999999999999998 -0.8660254037844387
24 23 23 1. 0
6 24 6 1. 0
15 24 15 1. 0
24 24 24 1. 0
7 25 7 1. 0
16 25 16 1. 0
25 25 25 1. 0
8 26 8 1. 0
17 26 17 1. 0
26 26 26 1. 0