1 0 0 0 0 0 0 0 0 0 0 0 0 0 1 0 0 0 0 0 0 0 0 0 1 0 0 0 0 0 0 0 0 0 0 0 0 0 0 0 1 0 0 0 0 0 0 0 0 0 0 0 0 0 0 0 0 0 0 1 0 0 0 0 0 0 0 0 0 0 0 0 1 0 0 0 0 0 0 0 0 0 0 0
0 0 0 1. 0
0 1 1 1. 0
0 2 2 1. 0
0 3 3 1. 0
0 4 4 1. 0
0 5 5 1. 0
1 0 1 1. 0
1 1 0 1. 0
1 2 2 1. 0
1 3 4 1. 0
1 4 3 1. 0
1 5 5 1. 0
2 0 2 1. 0
2 1 2 1. 0
2 2 0 1. 0
2 2 1 1. 0
2 3 5 0.9999999999999999 0
2 4 5 0.9999999999999999 0
2 5 3 0.9999999999999999 0
2 5 4 0.9999999999999999 0
3 0 3 1. 0
3 1 4 1. 0
3 2 5 0.9999999999999999 0
3 3 0 1.0000000000000002 0
3 3 4 0.9999999999999999 0
3 4 1 1.0000000000000002 0
3 4 3 0.9999999999999999 0
3 5 2 1.0000000000000002 0
3 5 5 0.9999999999999999 0
4 0 4 1. 0
4 1 3 1. 0
4 2 5 0.9999999999999999 0
4 3 1 1.0000000000000002 0
4 3 3 0.9999999999999999 0
4 4 0 1.0000000000000002 0
4 4 4 0.9999999999999999 0
4 5 2 1.0000000000000002 0
4 5 5 0.9999999999999999 0
5 0 5 1. 0
5 1 5 1. 0
5 2 3 0.9999999999999999 0
5 2 4 0.9999999999999999 0
5 3 2 1.0000000000000002 0
5 3 5 0.9999999999999999 0
5 4 2 1.0000000000000002 0
5 4 5 0.9999999999999999 0
5 5 0 0.9999999999999999 0
5 5 1 0.9999999999999999 0
5 5 3 1. 0
5 5 4 1. 0
6 0 6 1. 0
6 1 6 -1. 0
6 3 7 -0.9999999999999999 0
6 4 7 0.9999999999999999 0
7 0 7 1. 0
7 1 7 -1. 0
7 3 6 -1.0000000000000002 0
7 3 7 -0.9999999999999999 0
7 4 6 1.0000000000000002 0
7 4 7 0.9999999999999999 0
8 0 8 1. 0
8 1 8 -1. 0
8 3 8 0.6180339887498948 0
8 4 8 -0.6180339887498948 0
9 0 9 1. 0
9 1 10 -1. 0
9 2 11 0.9999999999999999 0
9 3 10 0.6180339887498948 0
9 4 9 -0.6180339887498948 0
9 5 11 -0.6180339887498948 0
10 0 10 1. 0
10 1 9 -1. 0
10 2 11 -0.9999999999999999 0
10 3 9 0.6180339887498948 0
10 4 10 -0.6180339887498948 0
10 5 11 0.6180339887498948 0
11 0 11 1. 0
11 1 11 1. 0
11 2 9 0.9999999999999999 0
11 2 10 -0.9999999999999999 0
11 3 11 -0.6180339887498948 0
11 4 11 -0.6180339887498948 0
11 5 9 -0.6180339887498949 0
11 5 10 0.6180339887498949 0
12 6 0 1. 0
12 6 1 -1. 0
12 7 3 -0.9999999999999999 0
12 7 4 0.9999999999999999 0
13 6 3 0.9999999999999999 0
13 6 4 -0.9999999999999999 0
13 7 0 -0.9999999999999999 0
13 7 1 0.9999999999999999 0
13 7 3 1. 0
13 7 4 -1. 0
14 6 6 1. 0
14 7 7 1. 0
15 6 6 1. 0
15 7 7 1. 0
17 6 7 -0.9999999999999999 0
17 7 6 -1.0000000000000002 0
17 7 7 -0.9999999999999999 0
18 6 7 -0.9999999999999999 0
18 7 6 -1.0000000000000002 0
18 7 7 -0.9999999999999999 0
20 6 8 0.9999999999999999 0
20 7 8 -0.6180339887498948 0
21 6 8 -0.9999999999999999 0
21 7 8 0.6180339887498948 0
23 6 9 0.9999999999999999 0
23 6 10 0.9999999999999999 0
23 7 9 -0.6180339887498949 0
23 7 10 -0.6180339887498949 0
36 8 0 -1.272019649514069 0
36 8 1 1.272019649514069 0
36 8 3 -0.7861513777574232 0
36 8 4 0.7861513777574232 0
37 8 6 -1.2720196495140692 0
37 8 7 0.7861513777574234 0
38 8 6 -1.2720196495140692 0
38 8 7 0.7861513777574234 0
40 8 8 1. 0
41 8 8 -1. 0
43 8 8 0.9999999999999999 0
44 8 8 0.48586827175664576 0
45 8 8 -0.9999999999999999 0
46 8 8 -0.48586827175664576 0
49 8 9 0.9999999999999999 0
49 8 10 0.9999999999999999 0
50 8 9 -1. 0
50 8 10 -1. 0
51 8 9 0.48586827175664565 0
51 8 10 0.48586827175664565 0
52 9 0 1.2720196495140692 0
52 9 4 -0.7861513777574234 0
52 10 1 -1.2720196495140692 0
52 10 3 0.7861513777574234 0
52 11 2 1.2720196495140692 0
52 11 5 -0.7861513777574234 0
53 9 1 1.2720196495140692 0
53 9 3 -0.7861513777574234 0
53 10 0 -1.2720196495140692 0
53 10 4 0.7861513777574234 0
53 11 2 1.2720196495140692 0
53 11 5 -0.7861513777574234 0
54 9 2 1.2720196495140692 0
54 9 5 -0.7861513777574234 0
54 10 2 -1.2720196495140692 0
54 10 5 0.7861513777574234 0
54 11 0 1.272019649514069 0
54 11 1 1.272019649514069 0
54 11 3 -0.7861513777574232 0
54 11 4 -0.7861513777574232 0
55 9 6 -1.2720196495140692 0
55 9 7 0.7861513777574234 0
55 10 6 -1.2720196495140692 0
55 10 7 0.7861513777574234 0
56 9 8 0.9999999999999999 0
56 10 8 0.9999999999999999 0
57 9 8 -0.9999999999999999 0
57 10 8 -0.9999999999999999 0
58 9 8 -0.48586827175664576 0
58 10 8 -0.48586827175664576 0
59 9 9 1. 0
59 10 10 1. 0
59 11 11 1. 0
60 9 10 1. 0
60 10 9 1. 0
60 11 11 -1. 0
61 9 11 0.9999999999999999 0
61 10 11 -0.9999999999999999 0
61 11 9 0.9999999999999999 0
61 11 10 -0.9999999999999999 0
62 9 10 0.9999999999999999 0
62 10 9 0.9999999999999999 0
62 11 11 -0.9999999999999999 0
63 9 10 -0.48586827175664576 0
63 10 9 -0.48586827175664576 0
63 11 11 0.48586827175664576 0
64 9 9 0.9999999999999999 0
64 10 10 0.9999999999999999 0
64 11 11 0.9999999999999999 0
65 9 9 -0.48586827175664576 0
65 10 10 -0.48586827175664576 0
65 11 11 -0.48586827175664576 0
66 9 11 0.9999999999999999 0
66 10 11 -0.9999999999999999 0
66 11 9 1. 0
66 11 10 -1. 0
67 9 11 0.48586827175664576 0
67 10 11 -0.48586827175664576 0
67 11 9 0.48586827175664565 0
67 11 10 -0.48586827175664565 0
0 12 12 1. 0
0 13 13 1. 0
1 12 12 -1. 0
1 13 13 -1. 0
3 12 13 0.9999999999999999 0
3 13 12 1.0000000000000002 0
3 13 13 -0.9999999999999999 0
4 12 13 -0.9999999999999999 0
4 13 12 -1.0000000000000002 0
4 13 13 0.9999999999999999 0
6 12 14 1. 0
6 12 15 1. 0
6 13 17 0.9999999999999999 0
6 13 18 0.9999999999999999 0
7 12 17 -0.9999999999999999 0
7 12 18 -0.9999999999999999 0
7 13 14 -0.9999999999999999 0
7 13 15 -0.9999999999999999 0
7 13 17 1. 0
7 13 18 1. 0
8 12 20 0.9999999999999999 0
8 12 21 -0.9999999999999999 0
8 13 20 0.6180339887498949 0
8 13 21 -0.6180339887498949 0
9 12 23 0.9999999999999999 0
9 13 23 0.6180339887498948 0
10 12 23 0.9999999999999999 0
10 13 23 0.6180339887498948 0
12 14 12 1. 0
12 15 12 1. 0
12 17 13 0.9999999999999999 0
12 18 13 0.9999999999999999 0
13 14 13 1. 0
13 15 13 1. 0
13 17 12 1.0000000000000002 0
13 17 13 -0.9999999999999999 0
13 18 12 1.0000000000000002 0
13 18 13 -0.9999999999999999 0
14 14 14 1. 0
14 15 15 1. 0
14 16 16 1. 0
14 17 17 1. 0
14 18 18 1. 0
14 19 19 1. 0
15 14 15 1. 0
15 15 14 1. 0
15 16 16 -1. 0
15 17 18 1. 0
15 18 17 1. 0
15 19 19 -1. 0
16 14 16 1. 0
16 15 16 -1. 0
16 16 14 -1. 0
16 16 15 1. 0
16 17 19 -0.9999999999999999 0
16 18 19 0.9999999999999999 0
16 19 17 0.9999999999999999 0
16 19 18 -0.9999999999999999 0
17 14 17 1. 0
17 15 18 1. 0
17 16 19 -0.9999999999999999 0
17 17 14 1.0000000000000002 0
17 17 18 -0.9999999999999999 0
17 18 15 1.0000000000000002 0
17 18 17 -0.9999999999999999 0
17 19 16 -1.0000000000000002 0
17 19 19 0.9999999999999999 0
18 14 18 1. 0
18 15 17 1. 0
18 16 19 0.9999999999999999 0
18 17 15 1.0000000000000002 0
18 17 17 -0.9999999999999999 0
18 18 14 1.0000000000000002 0
18 18 18 -0.9999999999999999 0
18 19 16 1.0000000000000002 0
18 19 19 -0.9999999999999999 0
19 14 19 1. 0
19 15 19 -1. 0
19 16 17 0.9999999999999999 0
19 16 18 -0.9999999999999999 0
19 17 16 -1.0000000000000002 0
19 17 19 0.9999999999999999 0
19 18 16 1.0000000000000002 0
19 18 19 -0.9999999999999999 0
19 19 14 -0.9999999999999999 0
19 19 15 0.9999999999999999 0
19 19 17 -1. 0
19 19 18 1. 0
20 14 20 1. 0
20 15 21 -1. 0
20 16 22 0.9999999999999999 0
20 17 21 -0.6180339887498949 0
20 18 20 0.6180339887498949 0
20 19 22 0.6180339887498948 0
21 14 21 1. 0
21 15 20 -1. 0
21 16 22 0.9999999999999999 0
21 17 20 -0.6180339887498949 0
21 18 21 0.6180339887498949 0
21 19 22 0.6180339887498948 0
22 14 22 1. 0
22 15 22 -1. 0
22 16 20 -0.9999999999999999 0
22 16 21 -0.9999999999999999 0
22 17 22 -0.6180339887498949 0
22 18 22 0.6180339887498949 0
22 19 20 -0.6180339887498949 0
22 19 21 -0.6180339887498949 0
23 14 23 1. 0
23 15 23 1. 0
23 17 23 0.6180339887498949 0
23 18 23 0.6180339887498949 0
36 20 12 -1.2720196495140692 0
36 20 13 -0.7861513777574234 0
36 21 12 1.2720196495140692 0
36 21 13 0.7861513777574234 0
37 20 14 -1.2720196495140692 0
37 20 18 -0.7861513777574234 0
37 21 15 1.2720196495140692 0
37 21 17 0.7861513777574234 0
37 22 16 -1.2720196495140692 0
37 22 19 -0.7861513777574234 0
38 20 15 -1.2720196495140692 0
38 20 17 -0.7861513777574234 0
38 21 14 1.2720196495140692 0
38 21 18 0.7861513777574234 0
38 22 16 1.2720196495140692 0
38 22 19 0.7861513777574234 0
39 20 16 1.2720196495140692 0
39 20 19 0.7861513777574234 0
39 21 16 1.2720196495140692 0
39 21 19 0.7861513777574234 0
39 22 14 -1.272019649514069 0
39 22 15 1.272019649514069 0
39 22 17 0.7861513777574232 0
39 22 18 -0.7861513777574232 0
40 20 20 1. 0
40 21 21 1. 0
40 22 22 1. 0
41 20 21 1. 0
41 21 20 1. 0
41 22 22 1. 0
42 20 22 0.9999999999999999 0
42 21 22 0.9999999999999999 0
42 22 20 -0.9999999999999999 0
42 22 21 -0.9999999999999999 0
43 20 21 -0.9999999999999999 0
43 21 20 -0.9999999999999999 0
43 22 22 -0.9999999999999999 0
44 20 21 -0.48586827175664576 0
44 21 20 -0.48586827175664576 0
44 22 22 -0.48586827175664576 0
45 20 20 -0.9999999999999999 0
45 21 21 -0.9999999999999999 0
45 22 22 -0.9999999999999999 0
46 20 20 -0.48586827175664576 0
46 21 21 -0.48586827175664576 0
46 22 22 -0.48586827175664576 0
47 20 22 0.9999999999999999 0
47 21 22 0.9999999999999999 0
47 22 20 -1. 0
47 22 21 -1. 0
48 20 22 -0.48586827175664576 0
48 21 22 -0.48586827175664576 0
48 22 20 0.48586827175664565 0
48 22 21 0.48586827175664565 0
49 20 23 0.9999999999999999 0
49 21 23 -0.9999999999999999 0
50 20 23 -0.9999999999999999 0
50 21 23 0.9999999999999999 0
51 20 23 0.48586827175664576 0
51 21 23 -0.48586827175664576 0
52 23 12 1.2720196495140692 0
52 23 13 0.7861513777574234 0
53 23 12 -1.2720196495140692 0
53 23 13 -0.7861513777574234 0
55 23 14 -1.272019649514069 0
55 23 15 -1.272019649514069 0
55 23 17 -0.7861513777574232 0
55 23 18 -0.7861513777574232 0
56 23 20 0.9999999999999999 0
56 23 21 -0.9999999999999999 0
57 23 20 -1. 0
57 23 21 1. 0
58 23 20 -0.48586827175664565 0
58 23 21 0.48586827175664565 0
59 23 23 1. 0
60 23 23 1. 0
62 23 23 0.9999999999999999 0
63 23 23 -0.48586827175664576 0
64 23 23 0.9999999999999999 0
65 23 23 -0.48586827175664576 0
24 24 24 1. 0
24 25 25 1. 0
24 26 26 1. 0
24 27 27 1. 0
24 28 28 1. 0
24 29 29 1. 0
24 30 30 1. 0
24 31 31 1. 0
25 24 25 1. 0
25 25 24 -1. 0
25 26 27 -1. 0
25 27 26 1. 0
25 28 29 1. 0
25 29 28 -1. 0
25 30 31 1. 0
25 31 30 -1. 0
26 24 26 1. 0
26 25 27 -1. 0
26 26 24 0.7071067811865475 0
26 26 25 -0.7071067811865475 0
26 27 24 -0.7071067811865475 0
26 27 25 -0.7071067811865475 0
26 28 30 -0.9999999999999999 0
26 29 31 -0.9999999999999999 0
26 30 28 -0.7071067811865474 0
26 30 29 0.7071067811865474 0
26 31 28 -0.7071067811865474 0
26 31 29 -0.7071067811865474 0
27 24 27 1. 0
27 25 26 1. 0
27 26 24 -0.7071067811865475 0
27 26 25 -0.7071067811865475 0
27 27 24 -0.7071067811865475 0
27 27 25 0.7071067811865475 0
27 28 31 0.9999999999999999 0
27 29 30 -0.9999999999999999 0
27 30 28 0.7071067811865474 0
27 30 29 0.7071067811865474 0
27 31 28 -0.7071067811865474 0
27 31 29 0.7071067811865474 0
28 24 28 1. 0
28 25 29 1. 0
28 26 30 -0.9999999999999999 0
28 27 31 0.9999999999999999 0
28 28 24 -1.0000000000000002 0
28 28 29 -0.9999999999999999 0
28 29 25 -1.0000000000000002 0
28 29 28 0.9999999999999999 0
28 30 26 1.0000000000000002 0
28 30 31 -0.9999999999999999 0
28 31 27 -1.0000000000000002 0
28 31 30 0.9999999999999999 0
29 24 29 1. 0
29 25 28 -1. 0
29 26 31 -0.9999999999999999 0
29 27 30 -0.9999999999999999 0
29 28 25 -1.0000000000000002 0
29 28 28 0.9999999999999999 0
29 29 24 1.0000000000000002 0
29 29 29 0.9999999999999999 0
29 30 27 -1.0000000000000002 0
29 30 30 0.9999999999999999 0
29 31 26 -1.0000000000000002 0
29 31 31 0.9999999999999999 0
30 24 30 1. 0
30 25 31 1. 0
30 26 28 -0.7071067811865474 0
30 26 29 0.7071067811865474 0
30 27 28 0.7071067811865474 0
30 27 29 0.7071067811865474 0
30 28 26 1.0000000000000002 0
30 28 31 -0.9999999999999999 0
30 29 27 -1.0000000000000002 0
30 29 30 0.9999999999999999 0
30 30 24 -0.7071067811865476 0
30 30 25 0.7071067811865476 0
30 30 28 -0.7071067811865475 0
30 30 29 -0.7071067811865475 0
30 31 24 -0.7071067811865476 0
30 31 25 -0.7071067811865476 0
30 31 28 0.7071067811865475 0
30 31 29 -0.7071067811865475 0
31 24 31 1. 0
31 25 30 -1. 0
31 26 28 -0.7071067811865474 0
31 26 29 -0.7071067811865474 0
31 27 28 -0.7071067811865474 0
31 27 29 0.7071067811865474 0
31 28 27 -1.0000000000000002 0
31 28 30 0.9999999999999999 0
31 29 26 -1.0000000000000002 0
31 29 31 0.9999999999999999 0
31 30 24 -0.7071067811865476 0
31 30 25 -0.7071067811865476 0
31 30 28 0.7071067811865475 0
31 30 29 -0.7071067811865475 0
31 31 24 0.7071067811865476 0
31 31 25 -0.7071067811865476 0
31 31 28 0.7071067811865475 0
31 31 29 0.7071067811865475 0
32 24 32 1. 0
32 25 33 -1. 0
32 26 34 0.9999999999999999 0
32 27 35 0.9999999999999999 0
32 28 33 -0.6180339887498949 0
32 29 32 -0.6180339887498948 0
32 30 35 0.6180339887498948 0
32 31 34 0.6180339887498949 0
33 24 33 1. 0
33 25 32 1. 0
33 26 35 0.9999999999999999 0
33 27 34 -0.9999999999999999 0
33 28 32 0.6180339887498948 0
33 29 33 -0.6180339887498948 0
33 30 34 -0.6180339887498949 0
33 31 35 0.6180339887498948 0
34 24 34 1. 0
34 25 35 -1. 0
34 26 32 0.7071067811865474 0
34 26 33 0.7071067811865474 0
34 27 32 -0.7071067811865474 0
34 27 33 0.7071067811865474 0
34 28 35 -0.6180339887498949 0
34 29 34 -0.6180339887498948 0
34 30 32 -0.43701602444882104 0
34 30 33 0.43701602444882104 0
34 31 32 0.43701602444882104 0
34 31 33 0.43701602444882104 0
35 24 35 1. 0
35 25 34 1. 0
35 26 32 -0.7071067811865474 0
35 26 33 0.7071067811865474 0
35 27 32 -0.7071067811865474 0
35 27 33 -0.7071067811865474 0
35 28 34 0.6180339887498948 0
35 29 35 -0.6180339887498949 0
35 30 32 -0.43701602444882104 0
35 30 33 -0.43701602444882104 0
35 31 32 -0.43701602444882104 0
35 31 33 0.43701602444882104 0
68 32 24 -1.2720196495140692 0
68 32 29 0.7861513777574234 0
68 33 25 1.2720196495140692 0
68 33 28 0.7861513777574234 0
68 34 26 -1.2720196495140692 0
68 34 31 -0.7861513777574234 0
68 35 27 -1.2720196495140692 0
68 35 30 -0.7861513777574234 0
69 32 25 -1.2720196495140692 0
69 32 28 -0.7861513777574234 0
69 33 24 -1.2720196495140692 0
69 33 29 0.7861513777574234 0
69 34 27 1.2720196495140692 0
69 34 30 0.7861513777574234 0
69 35 26 -1.2720196495140692 0
69 35 31 -0.7861513777574234 0
70 32 26 1.2720196495140692 0
70 32 31 0.7861513777574234 0
70 33 27 1.2720196495140692 0
70 33 30 0.7861513777574234 0
70 34 24 0.8994537199739336 0
70 34 25 -0.8994537199739336 0
70 34 28 -0.5558929702514211 0
70 34 29 -0.5558929702514211 0
70 35 24 -0.8994537199739336 0
70 35 25 -0.8994537199739336 0
70 35 28 -0.5558929702514211 0
70 35 29 0.5558929702514211 0
71 32 27 1.2720196495140692 0
71 32 30 0.7861513777574234 0
71 33 26 -1.2720196495140692 0
71 33 31 -0.7861513777574234 0
71 34 24 -0.8994537199739336 0
71 34 25 -0.8994537199739336 0
71 34 28 -0.5558929702514211 0
71 34 29 0.5558929702514211 0
71 35 24 -0.8994537199739336 0
71 35 25 0.8994537199739336 0
71 35 28 0.5558929702514211 0
71 35 29 0.5558929702514211 0
72 32 32 1. 0
72 33 33 1. 0
72 34 34 1. 0
72 35 35 1. 0
73 32 33 -1. 0
73 33 32 1. 0
73 34 35 -1. 0
73 35 34 1. 0
74 32 35 0.9999999999999999 0
74 33 34 -0.9999999999999999 0
74 34 32 -0.7071067811865474 0
74 34 33 0.7071067811865474 0
74 35 32 -0.7071067811865474 0
74 35 33 -0.7071067811865474 0
75 32 34 0.9999999999999999 0
75 33 35 0.9999999999999999 0
75 34 32 0.7071067811865474 0
75 34 33 0.7071067811865474 0
75 35 32 -0.7071067811865474 0
75 35 33 0.7071067811865474 0
76 32 33 -0.9999999999999999 0
76 33 32 0.9999999999999999 0
76 34 35 -0.9999999999999999 0
76 35 34 0.9999999999999999 0
77 32 33 0.48586827175664576 0
77 33 32 -0.48586827175664576 0
77 34 35 0.48586827175664576 0
77 35 34 -0.48586827175664576 0
78 32 32 -0.9999999999999999 0
78 33 33 -0.9999999999999999 0
78 34 34 -0.9999999999999999 0
78 35 35 -0.9999999999999999 0
79 32 32 -0.48586827175664576 0
79 33 33 -0.48586827175664576 0
79 34 34 -0.48586827175664576 0
79 35 35 -0.48586827175664576 0
80 32 34 0.9999999999999999 0
80 33 35 0.9999999999999999 0
80 34 32 0.7071067811865475 0
80 34 33 0.7071067811865475 0
80 35 32 -0.7071067811865475 0
80 35 33 0.7071067811865475 0
81 32 35 -0.9999999999999999 0
81 33 34 0.9999999999999999 0
81 34 32 0.7071067811865475 0
81 34 33 -0.7071067811865475 0
81 35 32 0.7071067811865475 0
81 35 33 0.7071067811865475 0
82 32 35 0.48586827175664576 0
82 33 34 -0.48586827175664576 0
82 34 32 -0.34356074972251244 0
82 34 33 0.34356074972251244 0
82 35 32 -0.34356074972251244 0
82 35 33 -0.34356074972251244 0
83 32 34 0.48586827175664576 0
83 33 35 0.48586827175664576 0
83 34 32 0.34356074972251244 0
83 34 33 0.34356074972251244 0
83 35 32 -0.34356074972251244 0
83 35 33 0.34356074972251244 0
0 36 36 1. 0
1 36 36 -1. 0
3 36 36 0.6180339887498948 0
4 36 36 -0.6180339887498948 0
6 36 37 0.9999999999999999 0
6 36 38 0.9999999999999999 0
7 36 37 -0.6180339887498949 0
7 36 38 -0.6180339887498949 0
8 36 40 -0.7861513777574232 0
8 36 41 0.7861513777574232 0
8 36 43 -0.7861513777574232 0
8 36 44 -0.3819660112501052 0
8 36 45 0.7861513777574232 0
8 36 46 0.3819660112501052 0
9 36 49 -0.7861513777574235 0
9 36 50 0.7861513777574234 0
9 36 51 -0.38196601125010515 0
10 36 49 -0.7861513777574235 0
10 36 50 0.7861513777574234 0
10 36 51 -0.38196601125010515 0
12 37 36 0.9999999999999999 0
12 38 36 0.9999999999999999 0
13 37 36 0.6180339887498949 0
13 38 36 0.6180339887498949 0
14 37 37 1. 0
14 38 38 1. 0
14 39 39 1. 0
15 37 38 1. 0
15 38 37 1. 0
15 39 39 -1. 0
16 37 39 -0.9999999999999999 0
16 38 39 0.9999999999999999 0
16 39 37 0.9999999999999999 0
16 39 38 -0.9999999999999999 0
17 37 38 0.6180339887498949 0
17 38 37 0.6180339887498949 0
17 39 39 -0.6180339887498948 0
18 37 37 0.6180339887498949 0
18 38 38 0.6180339887498949 0
18 39 39 0.6180339887498948 0
19 37 39 -0.6180339887498949 0
19 38 39 0.6180339887498949 0
19 39 37 0.6180339887498949 0
19 39 38 -0.6180339887498949 0
20 37 40 -0.7861513777574234 0
20 37 45 0.7861513777574234 0
20 37 46 0.3819660112501052 0
20 38 41 0.7861513777574234 0
20 38 43 -0.7861513777574234 0
20 38 44 -0.3819660112501052 0
20 39 42 0.7861513777574234 0
20 39 47 0.7861513777574234 0
20 39 48 -0.38196601125010515 0
21 37 41 -0.7861513777574234 0
21 37 43 0.7861513777574234 0
21 37 44 0.3819660112501052 0
21 38 40 0.7861513777574234 0
21 38 45 -0.7861513777574234 0
21 38 46 -0.3819660112501052 0
21 39 42 0.7861513777574235 0
21 39 47 0.7861513777574234 0
21 39 48 -0.38196601125010515 0
22 37 42 -0.7861513777574235 0
22 37 47 -0.7861513777574234 0
22 37 48 0.3819660112501052 0
22 38 42 0.7861513777574235 0
22 38 47 0.7861513777574234 0
22 38 48 -0.3819660112501052 0
22 39 40 -0.7861513777574232 0
22 39 41 -0.7861513777574232 0
22 39 43 0.7861513777574232 0
22 39 44 0.3819660112501052 0
22 39 45 0.7861513777574232 0
22 39 46 0.3819660112501052 0
23 37 49 -0.7861513777574235 0
23 37 50 0.7861513777574234 0
23 37 51 -0.3819660112501052 0
23 38 49 -0.7861513777574234 0
23 38 50 0.7861513777574234 0
23 38 51 -0.3819660112501052 0
36 40 36 1. 0
36 41 36 -1. 0
36 43 36 0.9999999999999999 0
36 44 36 0.48586827175664576 0
36 45 36 -0.9999999999999999 0
36 46 36 -0.48586827175664576 0
37 40 37 1. 0
37 41 38 -1. 0
37 42 39 -0.9999999999999999 0
37 43 38 0.9999999999999999 0
37 44 38 0.48586827175664576 0
37 45 37 -0.9999999999999999 0
37 46 37 -0.48586827175664576 0
37 47 39 -0.9999999999999999 0
37 48 39 0.48586827175664576 0
38 40 38 1. 0
38 41 37 -1. 0
38 42 39 0.9999999999999999 0
38 43 37 0.9999999999999999 0
38 44 37 0.48586827175664576 0
38 45 38 -0.9999999999999999 0
38 46 38 -0.48586827175664576 0
38 47 39 0.9999999999999999 0
38 48 39 -0.48586827175664576 0
39 40 39 1. 0
39 41 39 1. 0
39 42 37 0.9999999999999999 0
39 42 38 -0.9999999999999999 0
39 43 39 -0.9999999999999999 0
39 44 39 -0.48586827175664576 0
39 45 39 -0.9999999999999999 0
39 46 39 -0.48586827175664576 0
39 47 37 1. 0
39 47 38 -1. 0
39 48 37 -0.48586827175664565 0
39 48 38 0.48586827175664565 0
40 40 40 1. 0
40 41 41 1. 0
40 42 42 1. 0
40 43 43 1. 0
40 44 44 1. 0
40 45 45 1. 0
40 46 46 1. 0
40 47 47 1. 0
40 48 48 1. 0
41 40 41 1. 0
41 41 40 1. 0
41 42 42 1. 0
41 43 45 1. 0
41 44 46 1. 0
41 45 43 1. 0
41 46 44 1. 0
41 47 47 1. 0
41 48 48 1. 0
42 40 42 1. 0
42 41 42 1. 0
42 42 40 -1. 0
42 42 41 -1. 0
42 43 47 -0.9999999999999999 0
42 44 48 0.9999999999999999 0
42 45 47 -0.9999999999999999 0
42 46 48 0.9999999999999999 0
42 47 43 0.9999999999999999 0
42 47 45 0.9999999999999999 0
42 48 44 -0.9999999999999999 0
42 48 46 -0.9999999999999999 0
43 40 43 1. 0
43 41 45 1. 0
43 42 47 -0.9999999999999999 0
43 43 40 0.618033988749895 0
43 43 46 -0.7861513777574233 0
43 44 40 0.7861513777574235 0
43 44 46 0.6180339887498948 0
43 45 41 0.618033988749895 0
43 45 44 -0.7861513777574233 0
43 46 41 0.7861513777574235 0
43 46 44 0.6180339887498948 0
43 47 42 -0.618033988749895 0
43 47 48 0.7861513777574233 0
43 48 42 0.7861513777574235 0
43 48 48 0.6180339887498948 0
44 40 44 1. 0
44 41 46 1. 0
44 42 48 0.9999999999999999 0
44 43 40 0.7861513777574235 0
44 43 46 0.6180339887498948 0
44 44 40 -0.6180339887498949 0
44 44 45 -0.9999999999999999 0
44 44 46 0.3002831060007777 0
44 45 41 0.7861513777574235 0
44 45 44 0.6180339887498948 0
44 46 41 -0.6180339887498949 0
44 46 43 -0.9999999999999999 0
44 46 44 0.3002831060007777 0
44 47 42 -0.7861513777574235 0
44 47 48 -0.6180339887498948 0
44 48 42 -0.618033988749895 0
44 48 47 0.9999999999999999 0
44 48 48 0.3002831060007777 0
45 40 45 1. 0
45 41 43 1. 0
45 42 47 -0.9999999999999999 0
45 43 41 0.618033988749895 0
45 43 44 -0.7861513777574233 0
45 44 41 0.7861513777574235 0
45 44 44 0.6180339887498948 0
45 45 40 0.618033988749895 0
45 45 46 -0.7861513777574233 0
45 46 40 0.7861513777574235 0
45 46 46 0.6180339887498948 0
45 47 42 -0.618033988749895 0
45 47 48 0.7861513777574233 0
45 48 42 0.7861513777574235 0
45 48 48 0.6180339887498949 0
46 40 46 1. 0
46 41 44 1. 0
46 42 48 0.9999999999999999 0
46 43 41 0.7861513777574235 0
46 43 44 0.6180339887498948 0
46 44 41 -0.6180339887498949 0
46 44 43 -0.9999999999999999 0
46 44 44 0.3002831060007777 0
46 45 40 0.7861513777574235 0
46 45 46 0.6180339887498948 0
46 46 40 -0.6180339887498949 0
46 46 45 -0.9999999999999999 0
46 46 46 0.3002831060007777 0
46 47 42 -0.7861513777574235 0
46 47 48 -0.6180339887498948 0
46 48 42 -0.618033988749895 0
46 48 47 0.9999999999999999 0
46 48 48 0.3002831060007777 0
47 40 47 1. 0
47 41 47 1. 0
47 42 43 0.9999999999999999 0
47 42 45 0.9999999999999999 0
47 43 42 -0.618033988749895 0
47 43 48 0.7861513777574233 0
47 44 42 -0.7861513777574235 0
47 44 48 -0.6180339887498948 0
47 45 42 -0.618033988749895 0
47 45 48 0.7861513777574233 0
47 46 42 -0.7861513777574235 0
47 46 48 -0.6180339887498949 0
47 47 40 -0.6180339887498949 0
47 47 41 -0.6180339887498949 0
47 47 44 0.7861513777574233 0
47 47 46 0.7861513777574232 0
47 48 40 0.7861513777574234 0
47 48 41 0.7861513777574234 0
47 48 44 0.6180339887498947 0
47 48 46 0.6180339887498947 0
48 40 48 1. 0
48 41 48 1. 0
48 42 44 -0.9999999999999999 0
48 42 46 -0.9999999999999999 0
48 43 42 0.7861513777574235 0
48 43 48 0.6180339887498948 0
48 44 42 -0.6180339887498949 0
48 44 47 0.9999999999999999 0
48 44 48 0.3002831060007777 0
48 45 42 0.7861513777574235 0
48 45 48 0.6180339887498948 0
48 46 42 -0.618033988749895 0
48 46 47 0.9999999999999999 0
48 46 48 0.3002831060007777 0
48 47 40 0.7861513777574234 0
48 47 41 0.7861513777574234 0
48 47 44 0.6180339887498948 0
48 47 46 0.6180339887498947 0
48 48 40 0.6180339887498947 0
48 48 41 0.6180339887498947 0
48 48 43 1. 0
48 48 44 -0.3002831060007776 0
48 48 45 1. 0
48 48 46 -0.3002831060007776 0
49 40 49 1. 0
49 41 49 -1. 0
49 43 50 -0.9999999999999999 0
49 44 51 0.9999999999999999 0
49 45 50 0.9999999999999999 0
49 46 51 -0.9999999999999999 0
50 40 50 1. 0
50 41 50 -1. 0
50 43 49 -0.618033988749895 0
50 43 51 -0.7861513777574233 0
50 44 49 -0.7861513777574235 0
50 44 51 0.6180339887498949 0
50 45 49 0.618033988749895 0
50 45 51 0.7861513777574233 0
50 46 49 0.7861513777574235 0
50 46 51 -0.6180339887498949 0
51 40 51 1. 0
51 41 51 -1. 0
51 43 49 0.7861513777574235 0
51 43 51 -0.6180339887498948 0
51 44 49 -0.6180339887498949 0
51 44 50 -0.9999999999999999 0
51 44 51 -0.3002831060007777 0
51 45 49 -0.7861513777574235 0
51 45 51 0.6180339887498948 0
51 46 49 0.6180339887498949 0
51 46 50 0.9999999999999999 0
51 46 51 0.3002831060007777 0
52 49 36 -0.9999999999999999 0
52 50 36 0.9999999999999999 0
52 51 36 -0.48586827175664576 0
53 49 36 0.9999999999999999 0
53 50 36 -0.9999999999999999 0
53 51 36 0.48586827175664576 0
55 49 37 0.9999999999999999 0
55 49 38 0.9999999999999999 0
55 50 37 -1. 0
55 50 38 -1. 0
55 51 37 0.48586827175664565 0
55 51 38 0.48586827175664565 0
56 49 40 1. 0
56 49 41 -1. 0
56 50 43 -0.9999999999999999 0
56 50 45 0.9999999999999999 0
56 51 44 0.9999999999999999 0
56 51 46 -0.9999999999999999 0
57 49 43 -0.9999999999999999 0
57 49 45 0.9999999999999999 0
57 50 40 0.6180339887498949 0
57 50 41 -0.6180339887498949 0
57 50 44 0.7861513777574233 0
57 50 46 -0.7861513777574232 0
57 51 40 -0.7861513777574234 0
57 51 41 0.7861513777574234 0
57 51 44 0.6180339887498947 0
57 51 46 -0.6180339887498947 0
58 49 44 -0.9999999999999999 0
58 49 46 0.9999999999999999 0
58 50 40 0.7861513777574234 0
58 50 41 -0.7861513777574234 0
58 50 44 -0.6180339887498948 0
58 50 46 0.6180339887498947 0
58 51 40 0.6180339887498947 0
58 51 41 -0.6180339887498947 0
58 51 43 -1. 0
58 51 44 0.3002831060007776 0
58 51 45 1. 0
58 51 46 -0.3002831060007776 0
59 49 49 1. 0
59 50 50 1. 0
59 51 51 1. 0
60 49 49 1. 0
60 50 50 1. 0
60 51 51 1. 0
62 49 50 -0.9999999999999999 0
62 50 49 -0.618033988749895 0
62 50 51 -0.7861513777574233 0
62 51 49 0.7861513777574235 0
62 51 51 -0.6180339887498949 0
63 49 51 -0.9999999999999999 0
63 50 49 0.7861513777574235 0
63 50 51 -0.6180339887498948 0
63 51 49 0.6180339887498949 0
63 51 50 0.9999999999999999 0
63 51 51 0.3002831060007777 0
64 49 50 -0.9999999999999999 0
64 50 49 -0.618033988749895 0
64 50 51 -0.7861513777574233 0
64 51 49 0.7861513777574235 0
64 51 51 -0.6180339887498948 0
65 49 51 -0.9999999999999999 0
65 50 49 0.7861513777574235 0
65 50 51 -0.6180339887498948 0
65 51 49 0.6180339887498949 0
65 51 50 0.9999999999999999 0
65 51 51 0.3002831060007777 0
0 52 52 1. 0
0 53 53 1. 0
0 54 54 1. 0
1 52 53 1. 0
1 53 52 1. 0
1 54 54 1. 0
2 52 54 0.9999999999999999 0
2 53 54 0.9999999999999999 0
2 54 52 0.9999999999999999 0
2 54 53 0.9999999999999999 0
3 52 53 -0.6180339887498948 0
3 53 52 -0.6180339887498948 0
3 54 54 -0.6180339887498948 0
4 52 52 -0.6180339887498948 0
4 53 53 -0.6180339887498948 0
4 54 54 -0.6180339887498948 0
5 52 54 -0.6180339887498948 0
5 53 54 -0.6180339887498948 0
5 54 52 -0.6180339887498949 0
5 54 53 -0.6180339887498949 0
6 52 55 -0.9999999999999999 0
6 53 55 0.9999999999999999 0
7 52 55 0.6180339887498948 0
7 53 55 -0.6180339887498948 0
8 52 56 0.7861513777574235 0
8 52 57 -0.7861513777574234 0
8 52 58 -0.38196601125010515 0
8 53 56 -0.7861513777574234 0
8 53 57 0.7861513777574234 0
8 53 58 0.38196601125010515 0
9 52 59 0.7861513777574234 0
9 52 64 0.7861513777574234 0
9 52 65 -0.38196601125010515 0
9 53 60 -0.7861513777574234 0
9 53 62 -0.7861513777574234 0
9 53 63 0.38196601125010515 0
9 54 61 0.7861513777574234 0
9 54 66 0.7861513777574234 0
9 54 67 0.38196601125010515 0
10 52 60 0.7861513777574234 0
10 52 62 0.7861513777574234 0
10 52 63 -0.38196601125010515 0
10 53 59 -0.7861513777574234 0
10 53 64 -0.7861513777574234 0
10 53 65 0.38196601125010515 0
10 54 61 -0.7861513777574235 0
10 54 66 -0.7861513777574234 0
10 54 67 -0.38196601125010515 0
11 52 61 0.7861513777574235 0
11 52 66 0.7861513777574234 0
11 52 67 0.38196601125010515 0
11 53 61 0.7861513777574235 0
11 53 66 0.7861513777574234 0
11 53 67 0.38196601125010515 0
11 54 59 0.7861513777574232 0
11 54 60 -0.7861513777574232 0
11 54 62 -0.7861513777574232 0
11 54 63 0.3819660112501052 0
11 54 64 0.7861513777574232 0
11 54 65 -0.3819660112501052 0
12 55 52 -0.9999999999999999 0
12 55 53 0.9999999999999999 0
13 55 52 -0.6180339887498949 0
13 55 53 0.6180339887498949 0
14 55 55 1. 0
15 55 55 1. 0
17 55 55 0.6180339887498948 0
18 55 55 0.6180339887498948 0
20 55 56 -0.7861513777574235 0
20 55 57 0.7861513777574234 0
20 55 58 0.38196601125010515 0
21 55 56 0.7861513777574235 0
21 55 57 -0.7861513777574234 0
21 55 58 -0.38196601125010515 0
23 55 59 -0.7861513777574232 0
23 55 60 -0.7861513777574232 0
23 55 62 -0.7861513777574232 0
23 55 63 0.3819660112501052 0
23 55 64 -0.7861513777574232 0
23 55 65 0.3819660112501052 0
36 56 52 -0.9999999999999999 0
36 56 53 0.9999999999999999 0
36 57 52 1. 0
36 57 53 -1. 0
36 58 52 0.48586827175664565 0
36 58 53 -0.48586827175664565 0
37 56 55 0.9999999999999999 0
37 57 55 -0.9999999999999999 0
37 58 55 -0.48586827175664576 0
38 56 55 0.9999999999999999 0
38 57 55 -0.9999999999999999 0
38 58 55 -0.48586827175664576 0
40 56 56 1. 0
40 57 57 1. 0
40 58 58 1. 0
41 56 56 -1. 0
41 57 57 -1. 0
41 58 58 -1. 0
43 56 57 -0.9999999999999999 0
43 57 56 -0.618033988749895 0
43 57 58 0.7861513777574233 0
43 58 56 -0.7861513777574235 0
43 58 58 -0.6180339887498948 0
44 56 58 -0.9999999999999999 0
44 57 56 -0.7861513777574235 0
44 57 58 -0.6180339887498948 0
44 58 56 0.6180339887498949 0
44 58 57 0.9999999999999999 0
44 58 58 -0.3002831060007777 0
45 56 57 0.9999999999999999 0
45 57 56 0.618033988749895 0
45 57 58 -0.7861513777574233 0
45 58 56 0.7861513777574235 0
45 58 58 0.6180339887498949 0
46 56 58 0.9999999999999999 0
46 57 56 0.7861513777574235 0
46 57 58 0.6180339887498949 0
46 58 56 -0.618033988749895 0
46 58 57 -0.9999999999999999 0
46 58 58 0.3002831060007777 0
49 56 59 1. 0
49 56 60 1. 0
49 57 62 -0.9999999999999999 0
49 57 64 -0.9999999999999999 0
49 58 63 0.9999999999999999 0
49 58 65 0.9999999999999999 0
50 56 62 -0.9999999999999999 0
50 56 64 -0.9999999999999999 0
50 57 59 0.6180339887498949 0
50 57 60 0.6180339887498949 0
50 57 63 -0.7861513777574232 0
50 57 65 -0.7861513777574233 0
50 58 59 0.7861513777574234 0
50 58 60 0.7861513777574234 0
50 58 63 0.6180339887498948 0
50 58 65 0.6180339887498948 0
51 56 63 -0.9999999999999999 0
51 56 65 -0.9999999999999999 0
51 57 59 -0.7861513777574234 0
51 57 60 -0.7861513777574234 0
51 57 63 -0.6180339887498947 0
51 57 65 -0.6180339887498948 0
51 58 59 0.6180339887498947 0
51 58 60 0.6180339887498947 0
51 58 62 -1. 0
51 58 63 -0.3002831060007776 0
51 58 64 -1. 0
51 58 65 -0.3002831060007776 0
52 59 52 1. 0
52 60 53 -1. 0
52 61 54 0.9999999999999999 0
52 62 53 -0.9999999999999999 0
52 63 53 0.48586827175664576 0
52 64 52 0.9999999999999999 0
52 65 52 -0.48586827175664576 0
52 66 54 0.9999999999999999 0
52 67 54 0.48586827175664576 0
53 59 53 1. 0
53 60 52 -1. 0
53 61 54 0.9999999999999999 0
53 62 52 -0.9999999999999999 0
53 63 52 0.48586827175664576 0
53 64 53 0.9999999999999999 0
53 65 53 -0.48586827175664576 0
53 66 54 0.9999999999999999 0
53 67 54 0.48586827175664576 0
54 59 54 1. 0
54 60 54 -1. 0
54 61 52 0.9999999999999999 0
54 61 53 0.9999999999999999 0
54 62 54 -0.9999999999999999 0
54 63 54 0.48586827175664576 0
54 64 54 0.9999999999999999 0
54 65 54 -0.48586827175664576 0
54 66 52 1. 0
54 66 53 1. 0
54 67 52 0.48586827175664565 0
54 67 53 0.48586827175664565 0
55 59 55 1. 0
55 60 55 1. 0
55 62 55 0.9999999999999999 0
55 63 55 -0.48586827175664576 0
55 64 55 0.9999999999999999 0
55 65 55 -0.48586827175664576 0
56 59 56 1. 0
56 60 56 1. 0
56 62 57 -0.9999999999999999 0
56 63 58 0.9999999999999999 0
56 64 57 -0.9999999999999999 0
56 65 58 0.9999999999999999 0
57 59 57 1. 0
57 60 57 1. 0
57 62 56 -0.618033988749895 0
57 62 58 0.7861513777574233 0
57 63 56 0.7861513777574235 0
57 63 58 0.6180339887498948 0
57 64 56 -0.618033988749895 0
57 64 58 0.7861513777574233 0
57 65 56 0.7861513777574235 0
57 65 58 0.6180339887498949 0
58 59 58 1. 0
58 60 58 1. 0
58 62 56 -0.7861513777574235 0
58 62 58 -0.6180339887498948 0
58 63 56 -0.6180339887498949 0
58 63 57 -0.9999999999999999 0
58 63 58 0.3002831060007777 0
58 64 56 -0.7861513777574235 0
58 64 58 -0.6180339887498948 0
58 65 56 -0.618033988749895 0
58 65 57 -0.9999999999999999 0
58 65 58 0.3002831060007777 0
59 59 59 1. 0
59 60 60 1. 0
59 61 61 1. 0
59 62 62 1. 0
59 63 63 1. 0
59 64 64 1. 0
59 65 65 1. 0
59 66 66 1. 0
59 67 67 1. 0
60 59 60 1. 0
60 60 59 1. 0
60 61 61 -1. 0
60 62 64 1. 0
60 63 65 1. 0
60 64 62 1. 0
60 65 63 1. 0
60 66 66 -1. 0
60 67 67 -1. 0
61 59 61 1. 0
61 60 61 -1. 0
61 61 59 1. 0
61 61 60 -1. 0
61 62 66 -0.9999999999999999 0
61 63 67 0.9999999999999999 0
61 64 66 0.9999999999999999 0
61 65 67 -0.9999999999999999 0
61 66 62 -0.9999999999999999 0
61 66 64 0.9999999999999999 0
61 67 63 0.9999999999999999 0
61 67 65 -0.9999999999999999 0
62 59 62 1. 0
62 60 64 1. 0
62 61 66 -0.9999999999999999 0
62 62 59 0.618033988749895 0
62 62 65 -0.7861513777574233 0
62 63 59 -0.7861513777574235 0
62 63 65 -0.6180339887498948 0
62 64 60 0.618033988749895 0
62 64 63 -0.7861513777574233 0
62 65 60 -0.7861513777574235 0
62 65 63 -0.6180339887498948 0
62 66 61 -0.618033988749895 0
62 66 67 -0.7861513777574233 0
62 67 61 -0.7861513777574235 0
62 67 67 0.6180339887498949 0
63 59 63 1. 0
63 60 65 1. 0
63 61 67 0.9999999999999999 0
63 62 59 -0.7861513777574235 0
63 62 65 -0.6180339887498948 0
63 63 59 -0.6180339887498949 0
63 63 64 0.9999999999999999 0
63 63 65 0.3002831060007777 0
63 64 60 -0.7861513777574235 0
63 64 63 -0.6180339887498948 0
63 65 60 -0.6180339887498949 0
63 65 62 0.9999999999999999 0
63 65 63 0.3002831060007777 0
63 66 61 0.7861513777574235 0
63 66 67 -0.6180339887498948 0
63 67 61 -0.618033988749895 0
63 67 66 0.9999999999999999 0
63 67 67 -0.3002831060007777 0
64 59 64 1. 0
64 60 62 1. 0
64 61 66 0.9999999999999999 0
64 62 60 0.618033988749895 0
64 62 63 -0.7861513777574233 0
64 63 60 -0.7861513777574235 0
64 63 63 -0.6180339887498948 0
64 64 59 0.618033988749895 0
64 64 65 -0.7861513777574233 0
64 65 59 -0.7861513777574235 0
64 65 65 -0.6180339887498948 0
64 66 61 0.618033988749895 0
64 66 67 0.7861513777574233 0
64 67 61 0.7861513777574235 0
64 67 67 -0.6180339887498948 0
65 59 65 1. 0
65 60 63 1. 0
65 61 67 -0.9999999999999999 0
65 62 60 -0.7861513777574235 0
65 62 63 -0.6180339887498948 0
65 63 60 -0.6180339887498949 0
65 63 62 0.9999999999999999 0
65 63 63 0.3002831060007777 0
65 64 59 -0.7861513777574235 0
65 64 65 -0.6180339887498948 0
65 65 59 -0.6180339887498949 0
65 65 64 0.9999999999999999 0
65 65 65 0.3002831060007777 0
65 66 61 -0.7861513777574235 0
65 66 67 0.6180339887498949 0
65 67 61 0.6180339887498949 0
65 67 66 -0.9999999999999999 0
65 67 67 0.3002831060007777 0
66 59 66 1. 0
66 60 66 -1. 0
66 61 62 -0.9999999999999999 0
66 61 64 0.9999999999999999 0
66 62 61 -0.618033988749895 0
66 62 67 -0.7861513777574233 0
66 63 61 0.7861513777574235 0
66 63 67 -0.6180339887498949 0
66 64 61 0.618033988749895 0
66 64 67 0.7861513777574233 0
66 65 61 -0.7861513777574235 0
66 65 67 0.6180339887498949 0
66 66 59 0.6180339887498949 0
66 66 60 -0.6180339887498949 0
66 66 63 0.7861513777574232 0
66 66 65 -0.7861513777574233 0
66 67 59 0.7861513777574234 0
66 67 60 -0.7861513777574234 0
66 67 63 -0.6180339887498948 0
66 67 65 0.6180339887498948 0
67 59 67 1. 0
67 60 67 -1. 0
67 61 63 0.9999999999999999 0
67 61 65 -0.9999999999999999 0
67 62 61 -0.7861513777574235 0
67 62 67 0.6180339887498948 0
67 63 61 -0.6180339887498949 0
67 63 66 0.9999999999999999 0
67 63 67 -0.3002831060007777 0
67 64 61 0.7861513777574235 0
67 64 67 -0.6180339887498948 0
67 65 61 0.6180339887498949 0
67 65 66 -0.9999999999999999 0
67 65 67 0.3002831060007777 0
67 66 59 0.7861513777574234 0
67 66 60 -0.7861513777574234 0
67 66 63 -0.6180339887498947 0
67 66 65 0.6180339887498948 0
67 67 59 -0.6180339887498947 0
67 67 60 0.6180339887498947 0
67 67 62 -1. 0
67 67 63 -0.3002831060007776 0
67 67 64 1. 0
67 67 65 0.3002831060007776 0
24 68 68 1. 0
24 69 69 1. 0
24 70 70 1. 0
24 71 71 1. 0
25 68 69 1. 0
25 69 68 -1. 0
25 70 71 -1. 0
25 71 70 1. 0
26 68 70 -0.9999999999999999 0
26 69 71 0.9999999999999999 0
26 70 68 -0.7071067811865474 0
26 70 69 0.7071067811865474 0
26 71 68 0.7071067811865474 0
26 71 69 0.7071067811865474 0
27 68 71 -0.9999999999999999 0
27 69 70 -0.9999999999999999 0
27 70 68 0.7071067811865474 0
27 70 69 0.7071067811865474 0
27 71 68 0.7071067811865474 0
27 71 69 -0.7071067811865474 0
28 68 69 0.6180339887498949 0
28 69 68 -0.6180339887498948 0
28 70 71 -0.6180339887498948 0
28 71 70 0.6180339887498949 0
29 68 68 -0.6180339887498948 0
29 69 69 -0.6180339887498948 0
29 70 70 -0.6180339887498949 0
29 71 71 -0.6180339887498948 0
30 68 71 -0.6180339887498949 0
30 69 70 -0.6180339887498948 0
30 70 68 0.43701602444882104 0
30 70 69 0.43701602444882104 0
30 71 68 0.43701602444882104 0
30 71 69 -0.43701602444882104 0
31 68 70 -0.6180339887498948 0
31 69 71 0.6180339887498949 0
31 70 68 -0.43701602444882104 0
31 70 69 0.43701602444882104 0
31 71 68 0.43701602444882104 0
31 71 69 0.43701602444882104 0
32 68 72 -0.7861513777574234 0
32 68 78 0.7861513777574234 0
32 68 79 0.3819660112501052 0
32 69 73 -0.7861513777574234 0
32 69 76 -0.7861513777574234 0
32 69 77 0.38196601125010515 0
32 70 75 0.7861513777574234 0
32 70 80 0.7861513777574234 0
32 70 83 0.38196601125010515 0
32 71 74 0.7861513777574234 0
32 71 81 -0.7861513777574234 0
32 71 82 0.3819660112501052 0
33 68 73 0.7861513777574234 0
33 68 76 0.7861513777574234 0
33 68 77 -0.38196601125010515 0
33 69 72 -0.7861513777574234 0
33 69 78 0.7861513777574234 0
33 69 79 0.38196601125010515 0
33 70 74 0.7861513777574235 0
33 70 81 -0.7861513777574234 0
33 70 82 0.3819660112501052 0
33 71 75 -0.7861513777574234 0
33 71 80 -0.7861513777574234 0
33 71 83 -0.38196601125010515 0
34 68 75 -0.7861513777574235 0
34 68 80 -0.7861513777574234 0
34 68 83 -0.3819660112501052 0
34 69 74 0.7861513777574235 0
34 69 81 -0.7861513777574234 0
34 69 82 0.38196601125010515 0
34 70 72 0.5558929702514213 0
34 70 73 -0.5558929702514213 0
34 70 76 -0.5558929702514211 0
34 70 77 0.27009075673772637 0
34 70 78 -0.5558929702514211 0
34 70 79 -0.27009075673772637 0
34 71 72 -0.5558929702514213 0
34 71 73 -0.5558929702514213 0
34 71 76 -0.5558929702514211 0
34 71 77 0.27009075673772637 0
34 71 78 0.5558929702514211 0
34 71 79 0.27009075673772637 0
35 68 74 -0.7861513777574235 0
35 68 81 0.7861513777574234 0
35 68 82 -0.38196601125010515 0
35 69 75 -0.7861513777574235 0
35 69 80 -0.7861513777574234 0
35 69 83 -0.3819660112501052 0
35 70 72 -0.5558929702514213 0
35 70 73 -0.5558929702514213 0
35 70 76 -0.5558929702514211 0
35 70 77 0.27009075673772637 0
35 70 78 0.5558929702514211 0
35 70 79 0.27009075673772637 0
35 71 72 -0.5558929702514213 0
35 71 73 0.5558929702514213 0
35 71 76 0.5558929702514211 0
35 71 77 -0.27009075673772637 0
35 71 78 0.5558929702514211 0
35 71 79 0.27009075673772637 0
68 72 68 1. 0
68 73 69 1. 0
68 74 71 -0.9999999999999999 0
68 75 70 -0.9999999999999999 0
68 76 69 0.9999999999999999 0
68 77 69 -0.48586827175664576 0
68 78 68 -0.9999999999999999 0
68 79 68 -0.48586827175664576 0
68 80 70 -0.9999999999999999 0
68 81 71 0.9999999999999999 0
68 82 71 -0.48586827175664576 0
68 83 70 -0.48586827175664576 0
69 72 69 1. 0
69 73 68 -1. 0
69 74 70 -0.9999999999999999 0
69 75 71 0.9999999999999999 0
69 76 68 -0.9999999999999999 0
69 77 68 0.48586827175664576 0
69 78 69 -0.9999999999999999 0
69 79 69 -0.48586827175664576 0
69 80 71 0.9999999999999999 0
69 81 70 0.9999999999999999 0
69 82 70 -0.48586827175664576 0
69 83 71 0.48586827175664576 0
70 72 70 1. 0
70 73 71 -1. 0
70 74 68 0.7071067811865474 0
70 74 69 0.7071067811865474 0
70 75 68 -0.7071067811865474 0
70 75 69 0.7071067811865474 0
70 76 71 -0.9999999999999999 0
70 77 71 0.48586827175664576 0
70 78 70 -0.9999999999999999 0
70 79 70 -0.48586827175664576 0
70 80 68 -0.7071067811865475 0
70 80 69 0.7071067811865475 0
70 81 68 -0.7071067811865475 0
70 81 69 -0.7071067811865475 0
70 82 68 0.34356074972251244 0
70 82 69 0.34356074972251244 0
70 83 68 -0.34356074972251244 0
70 83 69 0.34356074972251244 0
71 72 71 1. 0
71 73 70 1. 0
71 74 68 0.7071067811865474 0
71 74 69 -0.7071067811865474 0
71 75 68 0.7071067811865474 0
71 75 69 0.7071067811865474 0
71 76 70 0.9999999999999999 0
71 77 70 -0.48586827175664576 0
71 78 71 -0.9999999999999999 0
71 79 71 -0.48586827175664576 0
71 80 68 0.7071067811865475 0
71 80 69 0.7071067811865475 0
71 81 68 -0.7071067811865475 0
71 81 69 0.7071067811865475 0
71 82 68 0.34356074972251244 0
71 82 69 -0.34356074972251244 0
71 83 68 0.34356074972251244 0
71 83 69 0.34356074972251244 0
72 72 72 1. 0
72 73 73 1. 0
72 74 74 1. 0
72 75 75 1. 0
72 76 76 1. 0
72 77 77 1. 0
72 78 78 1. 0
72 79 79 1. 0
72 80 80 1. 0
72 81 81 1. 0
72 82 82 1. 0
72 83 83 1. 0
73 72 73 1. 0
73 73 72 -1. 0
73 74 75 1. 0
73 75 74 -1. 0
73 76 78 1. 0
73 77 79 -1. 0
73 78 76 -1. 0
73 79 77 1. 0
73 80 81 1. 0
73 81 80 -1. 0
73 82 83 1. 0
73 83 82 -1. 0
74 72 74 1. 0
74 73 75 1. 0
74 74 72 -0.7071067811865475 0
74 74 73 0.7071067811865475 0
74 75 72 -0.7071067811865475 0
74 75 73 -0.7071067811865475 0
74 76 80 0.9999999999999999 0
74 77 83 -0.9999999999999999 0
74 78 81 0.9999999999999999 0
74 79 82 -0.9999999999999999 0
74 80 76 -0.7071067811865474 0
74 80 78 0.7071067811865474 0
74 81 76 -0.7071067811865474 0
74 81 78 -0.7071067811865474 0
74 82 77 -0.7071067811865474 0
74 82 79 0.7071067811865474 0
74 83 77 0.7071067811865474 0
74 83 79 0.7071067811865474 0
75 72 75 1. 0
75 73 74 -1. 0
75 74 72 -0.7071067811865475 0
75 74 73 -0.7071067811865475 0
75 75 72 0.7071067811865475 0
75 75 73 -0.7071067811865475 0
75 76 81 0.9999999999999999 0
75 77 82 0.9999999999999999 0
75 78 80 -0.9999999999999999 0
75 79 83 -0.9999999999999999 0
75 80 76 -0.7071067811865474 0
75 80 78 -0.7071067811865474 0
75 81 76 0.7071067811865474 0
75 81 78 -0.7071067811865474 0
75 82 77 0.7071067811865474 0
75 82 79 0.7071067811865474 0
75 83 77 0.7071067811865474 0
75 83 79 -0.7071067811865474 0
76 72 76 1. 0
76 73 78 1. 0
76 74 80 0.9999999999999999 0
76 75 81 0.9999999999999999 0
76 76 72 -0.618033988749895 0
76 76 79 0.7861513777574233 0
76 77 72 0.7861513777574235 0
76 77 79 0.6180339887498948 0
76 78 73 -0.618033988749895 0
76 78 77 0.7861513777574233 0
76 79 73 -0.7861513777574235 0
76 79 77 -0.6180339887498948 0
76 80 74 -0.618033988749895 0
76 80 82 -0.7861513777574233 0
76 81 75 -0.618033988749895 0
76 81 83 -0.7861513777574233 0
76 82 75 0.7861513777574235 0
76 82 83 -0.6180339887498949 0
76 83 74 -0.7861513777574235 0
76 83 82 0.6180339887498949 0
77 72 77 1. 0
77 73 79 -1. 0
77 74 83 -0.9999999999999999 0
77 75 82 0.9999999999999999 0
77 76 72 0.7861513777574235 0
77 76 79 0.6180339887498949 0
77 77 72 0.6180339887498949 0
77 77 78 0.9999999999999999 0
77 77 79 -0.3002831060007777 0
77 78 73 0.7861513777574235 0
77 78 77 0.6180339887498949 0
77 79 73 -0.6180339887498949 0
77 79 76 0.9999999999999999 0
77 79 77 0.3002831060007777 0
77 80 74 0.7861513777574235 0
77 80 82 -0.6180339887498948 0
77 81 75 0.7861513777574235 0
77 81 83 -0.6180339887498948 0
77 82 75 0.618033988749895 0
77 82 80 -0.9999999999999999 0
77 82 83 0.3002831060007777 0
77 83 74 -0.6180339887498949 0
77 83 81 -0.9999999999999999 0
77 83 82 -0.3002831060007777 0
78 72 78 1. 0
78 73 76 -1. 0
78 74 81 0.9999999999999999 0
78 75 80 -0.9999999999999999 0
78 76 73 -0.618033988749895 0
78 76 77 0.7861513777574233 0
78 77 73 0.7861513777574235 0
78 77 77 0.6180339887498948 0
78 78 72 0.618033988749895 0
78 78 79 -0.7861513777574233 0
78 79 72 0.7861513777574235 0
78 79 79 0.6180339887498948 0
78 80 75 -0.618033988749895 0
78 80 83 -0.7861513777574233 0
78 81 74 0.618033988749895 0
78 81 82 0.7861513777574233 0
78 82 74 -0.7861513777574235 0
78 82 82 0.6180339887498949 0
78 83 75 -0.7861513777574235 0
78 83 83 0.6180339887498948 0
79 72 79 1. 0
79 73 77 1. 0
79 74 82 -0.9999999999999999 0
79 75 83 -0.9999999999999999 0
79 76 73 -0.7861513777574235 0
79 76 77 -0.6180339887498949 0
79 77 73 -0.6180339887498949 0
79 77 76 0.9999999999999999 0
79 77 77 0.3002831060007777 0
79 78 72 0.7861513777574235 0
79 78 79 0.6180339887498949 0
79 79 72 -0.6180339887498949 0
79 79 78 -0.9999999999999999 0
79 79 79 0.3002831060007777 0
79 80 75 -0.7861513777574235 0
79 80 83 0.6180339887498948 0
79 81 74 0.7861513777574235 0
79 81 82 -0.6180339887498948 0
79 82 74 0.6180339887498949 0
79 82 81 0.9999999999999999 0
79 82 82 0.3002831060007777 0
79 83 75 0.6180339887498949 0
79 83 80 -0.9999999999999999 0
79 83 83 0.3002831060007777 0
80 72 80 1. 0
80 73 81 1. 0
80 74 76 -0.7071067811865474 0
80 74 78 0.7071067811865474 0
80 75 76 -0.7071067811865474 0
80 75 78 -0.7071067811865474 0
80 76 74 -0.618033988749895 0
80 76 82 -0.7861513777574233 0
80 77 74 0.7861513777574235 0
80 77 82 -0.6180339887498948 0
80 78 75 -0.618033988749895 0
80 78 83 -0.7861513777574233 0
80 79 75 -0.7861513777574235 0
80 79 83 0.6180339887498948 0
80 80 72 0.437016024448821 0
80 80 73 -0.437016024448821 0
80 80 77 0.5558929702514211 0
80 80 79 -0.5558929702514211 0
80 81 72 0.437016024448821 0
80 81 73 0.437016024448821 0
80 81 77 -0.5558929702514211 0
80 81 79 -0.5558929702514211 0
80 82 72 -0.555892970251421 0
80 82 73 -0.555892970251421 0
80 82 77 -0.43701602444882104 0
80 82 79 -0.43701602444882104 0
80 83 72 0.555892970251421 0
80 83 73 -0.555892970251421 0
80 83 77 -0.43701602444882104 0
80 83 79 0.43701602444882104 0
81 72 81 1. 0
81 73 80 -1. 0
81 74 76 -0.7071067811865474 0
81 74 78 -0.7071067811865474 0
81 75 76 0.7071067811865474 0
81 75 78 -0.7071067811865474 0
81 76 75 -0.618033988749895 0
81 76 83 -0.7861513777574233 0
81 77 75 0.7861513777574235 0
81 77 83 -0.6180339887498948 0
81 78 74 0.618033988749895 0
81 78 82 0.7861513777574233 0
81 79 74 0.7861513777574235 0
81 79 82 -0.6180339887498948 0
81 80 72 0.437016024448821 0
81 80 73 0.437016024448821 0
81 80 77 -0.5558929702514211 0
81 80 79 -0.5558929702514211 0
81 81 72 -0.437016024448821 0
81 81 73 0.437016024448821 0
81 81 77 -0.5558929702514211 0
81 81 79 0.5558929702514211 0
81 82 72 0.555892970251421 0
81 82 73 -0.555892970251421 0
81 82 77 -0.43701602444882104 0
81 82 79 0.43701602444882104 0
81 83 72 0.555892970251421 0
81 83 73 0.555892970251421 0
81 83 77 0.43701602444882104 0
81 83 79 0.43701602444882104 0
82 72 82 1. 0
82 73 83 1. 0
82 74 77 -0.7071067811865474 0
82 74 79 0.7071067811865474 0
82 75 77 0.7071067811865474 0
82 75 79 0.7071067811865474 0
82 76 75 0.7861513777574235 0
82 76 83 -0.6180339887498948 0
82 77 75 0.6180339887498949 0
82 77 80 -0.9999999999999999 0
82 77 83 0.3002831060007777 0
82 78 74 -0.7861513777574235 0
82 78 82 0.6180339887498949 0
82 79 74 0.6180339887498949 0
82 79 81 0.9999999999999999 0
82 79 82 0.3002831060007777 0
82 80 72 -0.555892970251421 0
82 80 73 -0.555892970251421 0
82 80 77 -0.43701602444882104 0
82 80 79 -0.43701602444882104 0
82 81 72 0.555892970251421 0
82 81 73 -0.555892970251421 0
82 81 77 -0.43701602444882104 0
82 81 79 0.43701602444882104 0
82 82 72 0.43701602444882115 0
82 82 73 -0.43701602444882115 0
82 82 76 0.7071067811865475 0
82 82 77 0.21233222052890868 0
82 82 78 0.7071067811865475 0
82 82 79 -0.21233222052890868 0
82 83 72 0.4370160244488212 0
82 83 73 0.4370160244488212 0
82 83 76 -0.7071067811865475 0
82 83 77 -0.21233222052890868 0
82 83 78 0.7071067811865475 0
82 83 79 -0.21233222052890868 0
83 72 83 1. 0
83 73 82 -1. 0
83 74 77 0.7071067811865474 0
83 74 79 0.7071067811865474 0
83 75 77 0.7071067811865474 0
83 75 79 -0.7071067811865474 0
83 76 74 -0.7861513777574235 0
83 76 82 0.6180339887498948 0
83 77 74 -0.618033988749895 0
83 77 81 -0.9999999999999999 0
83 77 82 -0.3002831060007777 0
83 78 75 -0.7861513777574235 0
83 78 83 0.6180339887498948 0
83 79 75 0.6180339887498949 0
83 79 80 -0.9999999999999999 0
83 79 83 0.3002831060007777 0
83 80 72 0.555892970251421 0
83 80 73 -0.555892970251421 0
83 80 77 -0.43701602444882104 0
83 80 79 0.43701602444882104 0
83 81 72 0.555892970251421 0
83 81 73 0.555892970251421 0
83 81 77 0.43701602444882104 0
83 81 79 0.43701602444882104 0
83 82 72 0.4370160244488212 0
83 82 73 0.4370160244488212 0
83 82 76 -0.7071067811865475 0
83 82 77 -0.21233222052890868 0
83 82 78 0.7071067811865475 0
83 82 79 -0.21233222052890868 0
83 83 72 -0.4370160244488212 0
83 83 73 0.4370160244488212 0
83 83 76 -0.7071067811865475 0
83 83 77 -0.21233222052890868 0
83 83 78 -0.7071067811865475 0
83 83 79 0.21233222052890868 0