1 0 0 0 0 0 0 0 0 1 0 0 0 0 0 0 0 0 1 0 0 0 0 0 0 0 0 1 0 0 0 0 1 0 0 0 0 0 0 0
0 0 0 1. 0
0 1 1 1. 0
0 2 2 1. 0
0 3 3 1. 0
0 4 4 1. 0
1 0 1 1. 0
1 1 0 1. 0
1 2 3 1. 0
1 3 2 1. 0
1 4 4 1. 0
2 0 2 1. 0
2 1 3 1. 0
2 2 0 1. 0
2 3 1 1. 0
2 4 4 1. 0
3 0 3 1. 0
3 1 2 1. 0
3 2 1 1. 0
3 3 0 1. 0
3 4 4 1. 0
4 0 4 1. 0
4 1 4 1. 0
4 2 4 1. 0
4 3 4 1. 0
4 4 0 1. 0
4 4 1 1. 0
4 4 2 1. 0
4 4 3 1. 0
5 0 5 1. 0
5 1 5 1. 0
5 2 5 -1. 0
5 3 5 -1. 0
6 0 6 1. 0
6 1 6 -1. 0
6 2 6 1. 0
6 3 6 -1. 0
7 0 7 1. 0
7 1 7 -1. 0
7 2 7 -1. 0
7 3 7 1. 0
8 5 0 1. 0
8 5 1 1. 0
8 5 2 -1. 0
8 5 3 -1. 0
9 5 5 1. 0
10 5 5 1. 0
11 5 5 1. 0
12 5 5 1. 0
16 6 0 1. 0
16 6 1 -1. 0
16 6 2 1. 0
16 6 3 -1. 0
18 6 6 1. 0
19 6 6 1. 0
20 6 6 1. 0
21 6 6 1. 0
24 7 0 1. 0
24 7 1 -1. 0
24 7 2 -1. 0
24 7 3 1. 0
27 7 7 1. 0
28 7 7 1. 0
29 7 7 1. 0
30 7 7 1. 0
0 8 8 1. 0
1 8 8 1. 0
2 8 8 -1. 0
3 8 8 -1. 0
5 8 9 1. 0
5 8 10 1. 0
5 8 11 1. 0
5 8 12 1. 0
8 9 8 1. 0
8 10 8 1. 0
8 11 8 1. 0
8 12 8 1. 0
9 9 9 1. 0
9 10 10 1. 0
9 11 11 1. 0
9 12 12 1. 0
9 13 13 1. 0
10 9 10 1. 0
10 10 9 1. 0
10 11 12 1. 0
10 12 11 1. 0
10 13 13 1. 0
11 9 11 1. 0
11 10 12 1. 0
11 11 9 1. 0
11 12 10 1. 0
11 13 13 -1. 0
12 9 12 1. 0
12 10 11 1. 0
12 11 10 1. 0
12 12 9 1. 0
12 13 13 -1. 0
13 9 13 1. 0
13 10 13 1. 0
13 11 13 -1. 0
13 12 13 -1. 0
13 13 9 1. 0
13 13 10 1. 0
13 13 11 -1. 0
13 13 12 -1. 0
14 9 14 1. 0
14 10 14 -1. 0
14 11 14 1. 0
14 12 14 -1. 0
15 9 15 1. 0
15 10 15 -1. 0
15 11 15 -1. 0
15 12 15 1. 0
17 14 9 -1. 0
17 14 10 1. 0
17 14 11 -1. 0
17 14 12 1. 0
18 14 14 1. 0
19 14 14 1. 0
20 14 14 -1. 0
21 14 14 -1. 0
25 15 9 -1. 0
25 15 10 1. 0
25 15 11 1. 0
25 15 12 -1. 0
27 15 15 1. 0
28 15 15 1. 0
29 15 15 -1. 0
30 15 15 -1. 0
0 16 16 1. 0
1 16 16 -1. 0
2 16 16 1. 0
3 16 16 -1. 0
6 16 18 1. 0
6 16 19 1. 0
6 16 20 1. 0
6 16 21 1. 0
9 17 17 1. 0
10 17 17 -1. 0
11 17 17 1. 0
12 17 17 -1. 0
14 17 18 -1. 0
14 17 19 -1. 0
14 17 20 1. 0
14 17 21 1. 0
16 18 16 1. 0
16 19 16 1. 0
16 20 16 1. 0
16 21 16 1. 0
17 18 17 1. 0
17 19 17 1. 0
17 20 17 -1. 0
17 21 17 -1. 0
18 18 18 1. 0
18 19 19 1. 0
18 20 20 1. 0
18 21 21 1. 0
18 22 22 1. 0
19 18 19 1. 0
19 19 18 1. 0
19 20 21 1. 0
19 21 20 1. 0
19 22 22 -1. 0
20 18 20 1. 0
20 19 21 1. 0
20 20 18 1. 0
20 21 19 1. 0
20 22 22 1. 0
21 18 21 1. 0
21 19 20 1. 0
21 20 19 1. 0
21 21 18 1. 0
21 22 22 -1. 0
22 18 22 1. 0
22 19 22 -1. 0
22 20 22 1. 0
22 21 22 -1. 0
22 22 18 1. 0
22 22 19 -1. 0
22 22 20 1. 0
22 22 21 -1. 0
23 18 23 1. 0
23 19 23 -1. 0
23 20 23 -1. 0
23 21 23 1. 0
26 23 18 -1. 0
26 23 19 1. 0
26 23 20 1. 0
26 23 21 -1. 0
27 23 23 1. 0
28 23 23 -1. 0
29 23 23 1. 0
30 23 23 -1. 0
0 24 24 1. 0
1 24 24 -1. 0
2 24 24 -1. 0
3 24 24 1. 0
7 24 27 1. 0
7 24 28 1. 0
7 24 29 1. 0
7 24 30 1. 0
9 25 25 1. 0
10 25 25 -1. 0
11 25 25 -1. 0
12 25 25 1. 0
15 25 27 -1. 0
15 25 28 -1. 0
15 25 29 1. 0
15 25 30 1. 0
18 26 26 1. 0
19 26 26 -1. 0
20 26 26 -1. 0
21 26 26 1. 0
23 26 27 -1. 0
23 26 28 1. 0
23 26 29 -1. 0
23 26 30 1. 0
24 27 24 1. 0
24 28 24 1. 0
24 29 24 1. 0
24 30 24 1. 0
25 27 25 1. 0
25 28 25 1. 0
25 29 25 -1. 0
25 30 25 -1. 0
26 27 26 1. 0
26 28 26 -1. 0
26 29 26 1. 0
26 30 26 -1. 0
27 27 27 1. 0
27 28 28 1. 0
27 29 29 1. 0
27 30 30 1. 0
27 31 31 1. 0
28 27 28 1. 0
28 28 27 1. 0
28 29 30 1. 0
28 30 29 1. 0
28 31 31 -1. 0
29 27 29 1. 0
29 28 30 1. 0
29 29 27 1. 0
29 30 28 1. 0
29 31 31 -1. 0
30 27 30 1. 0
30 28 29 1. 0
30 29 28 1. 0
30 30 27 1. 0
30 31 31 1. 0
31 27 31 1. 0
31 28 31 -1. 0
31 29 31 -1. 0
31 30 31 1. 0
31 31 27 1. 0
31 31 28 -1. 0
31 31 29 -1. 0
31 31 30 1. 0
32 32 32 1. 0
32 33 33 1. 0
32 34 34 1. 0
32 35 35 1. 0
32 36 36 1. 0
32 37 37 1. 0
32 38 38 1. 0
32 39 39 1. 0
33 32 33 1. 0
33 33 32 1. 0
33 34 35 -1. 0
33 35 34 -1. 0
33 36 37 1. 0
33 37 36 1. 0
33 38 39 -1. 0
33 39 38 -1. 0
34 32 34 1. 0
34 33 35 -1. 0
34 34 32 1. 0
34 35 33 -1. 0
34 36 38 1. 0
34 37 39 -1. 0
34 38 36 1. 0
34 39 37 -1. 0
35 32 35 1. 0
35 33 34 -1. 0
35 34 33 -1. 0
35 35 32 1. 0
35 36 39 1. 0
35 37 38 -1. 0
35 38 37 -1. 0
35 39 36 1. 0
36 32 36 1. 0
36 33 37 1. 0
36 34 38 1. 0
36 35 39 1. 0
36 36 32 -0.5 0
36 36 33 -0.5 0
36 36 34 -0.5 0
36 36 35 -0.5 0
36 37 32 -0.5 0
36 37 33 -0.5 0
36 37 34 0.5 0
36 37 35 0.5 0
36 38 32 -0.5 0
36 38 33 0.5 0
36 38 34 -0.5 0
36 38 35 0.5 0
36 39 32 -0.5 0
36 39 33 0.5 0
36 39 34 0.5 0
36 39 35 -0.5 0
37 32 37 1. 0
37 33 36 1. 0
37 34 39 -1. 0
37 35 38 -1. 0
37 36 32 -0.5 0
37 36 33 -0.5 0
37 36 34 0.5 0
37 36 35 0.5 0
37 37 32 -0.5 0
37 37 33 -0.5 0
37 37 34 -0.5 0
37 37 35 -0.5 0
37 38 32 0.5 0
37 38 33 -0.5 0
37 38 34 -0.5 0
37 38 35 0.5 0
37 39 32 0.5 0
37 39 33 -0.5 0
37 39 34 0.5 0
37 39 35 -0.5 0
38 32 38 1. 0
38 33 39 -1. 0
38 34 36 1. 0
38 35 37 -1. 0
38 36 32 -0.5 0
38 36 33 0.5 0
38 36 34 -0.5 0
38 36 35 0.5 0
38 37 32 0.5 0
38 37 33 -0.5 0
38 37 34 -0.5 0
38 37 35 0.5 0
38 38 32 -0.5 0
38 38 33 -0.5 0
38 38 34 -0.5 0
38 38 35 -0.5 0
38 39 32 0.5 0
38 39 33 0.5 0
38 39 34 -0.5 0
38 39 35 -0.5 0
39 32 39 1. 0
39 33 38 -1. 0
39 34 37 -1. 0
39 35 36 1. 0
39 36 32 -0.5 0
39 36 33 0.5 0
39 36 34 0.5 0
39 36 35 -0.5 0
39 37 32 0.5 0
39 37 33 -0.5 0
39 37 34 0.5 0
39 37 35 -0.5 0
39 38 32 0.5 0
39 38 33 0.5 0
39 38 34 -0.5 0
39 38 35 -0.5 0
39 39 32 -0.5 0
39 39 33 -0.5 0
39 39 34 -0.5 0
39 39 35 -0.5 0