1 0 0 0 1 0 0 0 1 0 0 0 1 0 0 0
0 0 0 1. 0
0 1 1 1. 0
0 2 2 1. 0
0 3 3 1. 0
1 0 1 1. 0
1 1 0 1. 0
1 2 3 1. 0
1 3 2 1. 0
2 0 2 1. 0
2 1 3 1. 0
2 2 1 1. 0
2 3 0 1. 0
3 0 3 1. 0
3 1 2 1. 0
3 2 0 1. 0
3 3 1 1. 0
4 4 4 1. 0
4 5 5 1. 0
4 6 6 1. 0
4 7 7 1. 0
5 4 5 1. 0
5 5 4 -1. 0
5 6 7 0. -1.
5 7 6 0. -1.
6 4 6 1. 0
6 5 7 0. -1.
6 6 5 1. 0
6 7 4 0. -1.
7 4 7 1. 0
7 5 6 0. -1.
7 6 4 0. -1.
7 7 5 1. 0
8 8 8 1. 0
8 9 9 1. 0
8 10 10 1. 0
8 11 11 1. 0
9 8 9 1. 0
9 9 8 0. -1.
9 10 11 0. -1.
9 11 10 1. 0
10 8 10 1. 0
10 9 11 0. -1.
10 10 9 0. 1.
10 11 8 0. 1.
11 8 11 1. 0
11 9 10 1. 0
11 10 8 0. 1.
11 11 9 -1. 0
12 12 12 1. 0
12 13 13 1. 0
12 14 14 1. 0
12 15 15 1. 0
13 12 13 1. 0
13 13 12 0. 1.
13 14 15 1. 0
13 15 14 0. 1.
14 12 14 1. 0
14 13 15 1. 0
14 14 13 0. -1.
14 15 12 1. 0
15 12 15 1. 0
15 13 14 0. 1.
15 14 12 1. 0
15 15 13 1. 0