1 0 0 0 0 0 0 0 0 0 1 0 0 0 0 0 0 0 0 0 0 0 1 0 0 0 0 0 0 0 0 0 1 0 0 0 0 0 0 0 0 0 0 0 1 0 0 0 0 0 0 0 0 0 0 0 0 0 1 0 0 0 0 0 0 0 0 0
0 0 0 1. 0
0 1 1 1. 0
0 2 2 1. 0
0 3 3 1. 0
0 4 4 1. 0
0 5 5 1. 0
1 0 1 1. 0
1 1 0 1. 0
1 2 3 1. 0
1 3 2 1. 0
1 4 5 1. 0
1 5 4 1. 0
2 0 2 1. 0
2 1 3 1. 0
2 2 0 1. 0
2 3 1 1. 0
2 4 5 1. 0
2 5 4 1. 0
3 0 3 1. 0
3 1 2 1. 0
3 2 1 1. 0
3 3 0 1. 0
3 4 4 1. 0
3 5 5 1. 0
4 0 4 1. 0
4 1 5 1. 0
4 2 5 1. 0
4 3 4 1. 0
4 4 0 1. 0
4 4 3 1. 0
4 4 5 1. 0
4 5 1 1. 0
4 5 2 1. 0
4 5 4 1. 0
5 0 5 1. 0
5 1 4 1. 0
5 2 4 1. 0
5 3 5 1. 0
5 4 1 1. 0
5 4 2 1. 0
5 4 4 1. 0
5 5 0 1. 0
5 5 3 1. 0
5 5 5 1. 0
6 0 6 1. 0
6 1 7 1. 0
6 2 7 1. 0
6 3 6 1. 0
6 4 7 -1. 0
6 5 6 -1. 0
7 0 7 1. 0
7 1 6 1. 0
7 2 6 1. 0
7 3 7 1. 0
7 4 6 -1. 0
7 5 7 -1. 0
8 0 8 1. 0
8 1 9 -1. 0
8 2 9 1. 0
8 3 8 -1. 0
9 0 9 1. 0
9 1 8 -1. 0
9 2 8 1. 0
9 3 9 -1. 0
30 6 0 1. 0
30 6 3 1. 0
30 6 5 -1. 0
30 7 1 1. 0
30 7 2 1. 0
30 7 4 -1. 0
31 6 1 1. 0
31 6 2 1. 0
31 6 4 -1. 0
31 7 0 1. 0
31 7 3 1. 0
31 7 5 -1. 0
32 6 6 1. 0
32 7 7 1. 0
33 6 7 1. 0
33 7 6 1. 0
34 6 7 1. 0
34 7 6 1. 0
35 6 6 1. 0
35 7 7 1. 0
36 6 7 1. 0
36 7 6 1. 0
37 6 6 1. 0
37 7 7 1. 0
54 8 0 -1.4142135623730951 0
54 8 3 1.4142135623730951 0
54 9 1 1.4142135623730951 0
54 9 2 -1.4142135623730951 0
55 8 1 -1.4142135623730951 0
55 8 2 1.4142135623730951 0
55 9 0 1.4142135623730951 0
55 9 3 -1.4142135623730951 0
58 8 8 1. 0
58 9 9 1. 0
59 8 9 -0.4999999999999998 0.8660254037844387
59 9 8 -0.4999999999999998 0.8660254037844387
60 8 9 -0.4999999999999998 0.8660254037844387
60 9 8 -0.4999999999999998 0.8660254037844387
61 8 8 1. 0
61 9 9 1. 0
62 8 9 -0.4999999999999998 0.8660254037844387
62 9 8 -0.4999999999999998 0.8660254037844387
63 8 9 -0.4999999999999998 0.8660254037844387
63 9 8 -0.4999999999999998 0.8660254037844387
65 8 8 1. 0
65 9 9 1. 0
66 8 8 1. 0
66 9 9 1. 0
10 10 10 1. 0
10 11 11 1. 0
10 12 12 1. 0
10 13 13 1. 0
10 14 14 1. 0
10 15 15 1. 0
11 10 11 1. 0
11 11 10 1. 0
11 12 13 1. 0
11 13 12 1. 0
11 14 15 1. 0
11 15 14 1. 0
12 10 12 1. 0
12 11 13 1. 0
12 12 10 1. 0
12 13 11 1. 0
12 14 15 1. 0
12 15 14 1. 0
13 10 13 1. 0
13 11 12 1. 0
13 12 11 1. 0
13 13 10 1. 0
13 14 14 1. 0
13 15 15 1. 0
14 10 14 1. 0
14 11 15 1. 0
14 12 15 1. 0
14 13 14 1. 0
14 14 10 -0.4999999999999998 -0.8660254037844387
14 14 13 -0.4999999999999998 -0.8660254037844387
14 14 15 0.4999999999999998 -0.8660254037844387
14 15 11 -0.4999999999999998 -0.8660254037844387
14 15 12 -0.4999999999999998 -0.8660254037844387
14 15 14 0.4999999999999998 -0.8660254037844387
15 10 15 1. 0
15 11 14 1. 0
15 12 14 1. 0
15 13 15 1. 0
15 14 11 -0.4999999999999998 -0.8660254037844387
15 14 12 -0.4999999999999998 -0.8660254037844387
15 14 14 0.4999999999999998 -0.8660254037844387
15 15 10 -0.4999999999999998 -0.8660254037844387
15 15 13 -0.4999999999999998 -0.8660254037844387
15 15 15 0.4999999999999998 -0.8660254037844387
16 10 16 1. 0
16 11 17 1. 0
16 12 17 1. 0
16 13 16 1. 0
16 14 17 -0.4999999999999998 0.8660254037844387
16 15 16 -0.4999999999999998 0.8660254037844387
17 10 17 1. 0
17 11 16 1. 0
17 12 16 1. 0
17 13 17 1. 0
17 14 16 -0.4999999999999998 0.8660254037844387
17 15 17 -0.4999999999999998 0.8660254037844387
18 10 18 1. 0
18 11 19 1. 0
18 12 19 -1. 0
18 13 18 -1. 0
19 10 19 1. 0
19 11 18 1. 0
19 12 18 -1. 0
19 13 19 -1. 0
20 16 10 -0.4999999999999998 -0.8660254037844387
20 16 13 -0.4999999999999998 -0.8660254037844387
20 16 15 -0.4999999999999998 0.8660254037844387
20 17 11 -0.4999999999999998 -0.8660254037844387
20 17 12 -0.4999999999999998 -0.8660254037844387
20 17 14 -0.4999999999999998 0.8660254037844387
21 16 11 -0.4999999999999998 -0.8660254037844387
21 16 12 -0.4999999999999998 -0.8660254037844387
21 16 14 -0.4999999999999998 0.8660254037844387
21 17 10 -0.4999999999999998 -0.8660254037844387
21 17 13 -0.4999999999999998 -0.8660254037844387
21 17 15 -0.4999999999999998 0.8660254037844387
22 16 16 1. 0
22 17 17 1. 0
23 16 17 1. 0
23 17 16 1. 0
24 16 17 1. 0
24 17 16 1. 0
25 16 16 1. 0
25 17 17 1. 0
26 16 17 0.4999999999999998 -0.8660254037844387
26 17 16 0.4999999999999998 -0.8660254037844387
27 16 16 0.4999999999999998 -0.8660254037844387
27 17 17 0.4999999999999998 -0.8660254037844387
40 18 10 -1.4142135623730951 0
40 18 13 1.4142135623730951 0
40 19 11 -1.4142135623730951 0
40 19 12 1.4142135623730951 0
41 18 11 1.4142135623730951 0
41 18 12 -1.4142135623730951 0
41 19 10 1.4142135623730951 0
41 19 13 -1.4142135623730951 0
44 18 18 1. 0
44 19 19 1. 0
45 18 19 0.4999999999999998 -0.8660254037844387
45 19 18 0.4999999999999998 -0.8660254037844387
46 18 19 0.4999999999999998 -0.8660254037844387
46 19 18 0.4999999999999998 -0.8660254037844387
47 18 18 1. 0
47 19 19 1. 0
48 18 19 1. 0
48 19 18 1. 0
49 18 19 1. 0
49 19 18 1. 0
51 18 18 0.4999999999999998 0.8660254037844387
51 19 19 0.4999999999999998 0.8660254037844387
52 18 18 0.4999999999999998 0.8660254037844387
52 19 19 0.4999999999999998 0.8660254037844387
10 20 20 1. 0
10 21 21 1. 0
11 20 21 1. 0
11 21 20 1. 0
12 20 21 1. 0
12 21 20 1. 0
13 20 20 1. 0
13 21 21 1. 0
14 20 21 -0.4999999999999998 0.8660254037844387
14 21 20 -0.4999999999999998 0.8660254037844387
15 20 20 -0.4999999999999998 0.8660254037844387
15 21 21 -0.4999999999999998 0.8660254037844387
16 20 22 -0.4999999999999998 -0.8660254037844387
16 20 25 -0.4999999999999998 -0.8660254037844387
16 20 27 0.4999999999999998 -0.8660254037844387
16 21 23 -0.4999999999999998 -0.8660254037844387
16 21 24 -0.4999999999999998 -0.8660254037844387
16 21 26 0.4999999999999998 -0.8660254037844387
17 20 23 -0.4999999999999998 -0.8660254037844387
17 20 24 -0.4999999999999998 -0.8660254037844387
17 20 26 0.4999999999999998 -0.8660254037844387
17 21 22 -0.4999999999999998 -0.8660254037844387
17 21 25 -0.4999999999999998 -0.8660254037844387
17 21 27 0.4999999999999998 -0.8660254037844387
20 22 20 1. 0
20 23 21 1. 0
20 24 21 1. 0
20 25 20 1. 0
20 26 21 0.4999999999999998 -0.8660254037844387
20 27 20 0.4999999999999998 -0.8660254037844387
21 22 21 1. 0
21 23 20 1. 0
21 24 20 1. 0
21 25 21 1. 0
21 26 20 0.4999999999999998 -0.8660254037844387
21 27 21 0.4999999999999998 -0.8660254037844387
22 22 22 1. 0
22 23 23 1. 0
22 24 24 1. 0
22 25 25 1. 0
22 26 26 1. 0
22 27 27 1. 0
23 22 23 1. 0
23 23 22 1. 0
23 24 25 1. 0
23 25 24 1. 0
23 26 27 1. 0
23 27 26 1. 0
24 22 24 1. 0
24 23 25 1. 0
24 24 22 1. 0
24 25 23 1. 0
24 26 27 1. 0
24 27 26 1. 0
25 22 25 1. 0
25 23 24 1. 0
25 24 23 1. 0
25 25 22 1. 0
25 26 26 1. 0
25 27 27 1. 0
26 22 26 1. 0
26 23 27 1. 0
26 24 27 1. 0
26 25 26 1. 0
26 26 22 -0.4999999999999998 -0.8660254037844387
26 26 25 -0.4999999999999998 -0.8660254037844387
26 26 27 -0.4999999999999998 0.8660254037844387
26 27 23 -0.4999999999999998 -0.8660254037844387
26 27 24 -0.4999999999999998 -0.8660254037844387
26 27 26 -0.4999999999999998 0.8660254037844387
27 22 27 1. 0
27 23 26 1. 0
27 24 26 1. 0
27 25 27 1. 0
27 26 23 -0.4999999999999998 -0.8660254037844387
27 26 24 -0.4999999999999998 -0.8660254037844387
27 26 26 -0.4999999999999998 0.8660254037844387
27 27 22 -0.4999999999999998 -0.8660254037844387
27 27 25 -0.4999999999999998 -0.8660254037844387
27 27 27 -0.4999999999999998 0.8660254037844387
28 22 28 1. 0
28 23 29 1. 0
28 24 29 -1. 0
28 25 28 -1. 0
29 22 29 1. 0
29 23 28 1. 0
29 24 28 -1. 0
29 25 29 -1. 0
42 28 22 1.4142135623730951 0
42 28 25 -1.4142135623730951 0
42 29 23 1.4142135623730951 0
42 29 24 -1.4142135623730951 0
43 28 23 -1.4142135623730951 0
43 28 24 1.4142135623730951 0
43 29 22 -1.4142135623730951 0
43 29 25 1.4142135623730951 0
44 28 28 1. 0
44 29 29 1. 0
45 28 29 0.4999999999999998 -0.8660254037844387
45 29 28 0.4999999999999998 -0.8660254037844387
46 28 29 0.4999999999999998 -0.8660254037844387
46 29 28 0.4999999999999998 -0.8660254037844387
47 28 28 1. 0
47 29 29 1. 0
48 28 29 -1. 0
48 29 28 -1. 0
49 28 29 -1. 0
49 29 28 -1. 0
51 28 28 -0.4999999999999998 -0.8660254037844387
51 29 29 -0.4999999999999998 -0.8660254037844387
52 28 28 -0.4999999999999998 -0.8660254037844387
52 29 29 -0.4999999999999998 -0.8660254037844387
0 30 30 1. 0
0 31 31 1. 0
1 30 31 1. 0
1 31 30 1. 0
2 30 31 1. 0
2 31 30 1. 0
3 30 30 1. 0
3 31 31 1. 0
4 30 31 -1. 0
4 31 30 -1. 0
5 30 30 -1. 0
5 31 31 -1. 0
6 30 32 1. 0
6 30 35 1. 0
6 30 37 1. 0
6 31 33 1. 0
6 31 34 1. 0
6 31 36 1. 0
7 30 33 1. 0
7 30 34 1. 0
7 30 36 1. 0
7 31 32 1. 0
7 31 35 1. 0
7 31 37 1. 0
30 32 30 1. 0
30 33 31 1. 0
30 34 31 1. 0
30 35 30 1. 0
30 36 31 1. 0
30 37 30 1. 0
31 32 31 1. 0
31 33 30 1. 0
31 34 30 1. 0
31 35 31 1. 0
31 36 30 1. 0
31 37 31 1. 0
32 32 32 1. 0
32 33 33 1. 0
32 34 34 1. 0
32 35 35 1. 0
32 36 36 1. 0
32 37 37 1. 0
33 32 33 1. 0
33 33 32 1. 0
33 34 35 1. 0
33 35 34 1. 0
33 36 37 1. 0
33 37 36 1. 0
34 32 34 1. 0
34 33 35 1. 0
34 34 32 1. 0
34 35 33 1. 0
34 36 37 1. 0
34 37 36 1. 0
35 32 35 1. 0
35 33 34 1. 0
35 34 33 1. 0
35 35 32 1. 0
35 36 36 1. 0
35 37 37 1. 0
36 32 36 1. 0
36 33 37 1. 0
36 34 37 1. 0
36 35 36 1. 0
36 36 32 1. 0
36 36 35 1. 0
36 36 37 -1. 0
36 37 33 1. 0
36 37 34 1. 0
36 37 36 -1. 0
37 32 37 1. 0
37 33 36 1. 0
37 34 36 1. 0
37 35 37 1. 0
37 36 33 1. 0
37 36 34 1. 0
37 36 36 -1. 0
37 37 32 1. 0
37 37 35 1. 0
37 37 37 -1. 0
38 32 38 1. 0
38 33 39 -1. 0
38 34 39 1. 0
38 35 38 -1. 0
39 32 39 1. 0
39 33 38 -1. 0
39 34 38 1. 0
39 35 39 -1. 0
56 38 32 1.4142135623730951 0
56 38 35 -1.4142135623730951 0
56 39 33 -1.4142135623730951 0
56 39 34 1.4142135623730951 0
57 38 33 1.4142135623730951 0
57 38 34 -1.4142135623730951 0
57 39 32 -1.4142135623730951 0
57 39 35 1.4142135623730951 0
58 38 38 1. 0
58 39 39 1. 0
59 38 39 -0.4999999999999998 0.8660254037844387
59 39 38 -0.4999999999999998 0.8660254037844387
60 38 39 -0.4999999999999998 0.8660254037844387
60 39 38 -0.4999999999999998 0.8660254037844387
61 38 38 1. 0
61 39 39 1. 0
62 38 39 0.4999999999999998 -0.8660254037844387
62 39 38 0.4999999999999998 -0.8660254037844387
63 38 39 0.4999999999999998 -0.8660254037844387
63 39 38 0.4999999999999998 -0.8660254037844387
65 38 38 -1. 0
65 39 39 -1. 0
66 38 38 -1. 0
66 39 39 -1. 0
10 40 40 1. 0
10 41 41 1. 0
11 40 41 -1. 0
11 41 40 -1. 0
12 40 41 1. 0
12 41 40 1. 0
13 40 40 -1. 0
13 41 41 -1. 0
18 40 44 -0.7071067811865475 0
18 40 47 -0.7071067811865475 0
18 40 51 -0.35355339059327356 0.6123724356957945
18 40 52 -0.35355339059327356 0.6123724356957945
18 41 45 0.35355339059327356 0.6123724356957945
18 41 46 0.35355339059327356 0.6123724356957945
18 41 48 0.7071067811865475 0
18 41 49 0.7071067811865475 0
19 40 45 -0.35355339059327356 -0.6123724356957945
19 40 46 -0.35355339059327356 -0.6123724356957945
19 40 48 -0.7071067811865475 0
19 40 49 -0.7071067811865475 0
19 41 44 0.7071067811865475 0
19 41 47 0.7071067811865475 0
19 41 51 0.35355339059327356 -0.6123724356957945
19 41 52 0.35355339059327356 -0.6123724356957945
22 42 42 1. 0
22 43 43 1. 0
23 42 43 -1. 0
23 43 42 -1. 0
24 42 43 1. 0
24 43 42 1. 0
25 42 42 -1. 0
25 43 43 -1. 0
28 42 44 0.7071067811865475 0
28 42 47 0.7071067811865475 0
28 42 51 -0.35355339059327356 0.6123724356957945
28 42 52 -0.35355339059327356 0.6123724356957945
28 43 45 -0.35355339059327356 -0.6123724356957945
28 43 46 -0.35355339059327356 -0.6123724356957945
28 43 48 0.7071067811865475 0
28 43 49 0.7071067811865475 0
29 42 45 0.35355339059327356 0.6123724356957945
29 42 46 0.35355339059327356 0.6123724356957945
29 42 48 -0.7071067811865475 0
29 42 49 -0.7071067811865475 0
29 43 44 -0.7071067811865475 0
29 43 47 -0.7071067811865475 0
29 43 51 0.35355339059327356 -0.6123724356957945
29 43 52 0.35355339059327356 -0.6123724356957945
40 44 40 1. 0
40 45 41 -0.4999999999999998 0.8660254037844387
40 46 41 -0.4999999999999998 0.8660254037844387
40 47 40 1. 0
40 48 41 -1. 0
40 49 41 -1. 0
40 51 40 0.4999999999999998 0.8660254037844387
40 52 40 0.4999999999999998 0.8660254037844387
41 44 41 1. 0
41 45 40 -0.4999999999999998 0.8660254037844387
41 46 40 -0.4999999999999998 0.8660254037844387
41 47 41 1. 0
41 48 40 -1. 0
41 49 40 -1. 0
41 51 41 0.4999999999999998 0.8660254037844387
41 52 41 0.4999999999999998 0.8660254037844387
42 44 42 1. 0
42 45 43 -0.4999999999999998 0.8660254037844387
42 46 43 -0.4999999999999998 0.8660254037844387
42 47 42 1. 0
42 48 43 1. 0
42 49 43 1. 0
42 51 42 -0.4999999999999998 -0.8660254037844387
42 52 42 -0.4999999999999998 -0.8660254037844387
43 44 43 1. 0
43 45 42 -0.4999999999999998 0.8660254037844387
43 46 42 -0.4999999999999998 0.8660254037844387
43 47 43 1. 0
43 48 42 1. 0
43 49 42 1. 0
43 51 43 -0.4999999999999998 -0.8660254037844387
43 52 43 -0.4999999999999998 -0.8660254037844387
44 44 44 1. 0
44 45 45 1. 0
44 46 46 1. 0
44 47 47 1. 0
44 48 48 1. 0
44 49 49 1. 0
44 50 50 1. 0
44 51 51 1. 0
44 52 52 1. 0
44 53 53 1. 0
45 44 45 1. 0
45 45 44 -0.4999999999999998 -0.8660254037844387
45 46 47 -0.4999999999999998 -0.8660254037844387
45 47 46 1. 0
45 48 51 -0.4999999999999998 -0.8660254037844387
45 49 52 -0.4999999999999998 -0.8660254037844387
45 50 53 -0.4999999999999998 0.8660254037844387
45 51 48 1. 0
45 52 49 1. 0
45 53 50 -0.4999999999999998 0.8660254037844387
46 44 46 1. 0
46 45 47 -0.4999999999999998 -0.8660254037844387
46 46 44 -0.4999999999999998 -0.8660254037844387
46 47 45 1. 0
46 48 52 -0.4999999999999998 -0.8660254037844387
46 49 51 -0.4999999999999998 -0.8660254037844387
46 50 53 0.4999999999999998 -0.8660254037844387
46 51 49 1. 0
46 52 48 1. 0
46 53 50 0.4999999999999998 -0.8660254037844387
47 44 47 1. 0
47 45 46 1. 0
47 46 45 1. 0
47 47 44 1. 0
47 48 49 1. 0
47 49 48 1. 0
47 50 50 -1. 0
47 51 52 1. 0
47 52 51 1. 0
47 53 53 -1. 0
48 44 48 1. 0
48 45 51 -0.4999999999999998 -0.8660254037844387
48 46 52 -0.4999999999999998 -0.8660254037844387
48 47 49 1. 0
48 48 44 0.5 0
48 48 47 0.5 0
48 48 53 0.35355339059327356 0.6123724356957945
48 49 44 0.5 0
48 49 47 0.5 0
48 49 53 -0.35355339059327356 -0.6123724356957945
48 50 44 0.7071067811865475 0
48 50 47 -0.7071067811865475 0
48 51 45 -0.2499999999999999 0.43301270189221935
48 51 46 -0.2499999999999999 0.43301270189221935
48 51 50 0.35355339059327356 -0.6123724356957945
48 52 45 -0.2499999999999999 0.43301270189221935
48 52 46 -0.2499999999999999 0.43301270189221935
48 52 50 -0.35355339059327356 0.6123724356957945
48 53 45 -0.35355339059327356 -0.6123724356957945
48 53 46 0.35355339059327356 0.6123724356957945
49 44 49 1. 0
49 45 52 -0.4999999999999998 -0.8660254037844387
49 46 51 -0.4999999999999998 -0.8660254037844387
49 47 48 1. 0
49 48 44 0.5 0
49 48 47 0.5 0
49 48 53 -0.35355339059327356 -0.6123724356957945
49 49 44 0.5 0
49 49 47 0.5 0
49 49 53 0.35355339059327356 0.6123724356957945
49 50 44 -0.7071067811865475 0
49 50 47 0.7071067811865475 0
49 51 45 -0.2499999999999999 0.43301270189221935
49 51 46 -0.2499999999999999 0.43301270189221935
49 51 50 -0.35355339059327356 0.6123724356957945
49 52 45 -0.2499999999999999 0.43301270189221935
49 52 46 -0.2499999999999999 0.43301270189221935
49 52 50 0.35355339059327356 -0.6123724356957945
49 53 45 0.35355339059327356 0.6123724356957945
49 53 46 -0.35355339059327356 -0.6123724356957945
50 44 50 1. 0
50 45 53 -0.4999999999999998 0.8660254037844387
50 46 53 0.4999999999999998 -0.8660254037844387
50 47 50 -1. 0
50 48 44 0.7071067811865475 0
50 48 47 -0.7071067811865475 0
50 49 44 -0.7071067811865475 0
50 49 47 0.7071067811865475 0
50 50 51 0.4999999999999998 0.8660254037844387
50 50 52 -0.4999999999999998 -0.8660254037844387
50 51 45 -0.35355339059327356 0.6123724356957945
50 51 46 0.35355339059327356 -0.6123724356957945
50 52 45 0.35355339059327356 -0.6123724356957945
50 52 46 -0.35355339059327356 0.6123724356957945
50 53 48 0.4999999999999998 -0.8660254037844387
50 53 49 -0.4999999999999998 0.8660254037844387
51 44 51 1. 0
51 45 48 1. 0
51 46 49 1. 0
51 47 52 1. 0
51 48 45 -0.2499999999999999 0.43301270189221935
51 48 46 -0.2499999999999999 0.43301270189221935
51 48 50 0.35355339059327356 -0.6123724356957945
51 49 45 -0.2499999999999999 0.43301270189221935
51 49 46 -0.2499999999999999 0.43301270189221935
51 49 50 -0.35355339059327356 0.6123724356957945
51 50 45 -0.35355339059327356 0.6123724356957945
51 50 46 0.35355339059327356 -0.6123724356957945
51 51 44 -0.2499999999999999 0.43301270189221935
51 51 47 -0.2499999999999999 0.43301270189221935
51 51 53 -0.7071067811865475 0
51 52 44 -0.2499999999999999 0.43301270189221935
51 52 47 -0.2499999999999999 0.43301270189221935
51 52 53 0.7071067811865475 0
51 53 44 -0.35355339059327356 -0.6123724356957945
51 53 47 0.35355339059327356 0.6123724356957945
52 44 52 1. 0
52 45 49 1. 0
52 46 48 1. 0
52 47 51 1. 0
52 48 45 -0.2499999999999999 0.43301270189221935
52 48 46 -0.2499999999999999 0.43301270189221935
52 48 50 -0.35355339059327356 0.6123724356957945
52 49 45 -0.2499999999999999 0.43301270189221935
52 49 46 -0.2499999999999999 0.43301270189221935
52 49 50 0.35355339059327356 -0.6123724356957945
52 50 45 0.35355339059327356 -0.6123724356957945
52 50 46 -0.35355339059327356 0.6123724356957945
52 51 44 -0.2499999999999999 0.43301270189221935
52 51 47 -0.2499999999999999 0.43301270189221935
52 51 53 0.7071067811865475 0
52 52 44 -0.2499999999999999 0.43301270189221935
52 52 47 -0.2499999999999999 0.43301270189221935
52 52 53 -0.7071067811865475 0
52 53 44 0.35355339059327356 0.6123724356957945
52 53 47 -0.35355339059327356 -0.6123724356957945
53 44 53 1. 0
53 45 50 -0.4999999999999998 0.8660254037844387
53 46 50 0.4999999999999998 -0.8660254037844387
53 47 53 -1. 0
53 48 45 -0.35355339059327356 -0.6123724356957945
53 48 46 0.35355339059327356 0.6123724356957945
53 49 45 0.35355339059327356 0.6123724356957945
53 49 46 -0.35355339059327356 -0.6123724356957945
53 50 48 0.4999999999999998 -0.8660254037844387
53 50 49 -0.4999999999999998 0.8660254037844387
53 51 44 -0.35355339059327356 -0.6123724356957945
53 51 47 0.35355339059327356 0.6123724356957945
53 52 44 0.35355339059327356 0.6123724356957945
53 52 47 -0.35355339059327356 -0.6123724356957945
53 53 51 0.4999999999999998 0.8660254037844387
53 53 52 -0.4999999999999998 -0.8660254037844387
0 54 54 1. 0
0 55 55 1. 0
1 54 55 1. 0
1 55 54 1. 0
2 54 55 -1. 0
2 55 54 -1. 0
3 54 54 -1. 0
3 55 55 -1. 0
8 54 58 -0.7071067811865475 0
8 54 61 -0.7071067811865475 0
8 54 65 -0.7071067811865475 0
8 54 66 -0.7071067811865475 0
8 55 59 -0.35355339059327356 -0.6123724356957945
8 55 60 -0.35355339059327356 -0.6123724356957945
8 55 62 -0.35355339059327356 -0.6123724356957945
8 55 63 -0.35355339059327356 -0.6123724356957945
9 54 59 0.35355339059327356 0.6123724356957945
9 54 60 0.35355339059327356 0.6123724356957945
9 54 62 0.35355339059327356 0.6123724356957945
9 54 63 0.35355339059327356 0.6123724356957945
9 55 58 0.7071067811865475 0
9 55 61 0.7071067811865475 0
9 55 65 0.7071067811865475 0
9 55 66 0.7071067811865475 0
32 56 56 1. 0
32 57 57 1. 0
33 56 57 1. 0
33 57 56 1. 0
34 56 57 -1. 0
34 57 56 -1. 0
35 56 56 -1. 0
35 57 57 -1. 0
38 56 58 0.7071067811865475 0
38 56 61 0.7071067811865475 0
38 56 65 -0.7071067811865475 0
38 56 66 -0.7071067811865475 0
38 57 59 0.35355339059327356 0.6123724356957945
38 57 60 0.35355339059327356 0.6123724356957945
38 57 62 -0.35355339059327356 -0.6123724356957945
38 57 63 -0.35355339059327356 -0.6123724356957945
39 56 59 -0.35355339059327356 -0.6123724356957945
39 56 60 -0.35355339059327356 -0.6123724356957945
39 56 62 0.35355339059327356 0.6123724356957945
39 56 63 0.35355339059327356 0.6123724356957945
39 57 58 -0.7071067811865475 0
39 57 61 -0.7071067811865475 0
39 57 65 0.7071067811865475 0
39 57 66 0.7071067811865475 0
54 58 54 1. 0
54 59 55 0.4999999999999998 -0.8660254037844387
54 60 55 0.4999999999999998 -0.8660254037844387
54 61 54 1. 0
54 62 55 0.4999999999999998 -0.8660254037844387
54 63 55 0.4999999999999998 -0.8660254037844387
54 65 54 1. 0
54 66 54 1. 0
55 58 55 1. 0
55 59 54 0.4999999999999998 -0.8660254037844387
55 60 54 0.4999999999999998 -0.8660254037844387
55 61 55 1. 0
55 62 54 0.4999999999999998 -0.8660254037844387
55 63 54 0.4999999999999998 -0.8660254037844387
55 65 55 1. 0
55 66 55 1. 0
56 58 56 1. 0
56 59 57 0.4999999999999998 -0.8660254037844387
56 60 57 0.4999999999999998 -0.8660254037844387
56 61 56 1. 0
56 62 57 -0.4999999999999998 0.8660254037844387
56 63 57 -0.4999999999999998 0.8660254037844387
56 65 56 -1. 0
56 66 56 -1. 0
57 58 57 1. 0
57 59 56 0.4999999999999998 -0.8660254037844387
57 60 56 0.4999999999999998 -0.8660254037844387
57 61 57 1. 0
57 62 56 -0.4999999999999998 0.8660254037844387
57 63 56 -0.4999999999999998 0.8660254037844387
57 65 57 -1. 0
57 66 57 -1. 0
58 58 58 1. 0
58 59 59 1. 0
58 60 60 1. 0
58 61 61 1. 0
58 62 62 1. 0
58 63 63 1. 0
58 64 64 1. 0
58 65 65 1. 0
58 66 66 1. 0
58 67 67 1. 0
59 58 59 1. 0
59 59 58 -0.4999999999999998 -0.8660254037844387
59 60 61 -0.4999999999999998 -0.8660254037844387
59 61 60 1. 0
59 62 65 -0.4999999999999998 -0.8660254037844387
59 63 66 -0.4999999999999998 -0.8660254037844387
59 64 67 -0.4999999999999998 0.8660254037844387
59 65 62 1. 0
59 66 63 1. 0
59 67 64 -0.4999999999999998 0.8660254037844387
60 58 60 1. 0
60 59 61 -0.4999999999999998 -0.8660254037844387
60 60 58 -0.4999999999999998 -0.8660254037844387
60 61 59 1. 0
60 62 66 -0.4999999999999998 -0.8660254037844387
60 63 65 -0.4999999999999998 -0.8660254037844387
60 64 67 0.4999999999999998 -0.8660254037844387
60 65 63 1. 0
60 66 62 1. 0
60 67 64 0.4999999999999998 -0.8660254037844387
61 58 61 1. 0
61 59 60 1. 0
61 60 59 1. 0
61 61 58 1. 0
61 62 63 1. 0
61 63 62 1. 0
61 64 64 -1. 0
61 65 66 1. 0
61 66 65 1. 0
61 67 67 -1. 0
62 58 62 1. 0
62 59 65 -0.4999999999999998 -0.8660254037844387
62 60 66 -0.4999999999999998 -0.8660254037844387
62 61 63 1. 0
62 62 58 -0.2499999999999999 -0.43301270189221935
62 62 61 -0.2499999999999999 -0.43301270189221935
62 62 67 0.7071067811865475 0
62 63 58 -0.2499999999999999 -0.43301270189221935
62 63 61 -0.2499999999999999 -0.43301270189221935
62 63 67 -0.7071067811865475 0
62 64 58 -0.35355339059327356 -0.6123724356957945
62 64 61 0.35355339059327356 0.6123724356957945
62 65 59 0.5 0
62 65 60 0.5 0
62 65 64 -0.35355339059327356 -0.6123724356957945
62 66 59 0.5 0
62 66 60 0.5 0
62 66 64 0.35355339059327356 0.6123724356957945
62 67 59 -0.35355339059327356 0.6123724356957945
62 67 60 0.35355339059327356 -0.6123724356957945
63 58 63 1. 0
63 59 66 -0.4999999999999998 -0.8660254037844387
63 60 65 -0.4999999999999998 -0.8660254037844387
63 61 62 1. 0
63 62 58 -0.2499999999999999 -0.43301270189221935
63 62 61 -0.2499999999999999 -0.43301270189221935
63 62 67 -0.7071067811865475 0
63 63 58 -0.2499999999999999 -0.43301270189221935
63 63 61 -0.2499999999999999 -0.43301270189221935
63 63 67 0.7071067811865475 0
63 64 58 0.35355339059327356 0.6123724356957945
63 64 61 -0.35355339059327356 -0.6123724356957945
63 65 59 0.5 0
63 65 60 0.5 0
63 65 64 0.35355339059327356 0.6123724356957945
63 66 59 0.5 0
63 66 60 0.5 0
63 66 64 -0.35355339059327356 -0.6123724356957945
63 67 59 0.35355339059327356 -0.6123724356957945
63 67 60 -0.35355339059327356 0.6123724356957945
64 58 64 1. 0
64 59 67 -0.4999999999999998 0.8660254037844387
64 60 67 0.4999999999999998 -0.8660254037844387
64 61 64 -1. 0
64 62 58 -0.35355339059327356 -0.6123724356957945
64 62 61 0.35355339059327356 0.6123724356957945
64 63 58 0.35355339059327356 0.6123724356957945
64 63 61 -0.35355339059327356 -0.6123724356957945
64 64 65 1. 0
64 64 66 -1. 0
64 65 59 0.7071067811865475 0
64 65 60 -0.7071067811865475 0
64 66 59 -0.7071067811865475 0
64 66 60 0.7071067811865475 0
64 67 62 -0.4999999999999998 -0.8660254037844387
64 67 63 0.4999999999999998 0.8660254037844387
65 58 65 1. 0
65 59 62 1. 0
65 60 63 1. 0
65 61 66 1. 0
65 62 59 0.5 0
65 62 60 0.5 0
65 62 64 -0.35355339059327356 -0.6123724356957945
65 63 59 0.5 0
65 63 60 0.5 0
65 63 64 0.35355339059327356 0.6123724356957945
65 64 59 0.7071067811865475 0
65 64 60 -0.7071067811865475 0
65 65 58 0.5 0
65 65 61 0.5 0
65 65 67 -0.35355339059327356 0.6123724356957945
65 66 58 0.5 0
65 66 61 0.5 0
65 66 67 0.35355339059327356 -0.6123724356957945
65 67 58 -0.35355339059327356 0.6123724356957945
65 67 61 0.35355339059327356 -0.6123724356957945
66 58 66 1. 0
66 59 63 1. 0
66 60 62 1. 0
66 61 65 1. 0
66 62 59 0.5 0
66 62 60 0.5 0
66 62 64 0.35355339059327356 0.6123724356957945
66 63 59 0.5 0
66 63 60 0.5 0
66 63 64 -0.35355339059327356 -0.6123724356957945
66 64 59 -0.7071067811865475 0
66 64 60 0.7071067811865475 0
66 65 58 0.5 0
66 65 61 0.5 0
66 65 67 0.35355339059327356 -0.6123724356957945
66 66 58 0.5 0
66 66 61 0.5 0
66 66 67 -0.35355339059327356 0.6123724356957945
66 67 58 0.35355339059327356 -0.6123724356957945
66 67 61 -0.35355339059327356 0.6123724356957945
67 58 67 1. 0
67 59 64 -0.4999999999999998 0.8660254037844387
67 60 64 0.4999999999999998 -0.8660254037844387
67 61 67 -1. 0
67 62 59 -0.35355339059327356 0.6123724356957945
67 62 60 0.35355339059327356 -0.6123724356957945
67 63 59 0.35355339059327356 -0.6123724356957945
67 63 60 -0.35355339059327356 0.6123724356957945
67 64 62 -0.4999999999999998 -0.8660254037844387
67 64 63 0.4999999999999998 0.8660254037844387
67 65 58 -0.35355339059327356 0.6123724356957945
67 65 61 0.35355339059327356 -0.6123724356957945
67 66 58 0.35355339059327356 -0.6123724356957945
67 66 61 -0.35355339059327356 0.6123724356957945
67 67 65 1. 0
67 67 66 -1. 0