1 0 0 0 1 0 0
0 0 0 1. 0
0 1 1 1. 0
1 0 1 1. 0
1 1 0 1.0000000000000002 0
1 1 1 0.9999999999999999 0
2 0 2 1. 0
2 1 2 -0.6180339887498948 0
3 2 0 1.2720196495140692 0
3 2 1 -0.7861513777574234 0
4 2 2 1. 0
5 2 2 0.9999999999999999 0
6 2 2 0.48586827175664576 0
0 3 3 1. 0
1 3 3 -0.6180339887498948 0
2 3 4 0.7861513777574234 0
2 3 5 0.7861513777574234 0
2 3 6 0.38196601125010515 0
3 4 3 1. 0
3 5 3 0.9999999999999999 0
3 6 3 0.48586827175664576 0
4 4 4 1. 0
4 5 5 1. 0
4 6 6 1. 0
5 4 5 1. 0
5 5 4 0.618033988749895 0
5 5 6 0.7861513777574233 0
5 6 4 0.7861513777574235 0
5 6 6 -0.6180339887498948 0
6 4 6 1. 0
6 5 4 0.7861513777574235 0
6 5 6 -0.6180339887498948 0
6 6 4 -0.6180339887498949 0
6 6 5 0.9999999999999999 0
6 6 6 -0.3002831060007777 0