1 0 0 0 0 0 0 0 0 0 1 0 0 0 0 0 0 0 1 0 0 0 0 0 0 0 0 0 0 0 0 1 0 0 0 0 0 0
0 0 0 1. 0
0 1 1 1. 0
0 2 2 1. 0
0 3 3 1. 0
1 0 1 1. 0
1 1 0 1. 0
1 2 2 1. 0
1 3 3 1. 0
2 0 2 1. 0
2 1 2 1. 0
2 2 0 1. 0
2 2 1 1. 0
2 2 3 1. 0
2 3 2 1. 0
2 3 3 1. 0
3 0 3 1. 0
3 1 3 1. 0
3 2 2 1. 0
3 2 3 1. 0
3 3 0 1. 0
3 3 1 1. 0
3 3 2 1. 0
4 0 4 1. 0
4 1 4 1. 0
4 2 5 1. 0
4 3 4 -1. 0
4 3 5 -1. 0
5 0 5 1. 0
5 1 5 1. 0
5 2 4 1. 0
5 2 5 -1. 0
5 3 4 -1. 0
6 0 6 1. 0
6 1 6 -1. 0
7 0 7 1. 0
7 1 7 -1. 0
8 4 0 -1. 0
8 4 1 -1. 0
8 4 3 1. 0
8 5 2 -1. 0
8 5 3 1. 0
9 4 2 -1. 0
9 4 3 1. 0
9 5 0 -1. 0
9 5 1 -1. 0
9 5 2 1. 0
10 4 4 1. 0
10 5 5 1. 0
11 4 4 1. 0
11 5 5 1. 0
12 4 5 1. 0
12 5 4 1. 0
12 5 5 -1. 0
13 4 4 -1. 0
13 4 5 -1. 0
13 5 4 -1. 0
16 6 0 1.4142135623730951 0
16 6 1 -1.4142135623730951 0
18 6 6 1. 0
19 6 6 -1. 0
20 6 6 1. 0
21 6 6 -1. 0
25 6 7 -1.1441228056353685 -0.831253875554907
26 6 7 -1.1441228056353685 -0.831253875554907
27 7 0 1.4142135623730951 0
27 7 1 -1.4142135623730951 0
29 7 6 -1.1441228056353685 0.831253875554907
30 7 6 -1.1441228056353685 0.831253875554907
31 7 7 1. 0
32 7 7 -1. 0
35 7 7 1. 0
36 7 7 -1. 0
0 8 8 1. 0
0 9 9 1. 0
1 8 8 1. 0
1 9 9 1. 0
2 8 9 1. 0
2 9 8 1. 0
2 9 9 -1. 0
3 8 8 -1. 0
3 8 9 -1. 0
3 9 8 -1. 0
4 8 10 -1. 0
4 8 11 -1. 0
4 8 13 1. 0
4 9 12 -1. 0
4 9 13 1. 0
5 8 12 -1. 0
5 8 13 1. 0
5 9 10 -1. 0
5 9 11 -1. 0
5 9 12 1. 0
8 10 8 1. 0
8 11 8 1. 0
8 12 9 1. 0
8 13 8 -1. 0
8 13 9 -1. 0
9 10 9 1. 0
9 11 9 1. 0
9 12 8 1. 0
9 12 9 -1. 0
9 13 8 -1. 0
10 10 10 1. 0
10 11 11 1. 0
10 12 12 1. 0
10 13 13 1. 0
11 10 11 1. 0
11 11 10 1. 0
11 12 12 1. 0
11 13 13 1. 0
12 10 12 1. 0
12 11 12 1. 0
12 12 10 1. 0
12 12 11 1. 0
12 12 13 1. 0
12 13 12 1. 0
12 13 13 1. 0
13 10 13 1. 0
13 11 13 1. 0
13 12 12 1. 0
13 12 13 1. 0
13 13 10 1. 0
13 13 11 1. 0
13 13 12 1. 0
14 10 14 1. 0
14 11 14 -1. 0
15 10 15 1. 0
15 11 15 -1. 0
17 14 10 1.4142135623730951 0
17 14 11 -1.4142135623730951 0
18 14 14 1. 0
19 14 14 -1. 0
20 14 14 -1. 0
21 14 14 1. 0
25 14 15 -1.1441228056353685 -0.831253875554907
26 14 15 1.1441228056353685 0.831253875554907
28 15 10 1.4142135623730951 0
28 15 11 -1.4142135623730951 0
29 15 14 -1.1441228056353685 0.831253875554907
30 15 14 1.1441228056353685 -0.831253875554907
31 15 15 1. 0
32 15 15 -1. 0
35 15 15 -1. 0
36 15 15 1. 0
0 16 16 1. 0
1 16 16 -1. 0
6 16 18 0.7071067811865475 0
6 16 19 -0.7071067811865475 0
6 16 20 0.7071067811865475 0
6 16 21 -0.7071067811865475 0
7 16 25 -0.8090169943749473 0.5877852522924732
7 16 26 -0.8090169943749473 0.5877852522924732
10 17 17 1. 0
11 17 17 -1. 0
14 17 18 0.7071067811865475 0
14 17 19 -0.7071067811865475 0
14 17 20 -0.7071067811865475 0
14 17 21 0.7071067811865475 0
15 17 25 -0.8090169943749473 0.5877852522924732
15 17 26 0.8090169943749473 -0.5877852522924732
16 18 16 1. 0
16 19 16 -1. 0
16 20 16 1. 0
16 21 16 -1. 0
17 18 17 1. 0
17 19 17 -1. 0
17 20 17 -1. 0
17 21 17 1. 0
18 18 18 1. 0
18 19 19 1. 0
18 20 20 1. 0
18 21 21 1. 0
18 22 22 1. 0
18 23 23 1. 0
18 24 24 1. 0
19 18 19 1. 0
19 19 18 1. 0
19 20 21 1. 0
19 21 20 1. 0
19 22 22 1. 0
19 23 23 1. 0
19 24 24 1. 0
20 18 20 1. 0
20 19 21 1. 0
20 20 18 0.5 0
20 20 19 -0.5 0
20 20 23 0.7071067811865475 0
20 21 18 -0.5 0
20 21 19 0.5 0
20 21 23 0.7071067811865475 0
20 22 18 0.7071067811865475 0
20 22 19 0.7071067811865475 0
20 23 24 0.30901699437494745 0.9510565162951535
20 24 22 0.30901699437494745 0.9510565162951535
21 18 21 1. 0
21 19 20 1. 0
21 20 18 -0.5 0
21 20 19 0.5 0
21 20 23 0.7071067811865475 0
21 21 18 0.5 0
21 21 19 -0.5 0
21 21 23 0.7071067811865475 0
21 22 18 0.7071067811865475 0
21 22 19 0.7071067811865475 0
21 23 24 0.30901699437494745 0.9510565162951535
21 24 22 0.30901699437494745 0.9510565162951535
22 18 22 1. 0
22 19 22 1. 0
22 20 18 0.7071067811865475 0
22 20 19 0.7071067811865475 0
22 21 18 0.7071067811865475 0
22 21 19 0.7071067811865475 0
22 22 24 0.43701602444882115 -1.3449970239279148
22 23 20 1. 0
22 23 21 1. 0
22 24 23 0.43701602444882115 -1.3449970239279148
23 18 23 1. 0
23 19 23 1. 0
23 20 24 0.30901699437494745 0.9510565162951535
23 21 24 0.30901699437494745 0.9510565162951535
23 22 20 1. 0
23 22 21 1. 0
23 23 22 -1.1441228056353685 0.831253875554907
23 24 18 0.30901699437494745 0.9510565162951535
23 24 19 0.30901699437494745 0.9510565162951535
24 18 24 1. 0
24 19 24 1. 0
24 20 22 0.30901699437494745 0.9510565162951535
24 21 22 0.30901699437494745 0.9510565162951535
24 22 23 0.43701602444882115 -1.3449970239279148
24 23 18 0.30901699437494745 0.9510565162951535
24 23 19 0.30901699437494745 0.9510565162951535
24 24 20 1. 0
24 24 21 1. 0
25 18 25 1. 0
25 19 25 -1. 0
25 20 26 1. 0
25 21 26 -1. 0
26 18 26 1. 0
26 19 26 -1. 0
26 20 25 1. 0
26 21 25 -1. 0
27 25 16 -1.1441228056353685 -0.831253875554907
27 26 16 -1.1441228056353685 -0.831253875554907
28 25 17 -1.1441228056353685 -0.831253875554907
28 26 17 1.1441228056353685 0.831253875554907
29 25 18 1. 0
29 25 19 -1. 0
29 26 20 1. 0
29 26 21 -1. 0
30 25 20 1. 0
30 25 21 -1. 0
30 26 18 1. 0
30 26 19 -1. 0
31 25 25 1. 0
31 26 26 1. 0
32 25 25 -1. 0
32 26 26 -1. 0
35 25 26 1. 0
35 26 25 1. 0
36 25 26 -1. 0
36 26 25 -1. 0
0 27 27 1. 0
1 27 27 -1. 0
6 27 29 -0.8090169943749473 -0.5877852522924732
6 27 30 -0.8090169943749473 -0.5877852522924732
7 27 31 0.7071067811865475 0
7 27 32 -0.7071067811865475 0
7 27 35 0.7071067811865475 0
7 27 36 -0.7071067811865475 0
10 28 28 1. 0
11 28 28 -1. 0
14 28 29 -0.8090169943749473 -0.5877852522924732
14 28 30 0.8090169943749473 0.5877852522924732
15 28 31 0.7071067811865475 0
15 28 32 -0.7071067811865475 0
15 28 35 -0.7071067811865475 0
15 28 36 0.7071067811865475 0
16 29 27 -1.1441228056353685 0.831253875554907
16 30 27 -1.1441228056353685 0.831253875554907
17 29 28 -1.1441228056353685 0.831253875554907
17 30 28 1.1441228056353685 -0.831253875554907
18 29 29 1. 0
18 30 30 1. 0
19 29 29 -1. 0
19 30 30 -1. 0
20 29 30 1. 0
20 30 29 1. 0
21 29 30 -1. 0
21 30 29 -1. 0
25 29 31 1. 0
25 29 32 -1. 0
25 30 35 1. 0
25 30 36 -1. 0
26 29 35 1. 0
26 29 36 -1. 0
26 30 31 1. 0
26 30 32 -1. 0
27 31 27 1. 0
27 32 27 -1. 0
27 35 27 1. 0
27 36 27 -1. 0
28 31 28 1. 0
28 32 28 -1. 0
28 35 28 -1. 0
28 36 28 1. 0
29 31 29 1. 0
29 32 29 -1. 0
29 35 30 1. 0
29 36 30 -1. 0
30 31 30 1. 0
30 32 30 -1. 0
30 35 29 1. 0
30 36 29 -1. 0
31 31 31 1. 0
31 32 32 1. 0
31 33 33 1. 0
31 34 34 1. 0
31 35 35 1. 0
31 36 36 1. 0
31 37 37 1. 0
32 31 32 1. 0
32 32 31 1. 0
32 33 33 1. 0
32 34 34 1. 0
32 35 36 1. 0
32 36 35 1. 0
32 37 37 1. 0
33 31 33 1. 0
33 32 33 1. 0
33 33 35 1. 0
33 33 36 1. 0
33 34 31 -0.8090169943749473 -0.5877852522924732
33 34 32 -0.8090169943749473 -0.5877852522924732
33 35 37 -0.8090169943749473 -0.5877852522924732
33 36 37 -0.8090169943749473 -0.5877852522924732
33 37 34 -1.1441228056353685 -0.831253875554907
34 31 34 1. 0
34 32 34 1. 0
34 33 31 -0.8090169943749473 -0.5877852522924732
34 33 32 -0.8090169943749473 -0.5877852522924732
34 34 37 1.4142135623730951 0
34 35 33 -0.8090169943749473 -0.5877852522924732
34 36 33 -0.8090169943749473 -0.5877852522924732
34 37 35 1. 0
34 37 36 1. 0
35 31 35 1. 0
35 32 36 1. 0
35 33 37 -0.8090169943749473 -0.5877852522924732
35 34 33 -0.8090169943749473 -0.5877852522924732
35 35 31 0.5 0
35 35 32 -0.5 0
35 35 34 0.21850801222441055 0.6724985119639573
35 36 31 -0.5 0
35 36 32 0.5 0
35 36 34 0.21850801222441055 0.6724985119639573
35 37 31 0.21850801222441055 0.6724985119639573
35 37 32 0.21850801222441055 0.6724985119639573
36 31 36 1. 0
36 32 35 1. 0
36 33 37 -0.8090169943749473 -0.5877852522924732
36 34 33 -0.8090169943749473 -0.5877852522924732
36 35 31 -0.5 0
36 35 32 0.5 0
36 35 34 0.21850801222441055 0.6724985119639573
36 36 31 0.5 0
36 36 32 -0.5 0
36 36 34 0.21850801222441055 0.6724985119639573
36 37 31 0.21850801222441055 0.6724985119639573
36 37 32 0.21850801222441055 0.6724985119639573
37 31 37 1. 0
37 32 37 1. 0
37 33 34 -1.1441228056353685 -0.831253875554907
37 34 35 1. 0
37 34 36 1. 0
37 35 31 0.21850801222441055 0.6724985119639573
37 35 32 0.21850801222441055 0.6724985119639573
37 36 31 0.21850801222441055 0.6724985119639573
37 36 32 0.21850801222441055 0.6724985119639573
37 37 33 -1.1441228056353685 -0.831253875554907