1 0 0 0 0 0 0 1 0 0 0 0 0 0 1 0 0 0 1 0 0 0 0 0
0 0 0 1. 0
0 1 1 1. 0
0 2 2 1. 0
0 3 3 1. 0
1 0 1 1. 0
1 1 2 1. 0
1 2 0 1. 0
1 3 3 1. 0
2 0 2 1. 0
2 1 0 1. 0
2 2 1 1. 0
2 3 3 1. 0
3 0 3 1. 0
3 1 3 1. 0
3 2 3 1. 0
3 3 0 1. 0
3 3 1 1. 0
3 3 2 1. 0
4 0 4 1. 0
4 1 4 -0.4999999999999998 -0.8660254037844387
4 2 4 -0.4999999999999998 0.8660254037844387
5 0 5 1. 0
5 1 5 -0.4999999999999998 0.8660254037844387
5 2 5 -0.4999999999999998 -0.8660254037844387
6 4 0 1. 0
6 4 1 -0.4999999999999998 0.8660254037844387
6 4 2 -0.4999999999999998 -0.8660254037844387
7 4 4 1. 0
8 4 4 1. 0
9 4 4 1. 0
12 5 0 1. 0
12 5 1 -0.4999999999999998 -0.8660254037844387
12 5 2 -0.4999999999999998 0.8660254037844387
14 5 5 1. 0
15 5 5 1. 0
16 5 5 1. 0
0 6 6 1. 0
1 6 6 -0.4999999999999998 -0.8660254037844387
2 6 6 -0.4999999999999998 0.8660254037844387
4 6 7 1. 0
4 6 8 1. 0
4 6 9 1. 0
6 7 6 1. 0
6 8 6 1. 0
6 9 6 1. 0
7 7 7 1. 0
7 8 8 1. 0
7 9 9 1. 0
7 10 10 1. 0
8 7 8 1. 0
8 8 9 1. 0
8 9 7 1. 0
8 10 10 -0.4999999999999998 -0.8660254037844387
9 7 9 1. 0
9 8 7 1. 0
9 9 8 1. 0
9 10 10 -0.4999999999999998 0.8660254037844387
10 7 10 1. 0
10 8 10 -0.4999999999999998 -0.8660254037844387
10 9 10 -0.4999999999999998 0.8660254037844387
10 10 7 -0.4999999999999998 0.8660254037844387
10 10 8 -0.4999999999999998 -0.8660254037844387
10 10 9 1. 0
11 7 11 1. 0
11 8 11 -0.4999999999999998 0.8660254037844387
11 9 11 -0.4999999999999998 -0.8660254037844387
13 11 7 -0.4999999999999998 -0.8660254037844387
13 11 8 -0.4999999999999998 0.8660254037844387
13 11 9 1. 0
14 11 11 1. 0
15 11 11 -0.4999999999999998 -0.8660254037844387
16 11 11 -0.4999999999999998 0.8660254037844387
0 12 12 1. 0
1 12 12 -0.4999999999999998 0.8660254037844387
2 12 12 -0.4999999999999998 -0.8660254037844387
5 12 14 1. 0
5 12 15 1. 0
5 12 16 1. 0
7 13 13 1. 0
8 13 13 -0.4999999999999998 0.8660254037844387
9 13 13 -0.4999999999999998 -0.8660254037844387
11 13 14 -0.4999999999999998 -0.8660254037844387
11 13 15 1. 0
11 13 16 -0.4999999999999998 0.8660254037844387
12 14 12 1. 0
12 15 12 1. 0
12 16 12 1. 0
13 14 13 1. 0
13 15 13 -0.4999999999999998 -0.8660254037844387
13 16 13 -0.4999999999999998 0.8660254037844387
14 14 14 1. 0
14 15 15 1. 0
14 16 16 1. 0
14 17 17 1. 0
15 14 15 1. 0
15 15 16 1. 0
15 16 14 1. 0
15 17 17 -0.4999999999999998 0.8660254037844387
16 14 16 1. 0
16 15 14 1. 0
16 16 15 1. 0
16 17 17 -0.4999999999999998 -0.8660254037844387
17 14 17 1. 0
17 15 17 -0.4999999999999998 0.8660254037844387
17 16 17 -0.4999999999999998 -0.8660254037844387
17 17 14 -0.4999999999999998 0.8660254037844387
17 17 15 1. 0
17 17 16 -0.4999999999999998 -0.8660254037844387
18 18 18 1. 0
18 19 19 1. 0
18 20 20 1. 0
18 21 21 1. 0
18 22 22 1. 0
18 23 23 1. 0
19 18 19 1. 0
19 19 20 -0.4999999999999998 0.8660254037844387
19 20 18 -0.4999999999999998 -0.8660254037844387
19 21 22 -0.4999999999999998 -0.8660254037844387
19 22 23 -0.4999999999999998 0.8660254037844387
19 23 21 1. 0
20 18 20 1. 0
20 19 18 -0.4999999999999998 -0.8660254037844387
20 20 19 -0.4999999999999998 0.8660254037844387
20 21 23 -0.4999999999999998 -0.8660254037844387
20 22 21 1. 0
20 23 22 -0.4999999999999998 0.8660254037844387
21 18 21 1. 0
21 19 22 -0.4999999999999998 -0.8660254037844387
21 20 23 -0.4999999999999998 -0.8660254037844387
21 21 18 0.5773502691896258 0
21 21 19 0.5773502691896258 0
21 21 20 0.5773502691896258 0
21 22 18 0.5773502691896258 0
21 22 19 -0.2886751345948128 0.5000000000000001
21 22 20 -0.2886751345948128 -0.5000000000000001
21 23 18 0.5773502691896258 0
21 23 19 -0.2886751345948128 -0.5000000000000001
21 23 20 -0.2886751345948128 0.5000000000000001
22 18 22 1. 0
22 19 23 -0.4999999999999998 0.8660254037844387
22 20 21 1. 0
22 21 18 0.5773502691896258 0
22 21 19 -0.2886751345948128 0.5000000000000001
22 21 20 -0.2886751345948128 -0.5000000000000001
22 22 18 -0.2886751345948128 -0.5000000000000001
22 22 19 -0.2886751345948128 0.5000000000000001
22 22 20 0.5773502691896258 0
22 23 18 -0.2886751345948128 0.5000000000000001
22 23 19 -0.2886751345948128 0.5000000000000001
22 23 20 -0.2886751345948128 0.5000000000000001
23 18 23 1. 0
23 19 21 1. 0
23 20 22 -0.4999999999999998 0.8660254037844387
23 21 18 0.5773502691896258 0
23 21 19 -0.2886751345948128 -0.5000000000000001
23 21 20 -0.2886751345948128 0.5000000000000001
23 22 18 -0.2886751345948128 0.5000000000000001
23 22 19 -0.2886751345948128 0.5000000000000001
23 22 20 -0.2886751345948128 0.5000000000000001
23 23 18 -0.2886751345948128 -0.5000000000000001
23 23 19 0.5773502691896258 0
23 23 20 -0.2886751345948128 0.5000000000000001