1 0 0 0 0 0 1 0 0 0 0 0 0 0 1 0 0 0 0 0 0 0 1 0 0 0 0 0
0 0 0 1. 0
0 1 1 1. 0
0 2 2 1. 0
0 3 3 1. 0
1 0 1 1. 0
1 1 0 1. 0
1 2 3 1. 0
1 3 2 1. 0
2 0 2 1. 0
2 1 3 1. 0
2 2 0 1.0000000000000002 0
2 2 3 0.9999999999999999 0
2 3 1 1.0000000000000002 0
2 3 2 0.9999999999999999 0
3 0 3 1. 0
3 1 2 1. 0
3 2 1 1.0000000000000002 0
3 2 2 0.9999999999999999 0
3 3 0 1.0000000000000002 0
3 3 3 0.9999999999999999 0
4 0 4 1. 0
4 1 5 -1. 0
4 2 5 0.6180339887498948 0
4 3 4 -0.6180339887498948 0
5 0 5 1. 0
5 1 4 -1. 0
5 2 4 0.6180339887498948 0
5 3 5 -0.6180339887498948 0
20 4 0 -1.2720196495140692 0
20 4 3 0.7861513777574234 0
20 5 1 1.2720196495140692 0
20 5 2 -0.7861513777574234 0
21 4 1 -1.2720196495140692 0
21 4 2 0.7861513777574234 0
21 5 0 1.2720196495140692 0
21 5 3 -0.7861513777574234 0
22 4 4 1. 0
22 5 5 1. 0
23 4 5 -1. 0
23 5 4 -1. 0
24 4 5 0.9999999999999999 0
24 5 4 0.9999999999999999 0
25 4 5 0.48586827175664576 0
25 5 4 0.48586827175664576 0
26 4 4 0.9999999999999999 0
26 5 5 0.9999999999999999 0
27 4 4 0.48586827175664576 0
27 5 5 0.48586827175664576 0
6 6 6 1. 0
6 7 7 1. 0
6 8 8 1. 0
6 9 9 1. 0
7 6 7 1. 0
7 7 6 -1. 0
7 8 9 -1. 0
7 9 8 1. 0
8 6 8 1. 0
8 7 9 -1. 0
8 8 6 -1.0000000000000002 0
8 8 9 0.9999999999999999 0
8 9 7 1.0000000000000002 0
8 9 8 -0.9999999999999999 0
9 6 9 1. 0
9 7 8 1. 0
9 8 7 1.0000000000000002 0
9 8 8 -0.9999999999999999 0
9 9 6 1.0000000000000002 0
9 9 9 -0.9999999999999999 0
10 6 10 1. 0
10 7 11 1. 0
10 8 11 0.6180339887498948 0
10 9 10 0.6180339887498948 0
11 6 11 1. 0
11 7 10 -1. 0
11 8 10 -0.6180339887498948 0
11 9 11 0.6180339887498948 0
12 10 6 1.2720196495140692 0
12 10 9 0.7861513777574234 0
12 11 7 1.2720196495140692 0
12 11 8 0.7861513777574234 0
13 10 7 -1.2720196495140692 0
13 10 8 -0.7861513777574234 0
13 11 6 1.2720196495140692 0
13 11 9 0.7861513777574234 0
14 10 10 1. 0
14 11 11 1. 0
15 10 11 -1. 0
15 11 10 1. 0
16 10 11 0.9999999999999999 0
16 11 10 -0.9999999999999999 0
17 10 11 0.48586827175664576 0
17 11 10 -0.48586827175664576 0
18 10 10 0.9999999999999999 0
18 11 11 0.9999999999999999 0
19 10 10 -0.48586827175664576 0
19 11 11 -0.48586827175664576 0
6 12 12 1. 0
6 13 13 1. 0
7 12 13 -1. 0
7 13 12 1. 0
8 12 13 -0.6180339887498948 0
8 13 12 0.6180339887498948 0
9 12 12 0.6180339887498948 0
9 13 13 0.6180339887498948 0
10 12 14 0.7861513777574234 0
10 12 18 0.7861513777574234 0
10 12 19 -0.38196601125010515 0
10 13 15 0.7861513777574234 0
10 13 16 -0.7861513777574234 0
10 13 17 -0.38196601125010515 0
11 12 15 -0.7861513777574234 0
11 12 16 0.7861513777574234 0
11 12 17 0.38196601125010515 0
11 13 14 0.7861513777574234 0
11 13 18 0.7861513777574234 0
11 13 19 -0.38196601125010515 0
12 14 12 1. 0
12 15 13 1. 0
12 16 13 -0.9999999999999999 0
12 17 13 -0.48586827175664576 0
12 18 12 0.9999999999999999 0
12 19 12 -0.48586827175664576 0
13 14 13 1. 0
13 15 12 -1. 0
13 16 12 0.9999999999999999 0
13 17 12 0.48586827175664576 0
13 18 13 0.9999999999999999 0
13 19 13 -0.48586827175664576 0
14 14 14 1. 0
14 15 15 1. 0
14 16 16 1. 0
14 17 17 1. 0
14 18 18 1. 0
14 19 19 1. 0
15 14 15 1. 0
15 15 14 -1. 0
15 16 18 1. 0
15 17 19 -1. 0
15 18 16 -1. 0
15 19 17 1. 0
16 14 16 1. 0
16 15 18 1. 0
16 16 14 -0.618033988749895 0
16 16 19 0.7861513777574233 0
16 17 14 -0.7861513777574235 0
16 17 19 -0.6180339887498948 0
16 18 15 -0.618033988749895 0
16 18 17 0.7861513777574233 0
16 19 15 0.7861513777574235 0
16 19 17 0.6180339887498948 0
17 14 17 1. 0
17 15 19 -1. 0
17 16 14 -0.7861513777574235 0
17 16 19 -0.6180339887498948 0
17 17 14 0.6180339887498949 0
17 17 18 -0.9999999999999999 0
17 17 19 -0.3002831060007777 0
17 18 15 -0.7861513777574235 0
17 18 17 -0.6180339887498948 0
17 19 15 -0.6180339887498949 0
17 19 16 -0.9999999999999999 0
17 19 17 0.3002831060007777 0
18 14 18 1. 0
18 15 16 -1. 0
18 16 15 -0.618033988749895 0
18 16 17 0.7861513777574233 0
18 17 15 -0.7861513777574235 0
18 17 17 -0.6180339887498948 0
18 18 14 0.618033988749895 0
18 18 19 -0.7861513777574233 0
18 19 14 -0.7861513777574235 0
18 19 19 -0.6180339887498948 0
19 14 19 1. 0
19 15 17 1. 0
19 16 15 0.7861513777574235 0
19 16 17 0.6180339887498948 0
19 17 15 -0.6180339887498949 0
19 17 16 -0.9999999999999999 0
19 17 17 0.3002831060007777 0
19 18 14 -0.7861513777574235 0
19 18 19 -0.6180339887498948 0
19 19 14 -0.6180339887498949 0
19 19 18 0.9999999999999999 0
19 19 19 0.3002831060007777 0
0 20 20 1. 0
0 21 21 1. 0
1 20 21 1. 0
1 21 20 1. 0
2 20 21 -0.6180339887498948 0
2 21 20 -0.6180339887498948 0
3 20 20 -0.6180339887498948 0
3 21 21 -0.6180339887498948 0
4 20 22 -0.7861513777574234 0
4 20 26 -0.7861513777574234 0
4 20 27 -0.38196601125010515 0
4 21 23 -0.7861513777574234 0
4 21 24 0.7861513777574234 0
4 21 25 0.38196601125010515 0
5 20 23 0.7861513777574234 0
5 20 24 -0.7861513777574234 0
5 20 25 -0.38196601125010515 0
5 21 22 0.7861513777574234 0
5 21 26 0.7861513777574234 0
5 21 27 0.38196601125010515 0
20 22 20 1. 0
20 23 21 1. 0
20 24 21 -0.9999999999999999 0
20 25 21 -0.48586827175664576 0
20 26 20 0.9999999999999999 0
20 27 20 0.48586827175664576 0
21 22 21 1. 0
21 23 20 1. 0
21 24 20 -0.9999999999999999 0
21 25 20 -0.48586827175664576 0
21 26 21 0.9999999999999999 0
21 27 21 0.48586827175664576 0
22 22 22 1. 0
22 23 23 1. 0
22 24 24 1. 0
22 25 25 1. 0
22 26 26 1. 0
22 27 27 1. 0
23 22 23 1. 0
23 23 22 1. 0
23 24 26 -1. 0
23 25 27 -1. 0
23 26 24 -1. 0
23 27 25 -1. 0
24 22 24 1. 0
24 23 26 -1. 0
24 24 22 0.618033988749895 0
24 24 27 0.7861513777574233 0
24 25 22 0.7861513777574235 0
24 25 27 -0.6180339887498948 0
24 26 23 -0.618033988749895 0
24 26 25 0.7861513777574233 0
24 27 23 -0.7861513777574235 0
24 27 25 -0.6180339887498948 0
25 22 25 1. 0
25 23 27 -1. 0
25 24 22 0.7861513777574235 0
25 24 27 -0.6180339887498948 0
25 25 22 -0.6180339887498949 0
25 25 26 0.9999999999999999 0
25 25 27 -0.3002831060007777 0
25 26 23 -0.7861513777574235 0
25 26 25 -0.6180339887498948 0
25 27 23 0.6180339887498949 0
25 27 24 0.9999999999999999 0
25 27 25 -0.3002831060007777 0
26 22 26 1. 0
26 23 24 -1. 0
26 24 23 -0.618033988749895 0
26 24 25 0.7861513777574233 0
26 25 23 -0.7861513777574235 0
26 25 25 -0.6180339887498948 0
26 26 22 0.618033988749895 0
26 26 27 0.7861513777574233 0
26 27 22 0.7861513777574235 0
26 27 27 -0.6180339887498948 0
27 22 27 1. 0
27 23 25 -1. 0
27 24 23 -0.7861513777574235 0
27 24 25 -0.6180339887498948 0
27 25 23 0.6180339887498949 0
27 25 24 0.9999999999999999 0
27 25 25 -0.3002831060007777 0
27 26 22 0.7861513777574235 0
27 26 27 -0.6180339887498948 0
27 27 22 -0.6180339887498949 0
27 27 26 0.9999999999999999 0
27 27 27 -0.3002831060007777 0