1 0 0 0 0 0 0 0 0 0 0 0 0 0 0 0 0 0 1 0 0 0 0 0 0 0 0 0 0 0 1 0 0 0 0 0 0 0 0 0 0 0 0 0 0 0 0 0 0 0 0 1 0 0 0 0 0 0 0 0 0 0 0 0 0 0 0 0 0 0 0 0 1 0 0 0 0 0 0 0 0 0 0 0 0 0 0 0 0 0 0 0 0 1 0 0 0 0 0 0 0 0 0 0
0 0 0 1. 0
0 1 1 1. 0
0 2 2 1. 0
0 3 3 1. 0
0 4 4 1. 0
0 5 5 1. 0
1 0 1 1. 0
1 1 0 1. 0
1 2 2 1. 0
1 3 3 1. 0
1 4 4 1. 0
1 5 5 1. 0
2 0 2 1. 0
2 1 2 1. 0
2 2 0 1. 0
2 2 1 1. 0
2 2 5 1. 0
2 3 4 1. 0
2 3 5 1. 0
2 4 3 1. 0
2 4 4 1. 0
2 5 2 1. 0
2 5 3 1. 0
3 0 3 1. 0
3 1 3 1. 0
3 2 4 1. 0
3 2 5 1. 0
3 3 0 1. 0
3 3 1 1. 0
3 3 3 1. 0
3 4 2 1. 0
3 4 5 1. 0
3 5 2 1. 0
3 5 4 1. 0
4 0 4 1. 0
4 1 4 1. 0
4 2 3 1. 0
4 2 4 1. 0
4 3 2 1. 0
4 3 5 1. 0
4 4 0 1. 0
4 4 1 1. 0
4 4 2 1. 0
4 5 3 1. 0
4 5 5 1. 0
5 0 5 1. 0
5 1 5 1. 0
5 2 2 1. 0
5 2 3 1. 0
5 3 2 1. 0
5 3 4 1. 0
5 4 3 1. 0
5 4 5 1. 0
5 5 0 1. 0
5 5 1 1. 0
5 5 4 1. 0
6 0 6 1. 0
6 1 6 1. 0
6 2 9 1. 0
6 3 8 1. 0
6 3 9 -1. 0
6 4 7 1. 0
6 4 8 -1. 0
6 5 6 -1. 0
6 5 7 -1. 0
7 0 7 1. 0
7 1 7 1. 0
7 2 8 -1. 0
7 2 9 -1. 0
7 3 7 -1. 0
7 4 6 1. 0
7 4 9 1. 0
7 5 6 -1. 0
7 5 8 1. 0
8 0 8 1. 0
8 1 8 1. 0
8 2 7 -1. 0
8 2 8 -1. 0
8 3 6 1. 0
8 3 9 -1. 0
8 4 6 -1. 0
8 5 7 1. 0
8 5 9 1. 0
9 0 9 1. 0
9 1 9 1. 0
9 2 6 1. 0
9 2 7 -1. 0
9 3 6 -1. 0
9 3 8 -1. 0
9 4 7 1. 0
9 4 9 -1. 0
9 5 8 1. 0
10 0 10 1. 0
10 1 10 -1. 0
11 0 11 1. 0
11 1 11 -1. 0
12 0 12 1. 0
12 1 12 -1. 0
13 0 13 1. 0
13 1 13 -1. 0
14 6 0 1. 0
14 6 1 1. 0
14 6 5 -1. 0
14 7 4 1. 0
14 7 5 -1. 0
14 8 3 1. 0
14 8 4 -1. 0
14 9 2 1. 0
14 9 3 -1. 0
15 6 4 -1. 0
15 6 5 1. 0
15 7 0 -1. 0
15 7 1 -1. 0
15 7 3 1. 0
15 8 2 1. 0
15 8 5 -1. 0
15 9 2 1. 0
15 9 4 -1. 0
16 6 3 1. 0
16 6 4 -1. 0
16 7 2 -1. 0
16 7 5 1. 0
16 8 0 1. 0
16 8 1 1. 0
16 8 2 -1. 0
16 9 3 -1. 0
16 9 5 1. 0
17 6 2 1. 0
17 6 3 -1. 0
17 7 2 -1. 0
17 7 4 1. 0
17 8 3 -1. 0
17 8 5 1. 0
17 9 0 1. 0
17 9 1 1. 0
17 9 4 -1. 0
18 6 6 1. 0
18 7 7 1. 0
18 8 8 1. 0
18 9 9 1. 0
19 6 6 1. 0
19 7 7 1. 0
19 8 8 1. 0
19 9 9 1. 0
20 6 9 -1. 0
20 7 8 1. 0
20 7 9 1. 0
20 8 7 1. 0
20 8 8 1. 0
20 9 6 -1. 0
20 9 7 1. 0
21 6 8 1. 0
21 6 9 -1. 0
21 7 7 -1. 0
21 8 6 1. 0
21 8 9 -1. 0
21 9 6 -1. 0
21 9 8 -1. 0
22 6 7 -1. 0
22 6 8 1. 0
22 7 6 -1. 0
22 7 9 -1. 0
22 8 6 1. 0
22 9 7 -1. 0
22 9 9 1. 0
23 6 6 1. 0
23 6 7 1. 0
23 7 6 1. 0
23 7 8 -1. 0
23 8 7 -1. 0
23 8 9 -1. 0
23 9 8 -1. 0
28 10 0 -1.4142135623730951 0
28 10 1 1.4142135623730951 0
30 10 10 1. 0
31 10 10 1. 0
32 10 10 1. 0
33 10 10 1. 0
41 10 11 1.4142135623730951 0
42 10 11 -1.4142135623730951 0
43 10 12 -1.4142135623730951 0
44 10 12 -1.4142135623730951 0
45 10 13 -1.4142135623730951 0
46 10 13 -1.4142135623730951 0
47 11 0 -1.4142135623730951 0
47 11 1 1.4142135623730951 0
49 11 10 -1.4142135623730951 0
50 11 10 1.4142135623730951 0
51 11 11 1. 0
52 11 11 -1. 0
55 11 11 1. 0
56 11 11 1. 0
62 11 12 -1.4142135623730951 0
63 11 12 -1.4142135623730951 0
64 11 13 -1.4142135623730951 0
65 11 13 -1.4142135623730951 0
66 12 0 1.4142135623730951 0
66 12 1 -1.4142135623730951 0
68 12 10 1.4142135623730951 0
69 12 10 1.4142135623730951 0
70 12 11 1.4142135623730951 0
71 12 11 1.4142135623730951 0
72 12 12 1. 0
73 12 12 1. 0
78 12 12 1. 0
79 12 12 1. 0
83 12 13 1.4142135623730951 0
84 12 13 1.4142135623730951 0
85 13 0 1.4142135623730951 0
85 13 1 -1.4142135623730951 0
87 13 10 1.4142135623730951 0
88 13 10 1.4142135623730951 0
89 13 11 1.4142135623730951 0
90 13 11 1.4142135623730951 0
91 13 12 1.4142135623730951 0
92 13 12 1.4142135623730951 0
93 13 13 1. 0
94 13 13 -1. 0
101 13 13 1. 0
102 13 13 -1. 0
0 14 14 1. 0
0 15 15 1. 0
0 16 16 1. 0
0 17 17 1. 0
1 14 14 1. 0
1 15 15 1. 0
1 16 16 1. 0
1 17 17 1. 0
2 14 17 1. 0
2 15 16 1. 0
2 15 17 1. 0
2 16 15 1. 0
2 16 16 -1. 0
2 17 14 1. 0
2 17 15 1. 0
3 14 16 1. 0
3 14 17 -1. 0
3 15 15 -1. 0
3 16 14 1. 0
3 16 17 -1. 0
3 17 14 -1. 0
3 17 16 -1. 0
4 14 15 -1. 0
4 14 16 -1. 0
4 15 14 -1. 0
4 15 17 -1. 0
4 16 14 -1. 0
4 17 15 -1. 0
4 17 17 -1. 0
5 14 14 -1. 0
5 14 15 1. 0
5 15 14 1. 0
5 15 16 -1. 0
5 16 15 -1. 0
5 16 17 1. 0
5 17 16 1. 0
6 14 18 1. 0
6 14 19 1. 0
6 14 23 1. 0
6 15 22 1. 0
6 15 23 -1. 0
6 16 21 1. 0
6 16 22 1. 0
6 17 20 -1. 0
6 17 21 -1. 0
7 14 22 -1. 0
7 14 23 1. 0
7 15 18 -1. 0
7 15 19 -1. 0
7 15 21 1. 0
7 16 20 1. 0
7 16 23 -1. 0
7 17 20 1. 0
7 17 22 -1. 0
8 14 21 1. 0
8 14 22 1. 0
8 15 20 -1. 0
8 15 23 1. 0
8 16 18 1. 0
8 16 19 1. 0
8 16 20 1. 0
8 17 21 -1. 0
8 17 23 -1. 0
9 14 20 -1. 0
9 14 21 -1. 0
9 15 20 -1. 0
9 15 22 1. 0
9 16 21 -1. 0
9 16 23 -1. 0
9 17 18 1. 0
9 17 19 1. 0
9 17 22 1. 0
14 18 14 1. 0
14 19 14 1. 0
14 20 17 -1. 0
14 21 16 1. 0
14 21 17 -1. 0
14 22 15 1. 0
14 22 16 1. 0
14 23 14 1. 0
14 23 15 -1. 0
15 18 15 1. 0
15 19 15 1. 0
15 20 16 -1. 0
15 20 17 -1. 0
15 21 15 -1. 0
15 22 14 1. 0
15 22 17 1. 0
15 23 14 -1. 0
15 23 16 1. 0
16 18 16 1. 0
16 19 16 1. 0
16 20 15 -1. 0
16 20 16 1. 0
16 21 14 1. 0
16 21 17 -1. 0
16 22 14 1. 0
16 23 15 1. 0
16 23 17 -1. 0
17 18 17 1. 0
17 19 17 1. 0
17 20 14 -1. 0
17 20 15 -1. 0
17 21 14 -1. 0
17 21 16 -1. 0
17 22 15 1. 0
17 22 17 1. 0
17 23 16 -1. 0
18 18 18 1. 0
18 19 19 1. 0
18 20 20 1. 0
18 21 21 1. 0
18 22 22 1. 0
18 23 23 1. 0
19 18 19 1. 0
19 19 18 1. 0
19 20 20 1. 0
19 21 21 1. 0
19 22 22 1. 0
19 23 23 1. 0
20 18 20 1. 0
20 19 20 1. 0
20 20 18 1. 0
20 20 19 1. 0
20 20 23 -1. 0
20 21 22 1. 0
20 21 23 1. 0
20 22 21 1. 0
20 22 22 -1. 0
20 23 20 -1. 0
20 23 21 1. 0
21 18 21 1. 0
21 19 21 1. 0
21 20 22 1. 0
21 20 23 1. 0
21 21 18 1. 0
21 21 19 1. 0
21 21 21 1. 0
21 22 20 1. 0
21 22 23 1. 0
21 23 20 1. 0
21 23 22 1. 0
22 18 22 1. 0
22 19 22 1. 0
22 20 21 1. 0
22 20 22 -1. 0
22 21 20 1. 0
22 21 23 1. 0
22 22 18 1. 0
22 22 19 1. 0
22 22 20 -1. 0
22 23 21 1. 0
22 23 23 -1. 0
23 18 23 1. 0
23 19 23 1. 0
23 20 20 -1. 0
23 20 21 1. 0
23 21 20 1. 0
23 21 22 1. 0
23 22 21 1. 0
23 22 23 -1. 0
23 23 18 1. 0
23 23 19 1. 0
23 23 22 -1. 0
24 18 24 1. 0
24 19 24 -1. 0
25 18 25 1. 0
25 19 25 -1. 0
26 18 26 1. 0
26 19 26 -1. 0
27 18 27 1. 0
27 19 27 -1. 0
29 24 18 1.4142135623730951 0
29 24 19 -1.4142135623730951 0
30 24 24 1. 0
31 24 24 1. 0
32 24 24 -1. 0
33 24 24 -1. 0
41 24 25 1.4142135623730951 0
42 24 25 1.4142135623730951 0
43 24 26 1.4142135623730951 0
44 24 26 -1.4142135623730951 0
45 24 27 -1.4142135623730951 0
46 24 27 1.4142135623730951 0
48 25 18 -1.4142135623730951 0
48 25 19 1.4142135623730951 0
49 25 24 -1.4142135623730951 0
50 25 24 -1.4142135623730951 0
51 25 25 1. 0
52 25 25 -1. 0
55 25 25 -1. 0
56 25 25 -1. 0
62 25 26 -1.4142135623730951 0
63 25 26 1.4142135623730951 0
64 25 27 1.4142135623730951 0
65 25 27 -1.4142135623730951 0
67 26 18 -1.4142135623730951 0
67 26 19 1.4142135623730951 0
68 26 24 -1.4142135623730951 0
69 26 24 1.4142135623730951 0
70 26 25 1.4142135623730951 0
71 26 25 -1.4142135623730951 0
72 26 26 1. 0
73 26 26 1. 0
78 26 26 -1. 0
79 26 26 -1. 0
83 26 27 1.4142135623730951 0
84 26 27 -1.4142135623730951 0
86 27 18 -1.4142135623730951 0
86 27 19 1.4142135623730951 0
87 27 24 1.4142135623730951 0
88 27 24 -1.4142135623730951 0
89 27 25 -1.4142135623730951 0
90 27 25 1.4142135623730951 0
91 27 26 1.4142135623730951 0
92 27 26 -1.4142135623730951 0
93 27 27 1. 0
94 27 27 -1. 0
101 27 27 -1. 0
102 27 27 1. 0
0 28 28 1. 0
1 28 28 -1. 0
10 28 30 -0.7071067811865475 0
10 28 31 -0.7071067811865475 0
10 28 32 -0.7071067811865475 0
10 28 33 -0.7071067811865475 0
11 28 41 -1. 0
11 28 42 1. 0
12 28 43 1. 0
12 28 44 1. 0
13 28 45 1. 0
13 28 46 1. 0
18 29 29 1. 0
19 29 29 -1. 0
24 29 30 0.7071067811865475 0
24 29 31 0.7071067811865475 0
24 29 32 -0.7071067811865475 0
24 29 33 -0.7071067811865475 0
25 29 41 1. 0
25 29 42 1. 0
26 29 43 1. 0
26 29 44 -1. 0
27 29 45 -1. 0
27 29 46 1. 0
28 30 28 1. 0
28 31 28 1. 0
28 32 28 1. 0
28 33 28 1. 0
29 30 29 1. 0
29 31 29 1. 0
29 32 29 -1. 0
29 33 29 -1. 0
30 30 30 1. 0
30 31 31 1. 0
30 32 32 1. 0
30 33 33 1. 0
30 34 34 1. 0
30 35 35 1. 0
30 36 36 1. 0
30 37 37 1. 0
30 38 38 1. 0
30 39 39 1. 0
30 40 40 1. 0
31 30 31 1. 0
31 31 30 1. 0
31 32 33 1. 0
31 33 32 1. 0
31 34 34 -1. 0
31 35 35 -1. 0
31 36 36 -1. 0
31 37 37 -1. 0
31 38 38 -1. 0
31 39 39 -1. 0
31 40 40 -1. 0
32 30 32 1. 0
32 31 33 1. 0
32 32 30 0.5 0
32 32 31 0.5 0
32 32 39 -0.7071067811865475 0
32 33 30 0.5 0
32 33 31 0.5 0
32 33 39 0.7071067811865475 0
32 34 30 -0.7071067811865475 0
32 34 31 0.7071067811865475 0
32 35 40 1. 0
32 36 37 1. 0
32 37 38 -1. 0
32 38 35 -1. 0
32 39 36 -1. 0
32 40 34 -1. 0
33 30 33 1. 0
33 31 32 1. 0
33 32 30 0.5 0
33 32 31 0.5 0
33 32 39 0.7071067811865475 0
33 33 30 0.5 0
33 33 31 0.5 0
33 33 39 -0.7071067811865475 0
33 34 30 0.7071067811865475 0
33 34 31 -0.7071067811865475 0
33 35 40 -1. 0
33 36 37 -1. 0
33 37 38 1. 0
33 38 35 1. 0
33 39 36 1. 0
33 40 34 1. 0
34 30 34 1. 0
34 31 34 -1. 0
34 32 30 -0.7071067811865475 0
34 32 31 0.7071067811865475 0
34 33 30 0.7071067811865475 0
34 33 31 -0.7071067811865475 0
34 34 40 1.4142135623730951 0
34 35 38 1.4142135623730951 0
34 36 39 1.4142135623730951 0
34 37 36 -1.4142135623730951 0
34 38 37 1.4142135623730951 0
34 39 32 1. 0
34 39 33 -1. 0
34 40 35 -1.4142135623730951 0
35 30 35 1. 0
35 31 35 -1. 0
35 32 40 1. 0
35 33 40 -1. 0
35 34 38 1.4142135623730951 0
35 35 36 1.4142135623730951 0
35 36 30 1. 0
35 36 31 -1. 0
35 37 32 1. 0
35 37 33 -1. 0
35 38 39 1.4142135623730951 0
35 39 34 1.4142135623730951 0
35 40 37 1.4142135623730951 0
36 30 36 1. 0
36 31 36 -1. 0
36 32 37 1. 0
36 33 37 -1. 0
36 34 39 1.4142135623730951 0
36 35 30 1. 0
36 35 31 -1. 0
36 36 35 1.4142135623730951 0
36 37 40 1.4142135623730951 0
36 38 34 1.4142135623730951 0
36 39 38 1.4142135623730951 0
36 40 32 1. 0
36 40 33 -1. 0
37 30 37 1. 0
37 31 37 -1. 0
37 32 38 -1. 0
37 33 38 1. 0
37 34 36 -1.4142135623730951 0
37 35 32 1. 0
37 35 33 -1. 0
37 36 40 1.4142135623730951 0
37 37 34 -1.4142135623730951 0
37 38 30 -1. 0
37 38 31 1. 0
37 39 35 -1.4142135623730951 0
37 40 39 -1.4142135623730951 0
38 30 38 1. 0
38 31 38 -1. 0
38 32 35 -1. 0
38 33 35 1. 0
38 34 37 1.4142135623730951 0
38 35 39 1.4142135623730951 0
38 36 34 1.4142135623730951 0
38 37 30 -1. 0
38 37 31 1. 0
38 38 32 1. 0
38 38 33 -1. 0
38 39 40 1.4142135623730951 0
38 40 36 -1.4142135623730951 0
39 30 39 1. 0
39 31 39 -1. 0
39 32 36 -1. 0
39 33 36 1. 0
39 34 32 1. 0
39 34 33 -1. 0
39 35 34 1.4142135623730951 0
39 36 38 1.4142135623730951 0
39 37 35 -1.4142135623730951 0
39 38 40 1.4142135623730951 0
39 39 37 1.4142135623730951 0
39 40 30 -1. 0
39 40 31 1. 0
40 30 40 1. 0
40 31 40 -1. 0
40 32 34 -1. 0
40 33 34 1. 0
40 34 35 -1.4142135623730951 0
40 35 37 1.4142135623730951 0
40 36 32 1. 0
40 36 33 -1. 0
40 37 39 -1.4142135623730951 0
40 38 36 -1.4142135623730951 0
40 39 30 -1. 0
40 39 31 1. 0
40 40 38 -1.4142135623730951 0
41 30 41 1. 0
41 31 41 1. 0
41 32 42 -1. 0
41 33 42 -1. 0
42 30 42 1. 0
42 31 42 1. 0
42 32 41 -1. 0
42 33 41 -1. 0
43 30 43 1. 0
43 31 43 1. 0
43 32 44 1. 0
43 33 44 1. 0
44 30 44 1. 0
44 31 44 1. 0
44 32 43 1. 0
44 33 43 1. 0
45 30 45 1. 0
45 31 45 1. 0
45 32 46 1. 0
45 33 46 1. 0
46 30 46 1. 0
46 31 46 1. 0
46 32 45 1. 0
46 33 45 1. 0
47 41 28 1.4142135623730951 0
47 42 28 -1.4142135623730951 0
48 41 29 -1.4142135623730951 0
48 42 29 -1.4142135623730951 0
49 41 30 -1. 0
49 41 31 -1. 0
49 42 32 1. 0
49 42 33 1. 0
50 41 32 1. 0
50 41 33 1. 0
50 42 30 -1. 0
50 42 31 -1. 0
51 41 41 1. 0
51 42 42 1. 0
52 41 41 -1. 0
52 42 42 -1. 0
55 41 42 -1. 0
55 42 41 -1. 0
56 41 42 -1. 0
56 42 41 -1. 0
62 41 44 1.4142135623730951 0
62 42 43 -1.4142135623730951 0
63 41 43 1.4142135623730951 0
63 42 44 -1.4142135623730951 0
64 41 46 1.4142135623730951 0
64 42 45 -1.4142135623730951 0
65 41 45 1.4142135623730951 0
65 42 46 -1.4142135623730951 0
66 43 28 1.4142135623730951 0
66 44 28 1.4142135623730951 0
67 43 29 -1.4142135623730951 0
67 44 29 1.4142135623730951 0
68 43 30 -1. 0
68 43 31 -1. 0
68 44 32 -1. 0
68 44 33 -1. 0
69 43 32 -1. 0
69 43 33 -1. 0
69 44 30 -1. 0
69 44 31 -1. 0
70 43 42 1.4142135623730951 0
70 44 41 -1.4142135623730951 0
71 43 41 -1.4142135623730951 0
71 44 42 1.4142135623730951 0
72 43 43 1. 0
72 44 44 1. 0
73 43 43 1. 0
73 44 44 1. 0
78 43 44 1. 0
78 44 43 1. 0
79 43 44 1. 0
79 44 43 1. 0
83 43 46 1.4142135623730951 0
83 44 45 1.4142135623730951 0
84 43 45 1.4142135623730951 0
84 44 46 1.4142135623730951 0
85 45 28 1.4142135623730951 0
85 46 28 1.4142135623730951 0
86 45 29 1.4142135623730951 0
86 46 29 -1.4142135623730951 0
87 45 30 -1. 0
87 45 31 -1. 0
87 46 32 -1. 0
87 46 33 -1. 0
88 45 32 -1. 0
88 45 33 -1. 0
88 46 30 -1. 0
88 46 31 -1. 0
89 45 42 1.4142135623730951 0
89 46 41 -1.4142135623730951 0
90 45 41 -1.4142135623730951 0
90 46 42 1.4142135623730951 0
91 45 44 1.4142135623730951 0
91 46 43 1.4142135623730951 0
92 45 43 1.4142135623730951 0
92 46 44 1.4142135623730951 0
93 45 45 1. 0
93 46 46 1. 0
94 45 45 -1. 0
94 46 46 -1. 0
101 45 46 1. 0
101 46 45 1. 0
102 45 46 -1. 0
102 46 45 -1. 0
0 47 47 1. 0
1 47 47 -1. 0
10 47 49 1. 0
10 47 50 -1. 0
11 47 51 -0.7071067811865475 0
11 47 52 0.7071067811865475 0
11 47 55 -0.7071067811865475 0
11 47 56 -0.7071067811865475 0
12 47 62 1. 0
12 47 63 1. 0
13 47 64 1. 0
13 47 65 1. 0
18 48 48 1. 0
19 48 48 -1. 0
24 48 49 1. 0
24 48 50 1. 0
25 48 51 -0.7071067811865475 0
25 48 52 0.7071067811865475 0
25 48 55 0.7071067811865475 0
25 48 56 0.7071067811865475 0
26 48 62 1. 0
26 48 63 -1. 0
27 48 64 -1. 0
27 48 65 1. 0
28 49 47 -1.4142135623730951 0
28 50 47 1.4142135623730951 0
29 49 48 1.4142135623730951 0
29 50 48 1.4142135623730951 0
30 49 49 1. 0
30 50 50 1. 0
31 49 49 1. 0
31 50 50 1. 0
32 49 50 -1. 0
32 50 49 -1. 0
33 49 50 -1. 0
33 50 49 -1. 0
41 49 51 -1. 0
41 49 52 1. 0
41 50 55 1. 0
41 50 56 1. 0
42 49 55 1. 0
42 49 56 1. 0
42 50 51 -1. 0
42 50 52 1. 0
43 49 63 -1.4142135623730951 0
43 50 62 1.4142135623730951 0
44 49 62 -1.4142135623730951 0
44 50 63 1.4142135623730951 0
45 49 65 -1.4142135623730951 0
45 50 64 1.4142135623730951 0
46 49 64 -1.4142135623730951 0
46 50 65 1.4142135623730951 0
47 51 47 1. 0
47 52 47 -1. 0
47 55 47 1. 0
47 56 47 1. 0
48 51 48 1. 0
48 52 48 -1. 0
48 55 48 -1. 0
48 56 48 -1. 0
49 51 49 1. 0
49 52 49 -1. 0
49 55 50 -1. 0
49 56 50 -1. 0
50 51 50 1. 0
50 52 50 -1. 0
50 55 49 -1. 0
50 56 49 -1. 0
51 51 51 1. 0
51 52 52 1. 0
51 53 53 1. 0
51 54 54 1. 0
51 55 55 1. 0
51 56 56 1. 0
51 57 57 1. 0
51 58 58 1. 0
51 59 59 1. 0
51 60 60 1. 0
51 61 61 1. 0
52 51 52 1. 0
52 52 51 1. 0
52 53 53 1. 0
52 54 54 1. 0
52 55 56 -1. 0
52 56 55 -1. 0
52 57 57 1. 0
52 58 58 1. 0
52 59 59 1. 0
52 60 60 1. 0
52 61 61 1. 0
53 51 53 1. 0
53 52 53 1. 0
53 53 61 -1.4142135623730951 0
53 54 51 1. 0
53 54 52 1. 0
53 55 60 1. 0
53 56 60 -1. 0
53 57 59 1.4142135623730951 0
53 58 55 1. 0
53 58 56 -1. 0
53 59 58 -1.4142135623730951 0
53 60 54 1.4142135623730951 0
53 61 57 1.4142135623730951 0
54 51 54 1. 0
54 52 54 1. 0
54 53 51 1. 0
54 53 52 1. 0
54 54 60 1.4142135623730951 0
54 55 58 1. 0
54 56 58 -1. 0
54 57 61 1.4142135623730951 0
54 58 59 -1.4142135623730951 0
54 59 57 1.4142135623730951 0
54 60 55 1. 0
54 60 56 -1. 0
54 61 53 -1.4142135623730951 0
55 51 55 1. 0
55 52 56 -1. 0
55 53 60 1. 0
55 54 58 1. 0
55 55 51 0.5 0
55 55 52 -0.5 0
55 55 57 -0.7071067811865475 0
55 56 51 0.5 0
55 56 52 -0.5 0
55 56 57 0.7071067811865475 0
55 57 51 -0.7071067811865475 0
55 57 52 -0.7071067811865475 0
55 58 61 -1. 0
55 59 53 -1. 0
55 60 59 -1. 0
55 61 54 -1. 0
56 51 56 1. 0
56 52 55 -1. 0
56 53 60 -1. 0
56 54 58 -1. 0
56 55 51 0.5 0
56 55 52 -0.5 0
56 55 57 0.7071067811865475 0
56 56 51 0.5 0
56 56 52 -0.5 0
56 56 57 -0.7071067811865475 0
56 57 51 0.7071067811865475 0
56 57 52 0.7071067811865475 0
56 58 61 1. 0
56 59 53 1. 0
56 60 59 1. 0
56 61 54 1. 0
57 51 57 1. 0
57 52 57 1. 0
57 53 59 1.4142135623730951 0
57 54 61 1.4142135623730951 0
57 55 51 -0.7071067811865475 0
57 55 52 -0.7071067811865475 0
57 56 51 0.7071067811865475 0
57 56 52 0.7071067811865475 0
57 57 55 1. 0
57 57 56 -1. 0
57 58 54 -1.4142135623730951 0
57 59 60 1.4142135623730951 0
57 60 53 -1.4142135623730951 0
57 61 58 1.4142135623730951 0
58 51 58 1. 0
58 52 58 1. 0
58 53 55 1. 0
58 53 56 -1. 0
58 54 59 -1.4142135623730951 0
58 55 61 -1. 0
58 56 61 1. 0
58 57 54 -1.4142135623730951 0
58 58 53 1.4142135623730951 0
58 59 51 -1. 0
58 59 52 -1. 0
58 60 57 -1.4142135623730951 0
58 61 60 -1.4142135623730951 0
59 51 59 1. 0
59 52 59 1. 0
59 53 58 -1.4142135623730951 0
59 54 57 1.4142135623730951 0
59 55 53 -1. 0
59 56 53 1. 0
59 57 60 1.4142135623730951 0
59 58 51 -1. 0
59 58 52 -1. 0
59 59 54 1.4142135623730951 0
59 60 61 1.4142135623730951 0
59 61 55 1. 0
59 61 56 -1. 0
60 51 60 1. 0
60 52 60 1. 0
60 53 54 1.4142135623730951 0
60 54 55 1. 0
60 54 56 -1. 0
60 55 59 -1. 0
60 56 59 1. 0
60 57 53 -1.4142135623730951 0
60 58 57 -1.4142135623730951 0
60 59 61 1.4142135623730951 0
60 60 58 1.4142135623730951 0
60 61 51 -1. 0
60 61 52 -1. 0
61 51 61 1. 0
61 52 61 1. 0
61 53 57 1.4142135623730951 0
61 54 53 -1.4142135623730951 0
61 55 54 -1. 0
61 56 54 1. 0
61 57 58 1.4142135623730951 0
61 58 60 -1.4142135623730951 0
61 59 55 1. 0
61 59 56 -1. 0
61 60 51 -1. 0
61 60 52 -1. 0
61 61 59 -1.4142135623730951 0
62 51 62 1. 0
62 52 62 -1. 0
62 55 63 1. 0
62 56 63 1. 0
63 51 63 1. 0
63 52 63 -1. 0
63 55 62 1. 0
63 56 62 1. 0
64 51 64 1. 0
64 52 64 -1. 0
64 55 65 1. 0
64 56 65 1. 0
65 51 65 1. 0
65 52 65 -1. 0
65 55 64 1. 0
65 56 64 1. 0
66 62 47 1.4142135623730951 0
66 63 47 1.4142135623730951 0
67 62 48 -1.4142135623730951 0
67 63 48 1.4142135623730951 0
68 62 50 -1.4142135623730951 0
68 63 49 1.4142135623730951 0
69 62 49 1.4142135623730951 0
69 63 50 -1.4142135623730951 0
70 62 51 -1. 0
70 62 52 1. 0
70 63 55 -1. 0
70 63 56 -1. 0
71 62 55 -1. 0
71 62 56 -1. 0
71 63 51 -1. 0
71 63 52 1. 0
72 62 62 1. 0
72 63 63 1. 0
73 62 62 1. 0
73 63 63 1. 0
78 62 63 1. 0
78 63 62 1. 0
79 62 63 1. 0
79 63 62 1. 0
83 62 65 1.4142135623730951 0
83 63 64 1.4142135623730951 0
84 62 64 1.4142135623730951 0
84 63 65 1.4142135623730951 0
85 64 47 1.4142135623730951 0
85 65 47 1.4142135623730951 0
86 64 48 1.4142135623730951 0
86 65 48 -1.4142135623730951 0
87 64 50 -1.4142135623730951 0
87 65 49 1.4142135623730951 0
88 64 49 1.4142135623730951 0
88 65 50 -1.4142135623730951 0
89 64 51 -1. 0
89 64 52 1. 0
89 65 55 -1. 0
89 65 56 -1. 0
90 64 55 -1. 0
90 64 56 -1. 0
90 65 51 -1. 0
90 65 52 1. 0
91 64 63 1.4142135623730951 0
91 65 62 1.4142135623730951 0
92 64 62 1.4142135623730951 0
92 65 63 1.4142135623730951 0
93 64 64 1. 0
93 65 65 1. 0
94 64 64 -1. 0
94 65 65 -1. 0
101 64 65 1. 0
101 65 64 1. 0
102 64 65 -1. 0
102 65 64 -1. 0
0 66 66 1. 0
1 66 66 -1. 0
10 66 68 1. 0
10 66 69 1. 0
11 66 70 1. 0
11 66 71 1. 0
12 66 72 0.7071067811865475 0
12 66 73 0.7071067811865475 0
12 66 78 0.7071067811865475 0
12 66 79 0.7071067811865475 0
13 66 83 1. 0
13 66 84 1. 0
18 67 67 1. 0
19 67 67 -1. 0
24 67 68 1. 0
24 67 69 -1. 0
25 67 70 -1. 0
25 67 71 1. 0
26 67 72 -0.7071067811865475 0
26 67 73 -0.7071067811865475 0
26 67 78 0.7071067811865475 0
26 67 79 0.7071067811865475 0
27 67 83 -1. 0
27 67 84 1. 0
28 68 66 -1.4142135623730951 0
28 69 66 -1.4142135623730951 0
29 68 67 1.4142135623730951 0
29 69 67 -1.4142135623730951 0
30 68 68 1. 0
30 69 69 1. 0
31 68 68 1. 0
31 69 69 1. 0
32 68 69 1. 0
32 69 68 1. 0
33 68 69 1. 0
33 69 68 1. 0
41 68 71 1.4142135623730951 0
41 69 70 1.4142135623730951 0
42 68 70 -1.4142135623730951 0
42 69 71 -1.4142135623730951 0
43 68 72 -1. 0
43 68 73 -1. 0
43 69 78 -1. 0
43 69 79 -1. 0
44 68 78 -1. 0
44 68 79 -1. 0
44 69 72 -1. 0
44 69 73 -1. 0
45 68 84 -1.4142135623730951 0
45 69 83 -1.4142135623730951 0
46 68 83 -1.4142135623730951 0
46 69 84 -1.4142135623730951 0
47 70 66 -1.4142135623730951 0
47 71 66 -1.4142135623730951 0
48 70 67 1.4142135623730951 0
48 71 67 -1.4142135623730951 0
49 70 69 -1.4142135623730951 0
49 71 68 -1.4142135623730951 0
50 70 68 1.4142135623730951 0
50 71 69 1.4142135623730951 0
51 70 70 1. 0
51 71 71 1. 0
52 70 70 -1. 0
52 71 71 -1. 0
55 70 71 1. 0
55 71 70 1. 0
56 70 71 1. 0
56 71 70 1. 0
62 70 72 -1. 0
62 70 73 -1. 0
62 71 78 -1. 0
62 71 79 -1. 0
63 70 78 -1. 0
63 70 79 -1. 0
63 71 72 -1. 0
63 71 73 -1. 0
64 70 84 -1.4142135623730951 0
64 71 83 -1.4142135623730951 0
65 70 83 -1.4142135623730951 0
65 71 84 -1.4142135623730951 0
66 72 66 1. 0
66 73 66 1. 0
66 78 66 1. 0
66 79 66 1. 0
67 72 67 1. 0
67 73 67 1. 0
67 78 67 -1. 0
67 79 67 -1. 0
68 72 68 1. 0
68 73 68 1. 0
68 78 69 1. 0
68 79 69 1. 0
69 72 69 1. 0
69 73 69 1. 0
69 78 68 1. 0
69 79 68 1. 0
70 72 70 1. 0
70 73 70 1. 0
70 78 71 1. 0
70 79 71 1. 0
71 72 71 1. 0
71 73 71 1. 0
71 78 70 1. 0
71 79 70 1. 0
72 72 72 1. 0
72 73 73 1. 0
72 74 74 1. 0
72 75 75 1. 0
72 76 76 1. 0
72 77 77 1. 0
72 78 78 1. 0
72 79 79 1. 0
72 80 80 1. 0
72 81 81 1. 0
72 82 82 1. 0
73 72 73 1. 0
73 73 72 1. 0
73 74 74 -1. 0
73 75 75 -1. 0
73 76 76 -1. 0
73 77 77 -1. 0
73 78 79 1. 0
73 79 78 1. 0
73 80 80 -1. 0
73 81 81 -1. 0
73 82 82 -1. 0
74 72 74 1. 0
74 73 74 -1. 0
74 74 82 1.4142135623730951 0
74 75 72 -1. 0
74 75 73 1. 0
74 76 78 1. 0
74 76 79 -1. 0
74 77 81 1.4142135623730951 0
74 78 80 -1. 0
74 79 80 1. 0
74 80 77 1.4142135623730951 0
74 81 75 1.4142135623730951 0
74 82 76 1.4142135623730951 0
75 72 75 1. 0
75 73 75 -1. 0
75 74 72 -1. 0
75 74 73 1. 0
75 75 81 -1.4142135623730951 0
75 76 82 -1.4142135623730951 0
75 77 80 -1.4142135623730951 0
75 78 76 -1. 0
75 79 76 1. 0
75 80 78 1. 0
75 80 79 -1. 0
75 81 77 -1.4142135623730951 0
75 82 74 -1.4142135623730951 0
76 72 76 1. 0
76 73 76 -1. 0
76 74 78 1. 0
76 74 79 -1. 0
76 75 82 -1.4142135623730951 0
76 76 77 -1.4142135623730951 0
76 77 72 -1. 0
76 77 73 1. 0
76 78 81 -1. 0
76 79 81 1. 0
76 80 75 1.4142135623730951 0
76 81 74 -1.4142135623730951 0
76 82 80 -1.4142135623730951 0
77 72 77 1. 0
77 73 77 -1. 0
77 74 81 1.4142135623730951 0
77 75 80 -1.4142135623730951 0
77 76 72 -1. 0
77 76 73 1. 0
77 77 76 1.4142135623730951 0
77 78 74 -1. 0
77 79 74 1. 0
77 80 82 1.4142135623730951 0
77 81 78 1. 0
77 81 79 -1. 0
77 82 75 1.4142135623730951 0
78 72 78 1. 0
78 73 79 1. 0
78 74 80 -1. 0
78 75 76 -1. 0
78 76 81 -1. 0
78 77 74 -1. 0
78 78 72 0.5 0
78 78 73 0.5 0
78 78 75 -0.7071067811865475 0
78 79 72 0.5 0
78 79 73 0.5 0
78 79 75 0.7071067811865475 0
78 80 72 -0.7071067811865475 0
78 80 73 0.7071067811865475 0
78 81 82 -1. 0
78 82 77 -1. 0
79 72 79 1. 0
79 73 78 1. 0
79 74 80 1. 0
79 75 76 1. 0
79 76 81 1. 0
79 77 74 1. 0
79 78 72 0.5 0
79 78 73 0.5 0
79 78 75 0.7071067811865475 0
79 79 72 0.5 0
79 79 73 0.5 0
79 79 75 -0.7071067811865475 0
79 80 72 0.7071067811865475 0
79 80 73 -0.7071067811865475 0
79 81 82 1. 0
79 82 77 1. 0
80 72 80 1. 0
80 73 80 -1. 0
80 74 77 1.4142135623730951 0
80 75 78 1. 0
80 75 79 -1. 0
80 76 75 1.4142135623730951 0
80 77 82 1.4142135623730951 0
80 78 72 -0.7071067811865475 0
80 78 73 0.7071067811865475 0
80 79 72 0.7071067811865475 0
80 79 73 -0.7071067811865475 0
80 80 74 1.4142135623730951 0
80 81 76 1.4142135623730951 0
80 82 81 1.4142135623730951 0
81 72 81 1. 0
81 73 81 -1. 0
81 74 75 1.4142135623730951 0
81 75 77 -1.4142135623730951 0
81 76 74 -1.4142135623730951 0
81 77 78 1. 0
81 77 79 -1. 0
81 78 82 -1. 0
81 79 82 1. 0
81 80 76 1.4142135623730951 0
81 81 80 -1.4142135623730951 0
81 82 72 -1. 0
81 82 73 1. 0
82 72 82 1. 0
82 73 82 -1. 0
82 74 76 1.4142135623730951 0
82 75 74 -1.4142135623730951 0
82 76 80 -1.4142135623730951 0
82 77 75 1.4142135623730951 0
82 78 77 -1. 0
82 79 77 1. 0
82 80 81 1.4142135623730951 0
82 81 72 -1. 0
82 81 73 1. 0
82 82 78 1. 0
82 82 79 -1. 0
83 72 83 1. 0
83 73 83 1. 0
83 78 84 1. 0
83 79 84 1. 0
84 72 84 1. 0
84 73 84 1. 0
84 78 83 1. 0
84 79 83 1. 0
85 83 66 1.4142135623730951 0
85 84 66 1.4142135623730951 0
86 83 67 1.4142135623730951 0
86 84 67 -1.4142135623730951 0
87 83 69 1.4142135623730951 0
87 84 68 1.4142135623730951 0
88 83 68 1.4142135623730951 0
88 84 69 1.4142135623730951 0
89 83 71 1.4142135623730951 0
89 84 70 1.4142135623730951 0
90 83 70 1.4142135623730951 0
90 84 71 1.4142135623730951 0
91 83 72 1. 0
91 83 73 1. 0
91 84 78 1. 0
91 84 79 1. 0
92 83 78 1. 0
92 83 79 1. 0
92 84 72 1. 0
92 84 73 1. 0
93 83 83 1. 0
93 84 84 1. 0
94 83 83 -1. 0
94 84 84 -1. 0
101 83 84 1. 0
101 84 83 1. 0
102 83 84 -1. 0
102 84 83 -1. 0
0 85 85 1. 0
1 85 85 -1. 0
10 85 87 1. 0
10 85 88 1. 0
11 85 89 1. 0
11 85 90 1. 0
12 85 91 1. 0
12 85 92 1. 0
13 85 93 0.7071067811865475 0
13 85 94 -0.7071067811865475 0
13 85 101 0.7071067811865475 0
13 85 102 -0.7071067811865475 0
18 86 86 1. 0
19 86 86 -1. 0
24 86 87 -1. 0
24 86 88 1. 0
25 86 89 1. 0
25 86 90 -1. 0
26 86 91 -1. 0
26 86 92 1. 0
27 86 93 -0.7071067811865475 0
27 86 94 0.7071067811865475 0
27 86 101 0.7071067811865475 0
27 86 102 -0.7071067811865475 0
28 87 85 -1.4142135623730951 0
28 88 85 -1.4142135623730951 0
29 87 86 -1.4142135623730951 0
29 88 86 1.4142135623730951 0
30 87 87 1. 0
30 88 88 1. 0
31 87 87 1. 0
31 88 88 1. 0
32 87 88 1. 0
32 88 87 1. 0
33 87 88 1. 0
33 88 87 1. 0
41 87 90 1.4142135623730951 0
41 88 89 1.4142135623730951 0
42 87 89 -1.4142135623730951 0
42 88 90 -1.4142135623730951 0
43 87 92 -1.4142135623730951 0
43 88 91 -1.4142135623730951 0
44 87 91 -1.4142135623730951 0
44 88 92 -1.4142135623730951 0
45 87 93 -1. 0
45 87 94 1. 0
45 88 101 -1. 0
45 88 102 1. 0
46 87 101 -1. 0
46 87 102 1. 0
46 88 93 -1. 0
46 88 94 1. 0
47 89 85 -1.4142135623730951 0
47 90 85 -1.4142135623730951 0
48 89 86 -1.4142135623730951 0
48 90 86 1.4142135623730951 0
49 89 88 -1.4142135623730951 0
49 90 87 -1.4142135623730951 0
50 89 87 1.4142135623730951 0
50 90 88 1.4142135623730951 0
51 89 89 1. 0
51 90 90 1. 0
52 89 89 -1. 0
52 90 90 -1. 0
55 89 90 1. 0
55 90 89 1. 0
56 89 90 1. 0
56 90 89 1. 0
62 89 92 -1.4142135623730951 0
62 90 91 -1.4142135623730951 0
63 89 91 -1.4142135623730951 0
63 90 92 -1.4142135623730951 0
64 89 93 -1. 0
64 89 94 1. 0
64 90 101 -1. 0
64 90 102 1. 0
65 89 101 -1. 0
65 89 102 1. 0
65 90 93 -1. 0
65 90 94 1. 0
66 91 85 1.4142135623730951 0
66 92 85 1.4142135623730951 0
67 91 86 1.4142135623730951 0
67 92 86 -1.4142135623730951 0
68 91 88 1.4142135623730951 0
68 92 87 1.4142135623730951 0
69 91 87 1.4142135623730951 0
69 92 88 1.4142135623730951 0
70 91 90 1.4142135623730951 0
70 92 89 1.4142135623730951 0
71 91 89 1.4142135623730951 0
71 92 90 1.4142135623730951 0
72 91 91 1. 0
72 92 92 1. 0
73 91 91 1. 0
73 92 92 1. 0
78 91 92 1. 0
78 92 91 1. 0
79 91 92 1. 0
79 92 91 1. 0
83 91 93 1. 0
83 91 94 -1. 0
83 92 101 1. 0
83 92 102 -1. 0
84 91 101 1. 0
84 91 102 -1. 0
84 92 93 1. 0
84 92 94 -1. 0
85 93 85 1. 0
85 94 85 -1. 0
85 101 85 1. 0
85 102 85 -1. 0
86 93 86 1. 0
86 94 86 -1. 0
86 101 86 -1. 0
86 102 86 1. 0
87 93 87 1. 0
87 94 87 -1. 0
87 101 88 1. 0
87 102 88 -1. 0
88 93 88 1. 0
88 94 88 -1. 0
88 101 87 1. 0
88 102 87 -1. 0
89 93 89 1. 0
89 94 89 -1. 0
89 101 90 1. 0
89 102 90 -1. 0
90 93 90 1. 0
90 94 90 -1. 0
90 101 89 1. 0
90 102 89 -1. 0
91 93 91 1. 0
91 94 91 -1. 0
91 101 92 1. 0
91 102 92 -1. 0
92 93 92 1. 0
92 94 92 -1. 0
92 101 91 1. 0
92 102 91 -1. 0
93 93 93 1. 0
93 94 94 1. 0
93 95 95 1. 0
93 96 96 1. 0
93 97 97 1. 0
93 98 98 1. 0
93 99 99 1. 0
93 100 100 1. 0
93 101 101 1. 0
93 102 102 1. 0
93 103 103 1. 0
94 93 94 1. 0
94 94 93 1. 0
94 95 95 1. 0
94 96 96 1. 0
94 97 97 1. 0
94 98 98 1. 0
94 99 99 1. 0
94 100 100 1. 0
94 101 102 1. 0
94 102 101 1. 0
94 103 103 1. 0
95 93 95 1. 0
95 94 95 1. 0
95 95 101 1. 0
95 95 102 1. 0
95 96 93 1. 0
95 96 94 1. 0
95 97 100 1.4142135623730951 0
95 98 103 -1.4142135623730951 0
95 99 98 1.4142135623730951 0
95 100 99 -1.4142135623730951 0
95 101 97 1. 0
95 102 97 1. 0
95 103 96 1.4142135623730951 0
96 93 96 1. 0
96 94 96 1. 0
96 95 93 1. 0
96 95 94 1. 0
96 96 103 1.4142135623730951 0
96 97 101 1. 0
96 97 102 1. 0
96 98 99 1.4142135623730951 0
96 99 100 -1.4142135623730951 0
96 100 97 1.4142135623730951 0
96 101 95 1. 0
96 102 95 1. 0
96 103 98 -1.4142135623730951 0
97 93 97 1. 0
97 94 97 1. 0
97 95 100 1.4142135623730951 0
97 96 101 1. 0
97 96 102 1. 0
97 97 98 -1.4142135623730951 0
97 98 93 -1. 0
97 98 94 -1. 0
97 99 96 -1.4142135623730951 0
97 100 103 1.4142135623730951 0
97 101 99 -1. 0
97 102 99 -1. 0
97 103 95 1.4142135623730951 0
98 93 98 1. 0
98 94 98 1. 0
98 95 103 -1.4142135623730951 0
98 96 99 1.4142135623730951 0
98 97 93 -1. 0
98 97 94 -1. 0
98 98 97 1.4142135623730951 0
98 99 101 1. 0
98 99 102 1. 0
98 100 95 -1.4142135623730951 0
98 101 96 -1. 0
98 102 96 -1. 0
98 103 100 -1.4142135623730951 0
99 93 99 1. 0
99 94 99 1. 0
99 95 98 1.4142135623730951 0
99 96 100 -1.4142135623730951 0
99 97 96 -1.4142135623730951 0
99 98 101 1. 0
99 98 102 1. 0
99 99 95 1.4142135623730951 0
99 100 93 -1. 0
99 100 94 -1. 0
99 101 103 -1. 0
99 102 103 -1. 0
99 103 97 -1.4142135623730951 0
100 93 100 1. 0
100 94 100 1. 0
100 95 99 -1.4142135623730951 0
100 96 97 1.4142135623730951 0
100 97 103 1.4142135623730951 0
100 98 95 -1.4142135623730951 0
100 99 93 -1. 0
100 99 94 -1. 0
100 100 96 1.4142135623730951 0
100 101 98 -1. 0
100 102 98 -1. 0
100 103 101 1. 0
100 103 102 1. 0
101 93 101 1. 0
101 94 102 1. 0
101 95 97 1. 0
101 96 95 1. 0
101 97 99 -1. 0
101 98 96 -1. 0
101 99 103 -1. 0
101 100 98 -1. 0
101 101 93 0.5 0
101 101 94 -0.5 0
101 101 100 0.7071067811865475 0
101 102 93 -0.5 0
101 102 94 0.5 0
101 102 100 0.7071067811865475 0
101 103 93 0.7071067811865475 0
101 103 94 0.7071067811865475 0
102 93 102 1. 0
102 94 101 1. 0
102 95 97 1. 0
102 96 95 1. 0
102 97 99 -1. 0
102 98 96 -1. 0
102 99 103 -1. 0
102 100 98 -1. 0
102 101 93 -0.5 0
102 101 94 0.5 0
102 101 100 0.7071067811865475 0
102 102 93 0.5 0
102 102 94 -0.5 0
102 102 100 0.7071067811865475 0
102 103 93 0.7071067811865475 0
102 103 94 0.7071067811865475 0
103 93 103 1. 0
103 94 103 1. 0
103 95 96 1.4142135623730951 0
103 96 98 -1.4142135623730951 0
103 97 95 1.4142135623730951 0
103 98 100 -1.4142135623730951 0
103 99 97 -1.4142135623730951 0
103 100 101 1. 0
103 100 102 1. 0
103 101 93 0.7071067811865475 0
103 101 94 0.7071067811865475 0
103 102 93 0.7071067811865475 0
103 102 94 0.7071067811865475 0
103 103 99 -1.4142135623730951 0