1 0 0 0 0 1 0 0 0 0 1 0 0 0 0 1 0 0 0 0 1 0 0 0 0
0 0 0 1. 0
0 1 1 1. 0
0 2 2 1. 0
0 3 3 1. 0
0 4 4 1. 0
1 0 1 1. 0
1 1 4 1. 0
1 2 0 1. 0
1 3 2 1. 0
1 4 3 1. 0
2 0 2 1. 0
2 1 0 1. 0
2 2 3 1. 0
2 3 4 1. 0
2 4 1 1. 0
3 0 3 1. 0
3 1 2 1. 0
3 2 4 1. 0
3 3 1 1. 0
3 4 0 1. 0
4 0 4 1. 0
4 1 3 1. 0
4 2 1 1. 0
4 3 0 1. 0
4 4 2 1. 0
5 5 5 1. 0
5 6 6 1. 0
5 7 7 1. 0
5 8 8 1. 0
5 9 9 1. 0
6 5 6 1. 0
6 6 9 1. 0
6 7 5 1. 0
6 8 7 1. 0
6 9 8 1. 0
7 5 7 1. 0
7 6 5 1. 0
7 7 8 1. 0
7 8 9 1. 0
7 9 6 1. 0
8 5 8 1. 0
8 6 7 1. 0
8 7 9 1. 0
8 8 6 1. 0
8 9 5 1. 0
9 5 9 1. 0
9 6 8 1. 0
9 7 6 1. 0
9 8 5 1. 0
9 9 7 1. 0
10 10 10 1. 0
10 11 11 1. 0
10 12 12 1. 0
10 13 13 1. 0
10 14 14 1. 0
11 10 11 1. 0
11 11 14 1. 0
11 12 10 1. 0
11 13 12 1. 0
11 14 13 1. 0
12 10 12 1. 0
12 11 10 1. 0
12 12 13 1. 0
12 13 14 1. 0
12 14 11 1. 0
13 10 13 1. 0
13 11 12 1. 0
13 12 14 1. 0
13 13 11 1. 0
13 14 10 1. 0
14 10 14 1. 0
14 11 13 1. 0
14 12 11 1. 0
14 13 10 1. 0
14 14 12 1. 0
15 15 15 1. 0
15 16 16 1. 0
15 17 17 1. 0
15 18 18 1. 0
15 19 19 1. 0
16 15 16 1. 0
16 16 19 1. 0
16 17 15 1. 0
16 18 17 1. 0
16 19 18 1. 0
17 15 17 1. 0
17 16 15 1. 0
17 17 18 1. 0
17 18 19 1. 0
17 19 16 1. 0
18 15 18 1. 0
18 16 17 1. 0
18 17 19 1. 0
18 18 16 1. 0
18 19 15 1. 0
19 15 19 1. 0
19 16 18 1. 0
19 17 16 1. 0
19 18 15 1. 0
19 19 17 1. 0
20 20 20 1. 0
20 21 21 1. 0
20 22 22 1. 0
20 23 23 1. 0
20 24 24 1. 0
21 20 21 1. 0
21 21 24 1. 0
21 22 20 1. 0
21 23 22 1. 0
21 24 23 1. 0
22 20 22 1. 0
22 21 20 1. 0
22 22 23 1. 0
22 23 24 1. 0
22 24 21 1. 0
23 20 23 1. 0
23 21 22 1. 0
23 22 24 1. 0
23 23 21 1. 0
23 24 20 1. 0
24 20 24 1. 0
24 21 23 1. 0
24 22 21 1. 0
24 23 20 1. 0
24 24 22 1. 0