1 0 0 0 0 0 0 0 0 1 0 0 0 0 0 0 0 0 1 0 0 0 0 0 0 0 0 0 0 0 1 0 0 0 0 0 0 0 0 0 0 0 1 0 0 0 0 0 0 0 0 0 0 0 1 0 0 0 0 0 0 0 0
0 0 0 1. 0
0 1 1 1. 0
0 2 2 1. 0
0 3 3 1. 0
0 4 4 1. 0
0 5 5 1. 0
1 0 1 1. 0
1 1 2 1. 0
1 2 0 1. 0
1 3 4 1. 0
1 4 5 1. 0
1 5 3 1. 0
2 0 2 1. 0
2 1 0 1. 0
2 2 1 1. 0
2 3 5 1. 0
2 4 3 1. 0
2 5 4 1. 0
3 0 3 1. 0
3 1 4 1. 0
3 2 5 1. 0
3 3 0 1.0000000000000002 0
3 3 3 0.9999999999999999 0
3 4 1 1.0000000000000002 0
3 4 4 0.9999999999999999 0
3 5 2 1.0000000000000002 0
3 5 5 0.9999999999999999 0
4 0 4 1. 0
4 1 5 1. 0
4 2 3 1. 0
4 3 1 1.0000000000000002 0
4 3 4 0.9999999999999999 0
4 4 2 1.0000000000000002 0
4 4 5 0.9999999999999999 0
4 5 0 1.0000000000000002 0
4 5 3 0.9999999999999999 0
5 0 5 1. 0
5 1 3 1. 0
5 2 4 1. 0
5 3 2 1.0000000000000002 0
5 3 5 0.9999999999999999 0
5 4 0 1.0000000000000002 0
5 4 3 0.9999999999999999 0
5 5 1 1.0000000000000002 0
5 5 4 0.9999999999999999 0
6 0 6 1. 0
6 1 7 1. 0
6 2 8 1. 0
6 3 6 -0.6180339887498948 0
6 4 7 -0.6180339887498948 0
6 5 8 -0.6180339887498948 0
7 0 7 1. 0
7 1 8 1. 0
7 2 6 1. 0
7 3 7 -0.6180339887498948 0
7 4 8 -0.6180339887498948 0
7 5 6 -0.6180339887498948 0
8 0 8 1. 0
8 1 6 1. 0
8 2 7 1. 0
8 3 8 -0.6180339887498948 0
8 4 6 -0.6180339887498948 0
8 5 7 -0.6180339887498948 0
27 6 0 1.2720196495140692 0
27 6 3 -0.7861513777574234 0
27 7 1 1.2720196495140692 0
27 7 4 -0.7861513777574234 0
27 8 2 1.2720196495140692 0
27 8 5 -0.7861513777574234 0
28 6 1 1.2720196495140692 0
28 6 4 -0.7861513777574234 0
28 7 2 1.2720196495140692 0
28 7 5 -0.7861513777574234 0
28 8 0 1.2720196495140692 0
28 8 3 -0.7861513777574234 0
29 6 2 1.2720196495140692 0
29 6 5 -0.7861513777574234 0
29 7 0 1.2720196495140692 0
29 7 3 -0.7861513777574234 0
29 8 1 1.2720196495140692 0
29 8 4 -0.7861513777574234 0
30 6 6 1. 0
30 7 7 1. 0
30 8 8 1. 0
31 6 7 1. 0
31 7 8 1. 0
31 8 6 1. 0
32 6 8 1. 0
32 7 6 1. 0
32 8 7 1. 0
33 6 6 0.9999999999999999 0
33 7 7 0.9999999999999999 0
33 8 8 0.9999999999999999 0
34 6 6 0.48586827175664576 0
34 7 7 0.48586827175664576 0
34 8 8 0.48586827175664576 0
35 6 7 0.9999999999999999 0
35 7 8 0.9999999999999999 0
35 8 6 0.9999999999999999 0
36 6 7 0.48586827175664576 0
36 7 8 0.48586827175664576 0
36 8 6 0.48586827175664576 0
37 6 8 0.9999999999999999 0
37 7 6 0.9999999999999999 0
37 8 7 0.9999999999999999 0
38 6 8 0.48586827175664576 0
38 7 6 0.48586827175664576 0
38 8 7 0.48586827175664576 0
9 9 9 1. 0
9 10 10 1. 0
9 11 11 1. 0
9 12 12 1. 0
9 13 13 1. 0
9 14 14 1. 0
10 9 10 1. 0
10 10 11 1. 0
10 11 9 1. 0
10 12 13 1. 0
10 13 14 1. 0
10 14 12 1. 0
11 9 11 1. 0
11 10 9 1. 0
11 11 10 1. 0
11 12 14 1. 0
11 13 12 1. 0
11 14 13 1. 0
12 9 12 1. 0
12 10 13 1. 0
12 11 14 1. 0
12 12 9 1.0000000000000002 0
12 12 12 0.9999999999999999 0
12 13 10 1.0000000000000002 0
12 13 13 0.9999999999999999 0
12 14 11 1.0000000000000002 0
12 14 14 0.9999999999999999 0
13 9 13 1. 0
13 10 14 1. 0
13 11 12 1. 0
13 12 10 1.0000000000000002 0
13 12 13 0.9999999999999999 0
13 13 11 1.0000000000000002 0
13 13 14 0.9999999999999999 0
13 14 9 1.0000000000000002 0
13 14 12 0.9999999999999999 0
14 9 14 1. 0
14 10 12 1. 0
14 11 13 1. 0
14 12 11 1.0000000000000002 0
14 12 14 0.9999999999999999 0
14 13 9 1.0000000000000002 0
14 13 12 0.9999999999999999 0
14 14 10 1.0000000000000002 0
14 14 13 0.9999999999999999 0
15 9 15 1. 0
15 10 16 1. 0
15 11 17 1. 0
15 12 15 -0.6180339887498948 0
15 13 16 -0.6180339887498948 0
15 14 17 -0.6180339887498948 0
16 9 16 1. 0
16 10 17 1. 0
16 11 15 1. 0
16 12 16 -0.6180339887498948 0
16 13 17 -0.6180339887498948 0
16 14 15 -0.6180339887498948 0
17 9 17 1. 0
17 10 15 1. 0
17 11 16 1. 0
17 12 17 -0.6180339887498948 0
17 13 15 -0.6180339887498948 0
17 14 16 -0.6180339887498948 0
39 15 9 1.2720196495140692 0
39 15 12 -0.7861513777574234 0
39 16 10 1.2720196495140692 0
39 16 13 -0.7861513777574234 0
39 17 11 1.2720196495140692 0
39 17 14 -0.7861513777574234 0
40 15 10 1.2720196495140692 0
40 15 13 -0.7861513777574234 0
40 16 11 1.2720196495140692 0
40 16 14 -0.7861513777574234 0
40 17 9 1.2720196495140692 0
40 17 12 -0.7861513777574234 0
41 15 11 1.2720196495140692 0
41 15 14 -0.7861513777574234 0
41 16 9 1.2720196495140692 0
41 16 12 -0.7861513777574234 0
41 17 10 1.2720196495140692 0
41 17 13 -0.7861513777574234 0
42 15 15 1. 0
42 16 16 1. 0
42 17 17 1. 0
43 15 16 1. 0
43 16 17 1. 0
43 17 15 1. 0
44 15 17 1. 0
44 16 15 1. 0
44 17 16 1. 0
45 15 15 0.9999999999999999 0
45 16 16 0.9999999999999999 0
45 17 17 0.9999999999999999 0
46 15 15 0.48586827175664576 0
46 16 16 0.48586827175664576 0
46 17 17 0.48586827175664576 0
47 15 16 0.9999999999999999 0
47 16 17 0.9999999999999999 0
47 17 15 0.9999999999999999 0
48 15 16 0.48586827175664576 0
48 16 17 0.48586827175664576 0
48 17 15 0.48586827175664576 0
49 15 17 0.9999999999999999 0
49 16 15 0.9999999999999999 0
49 17 16 0.9999999999999999 0
50 15 17 0.48586827175664576 0
50 16 15 0.48586827175664576 0
50 17 16 0.48586827175664576 0
18 18 18 1. 0
18 19 19 1. 0
18 20 20 1. 0
18 21 21 1. 0
18 22 22 1. 0
18 23 23 1. 0
19 18 19 1. 0
19 19 20 1. 0
19 20 18 1. 0
19 21 22 1. 0
19 22 23 1. 0
19 23 21 1. 0
20 18 20 1. 0
20 19 18 1. 0
20 20 19 1. 0
20 21 23 1. 0
20 22 21 1. 0
20 23 22 1. 0
21 18 21 1. 0
21 19 22 1. 0
21 20 23 1. 0
21 21 18 1.0000000000000002 0
21 21 21 0.9999999999999999 0
21 22 19 1.0000000000000002 0
21 22 22 0.9999999999999999 0
21 23 20 1.0000000000000002 0
21 23 23 0.9999999999999999 0
22 18 22 1. 0
22 19 23 1. 0
22 20 21 1. 0
22 21 19 1.0000000000000002 0
22 21 22 0.9999999999999999 0
22 22 20 1.0000000000000002 0
22 22 23 0.9999999999999999 0
22 23 18 1.0000000000000002 0
22 23 21 0.9999999999999999 0
23 18 23 1. 0
23 19 21 1. 0
23 20 22 1. 0
23 21 20 1.0000000000000002 0
23 21 23 0.9999999999999999 0
23 22 18 1.0000000000000002 0
23 22 21 0.9999999999999999 0
23 23 19 1.0000000000000002 0
23 23 22 0.9999999999999999 0
24 18 24 1. 0
24 19 25 1. 0
24 20 26 1. 0
24 21 24 -0.6180339887498948 0
24 22 25 -0.6180339887498948 0
24 23 26 -0.6180339887498948 0
25 18 25 1. 0
25 19 26 1. 0
25 20 24 1. 0
25 21 25 -0.6180339887498948 0
25 22 26 -0.6180339887498948 0
25 23 24 -0.6180339887498948 0
26 18 26 1. 0
26 19 24 1. 0
26 20 25 1. 0
26 21 26 -0.6180339887498948 0
26 22 24 -0.6180339887498948 0
26 23 25 -0.6180339887498948 0
51 24 18 1.2720196495140692 0
51 24 21 -0.7861513777574234 0
51 25 19 1.2720196495140692 0
51 25 22 -0.7861513777574234 0
51 26 20 1.2720196495140692 0
51 26 23 -0.7861513777574234 0
52 24 19 1.2720196495140692 0
52 24 22 -0.7861513777574234 0
52 25 20 1.2720196495140692 0
52 25 23 -0.7861513777574234 0
52 26 18 1.2720196495140692 0
52 26 21 -0.7861513777574234 0
53 24 20 1.2720196495140692 0
53 24 23 -0.7861513777574234 0
53 25 18 1.2720196495140692 0
53 25 21 -0.7861513777574234 0
53 26 19 1.2720196495140692 0
53 26 22 -0.7861513777574234 0
54 24 24 1. 0
54 25 25 1. 0
54 26 26 1. 0
55 24 25 1. 0
55 25 26 1. 0
55 26 24 1. 0
56 24 26 1. 0
56 25 24 1. 0
56 26 25 1. 0
57 24 24 0.9999999999999999 0
57 25 25 0.9999999999999999 0
57 26 26 0.9999999999999999 0
58 24 24 0.48586827175664576 0
58 25 25 0.48586827175664576 0
58 26 26 0.48586827175664576 0
59 24 25 0.9999999999999999 0
59 25 26 0.9999999999999999 0
59 26 24 0.9999999999999999 0
60 24 25 0.48586827175664576 0
60 25 26 0.48586827175664576 0
60 26 24 0.48586827175664576 0
61 24 26 0.9999999999999999 0
61 25 24 0.9999999999999999 0
61 26 25 0.9999999999999999 0
62 24 26 0.48586827175664576 0
62 25 24 0.48586827175664576 0
62 26 25 0.48586827175664576 0
0 27 27 1. 0
0 28 28 1. 0
0 29 29 1. 0
1 27 28 1. 0
1 28 29 1. 0
1 29 27 1. 0
2 27 29 1. 0
2 28 27 1. 0
2 29 28 1. 0
3 27 27 -0.6180339887498948 0
3 28 28 -0.6180339887498948 0
3 29 29 -0.6180339887498948 0
4 27 28 -0.6180339887498948 0
4 28 29 -0.6180339887498948 0
4 29 27 -0.6180339887498948 0
5 27 29 -0.6180339887498948 0
5 28 27 -0.6180339887498948 0
5 29 28 -0.6180339887498948 0
6 27 30 0.7861513777574234 0
6 27 33 0.7861513777574234 0
6 27 34 0.38196601125010515 0
6 28 31 0.7861513777574234 0
6 28 35 0.7861513777574234 0
6 28 36 0.38196601125010515 0
6 29 32 0.7861513777574234 0
6 29 37 0.7861513777574234 0
6 29 38 0.38196601125010515 0
7 27 31 0.7861513777574234 0
7 27 35 0.7861513777574234 0
7 27 36 0.38196601125010515 0
7 28 32 0.7861513777574234 0
7 28 37 0.7861513777574234 0
7 28 38 0.38196601125010515 0
7 29 30 0.7861513777574234 0
7 29 33 0.7861513777574234 0
7 29 34 0.38196601125010515 0
8 27 32 0.7861513777574234 0
8 27 37 0.7861513777574234 0
8 27 38 0.38196601125010515 0
8 28 30 0.7861513777574234 0
8 28 33 0.7861513777574234 0
8 28 34 0.38196601125010515 0
8 29 31 0.7861513777574234 0
8 29 35 0.7861513777574234 0
8 29 36 0.38196601125010515 0
27 30 27 1. 0
27 31 28 1. 0
27 32 29 1. 0
27 33 27 0.9999999999999999 0
27 34 27 0.48586827175664576 0
27 35 28 0.9999999999999999 0
27 36 28 0.48586827175664576 0
27 37 29 0.9999999999999999 0
27 38 29 0.48586827175664576 0
28 30 28 1. 0
28 31 29 1. 0
28 32 27 1. 0
28 33 28 0.9999999999999999 0
28 34 28 0.48586827175664576 0
28 35 29 0.9999999999999999 0
28 36 29 0.48586827175664576 0
28 37 27 0.9999999999999999 0
28 38 27 0.48586827175664576 0
29 30 29 1. 0
29 31 27 1. 0
29 32 28 1. 0
29 33 29 0.9999999999999999 0
29 34 29 0.48586827175664576 0
29 35 27 0.9999999999999999 0
29 36 27 0.48586827175664576 0
29 37 28 0.9999999999999999 0
29 38 28 0.48586827175664576 0
30 30 30 1. 0
30 31 31 1. 0
30 32 32 1. 0
30 33 33 1. 0
30 34 34 1. 0
30 35 35 1. 0
30 36 36 1. 0
30 37 37 1. 0
30 38 38 1. 0
31 30 31 1. 0
31 31 32 1. 0
31 32 30 1. 0
31 33 35 1. 0
31 34 36 1. 0
31 35 37 1. 0
31 36 38 1. 0
31 37 33 1. 0
31 38 34 1. 0
32 30 32 1. 0
32 31 30 1. 0
32 32 31 1. 0
32 33 37 1. 0
32 34 38 1. 0
32 35 33 1. 0
32 36 34 1. 0
32 37 35 1. 0
32 38 36 1. 0
33 30 33 1. 0
33 31 35 1. 0
33 32 37 1. 0
33 33 30 0.618033988749895 0
33 33 34 0.7861513777574233 0
33 34 30 0.7861513777574235 0
33 34 34 -0.6180339887498948 0
33 35 31 0.618033988749895 0
33 35 36 0.7861513777574233 0
33 36 31 0.7861513777574235 0
33 36 36 -0.6180339887498948 0
33 37 32 0.618033988749895 0
33 37 38 0.7861513777574233 0
33 38 32 0.7861513777574235 0
33 38 38 -0.6180339887498948 0
34 30 34 1. 0
34 31 36 1. 0
34 32 38 1. 0
34 33 30 0.7861513777574235 0
34 33 34 -0.6180339887498948 0
34 34 30 -0.6180339887498949 0
34 34 33 0.9999999999999999 0
34 34 34 -0.3002831060007777 0
34 35 31 0.7861513777574235 0
34 35 36 -0.6180339887498948 0
34 36 31 -0.6180339887498949 0
34 36 35 0.9999999999999999 0
34 36 36 -0.3002831060007777 0
34 37 32 0.7861513777574235 0
34 37 38 -0.6180339887498948 0
34 38 32 -0.6180339887498949 0
34 38 37 0.9999999999999999 0
34 38 38 -0.3002831060007777 0
35 30 35 1. 0
35 31 37 1. 0
35 32 33 1. 0
35 33 31 0.618033988749895 0
35 33 36 0.7861513777574233 0
35 34 31 0.7861513777574235 0
35 34 36 -0.6180339887498948 0
35 35 32 0.618033988749895 0
35 35 38 0.7861513777574233 0
35 36 32 0.7861513777574235 0
35 36 38 -0.6180339887498948 0
35 37 30 0.618033988749895 0
35 37 34 0.7861513777574233 0
35 38 30 0.7861513777574235 0
35 38 34 -0.6180339887498948 0
36 30 36 1. 0
36 31 38 1. 0
36 32 34 1. 0
36 33 31 0.7861513777574235 0
36 33 36 -0.6180339887498948 0
36 34 31 -0.6180339887498949 0
36 34 35 0.9999999999999999 0
36 34 36 -0.3002831060007777 0
36 35 32 0.7861513777574235 0
36 35 38 -0.6180339887498948 0
36 36 32 -0.6180339887498949 0
36 36 37 0.9999999999999999 0
36 36 38 -0.3002831060007777 0
36 37 30 0.7861513777574235 0
36 37 34 -0.6180339887498948 0
36 38 30 -0.6180339887498949 0
36 38 33 0.9999999999999999 0
36 38 34 -0.3002831060007777 0
37 30 37 1. 0
37 31 33 1. 0
37 32 35 1. 0
37 33 32 0.618033988749895 0
37 33 38 0.7861513777574233 0
37 34 32 0.7861513777574235 0
37 34 38 -0.6180339887498948 0
37 35 30 0.618033988749895 0
37 35 34 0.7861513777574233 0
37 36 30 0.7861513777574235 0
37 36 34 -0.6180339887498948 0
37 37 31 0.618033988749895 0
37 37 36 0.7861513777574233 0
37 38 31 0.7861513777574235 0
37 38 36 -0.6180339887498948 0
38 30 38 1. 0
38 31 34 1. 0
38 32 36 1. 0
38 33 32 0.7861513777574235 0
38 33 38 -0.6180339887498948 0
38 34 32 -0.6180339887498949 0
38 34 37 0.9999999999999999 0
38 34 38 -0.3002831060007777 0
38 35 30 0.7861513777574235 0
38 35 34 -0.6180339887498948 0
38 36 30 -0.6180339887498949 0
38 36 33 0.9999999999999999 0
38 36 34 -0.3002831060007777 0
38 37 31 0.7861513777574235 0
38 37 36 -0.6180339887498948 0
38 38 31 -0.6180339887498949 0
38 38 35 0.9999999999999999 0
38 38 36 -0.3002831060007777 0
9 39 39 1. 0
9 40 40 1. 0
9 41 41 1. 0
10 39 40 1. 0
10 40 41 1. 0
10 41 39 1. 0
11 39 41 1. 0
11 40 39 1. 0
11 41 40 1. 0
12 39 39 -0.6180339887498948 0
12 40 40 -0.6180339887498948 0
12 41 41 -0.6180339887498948 0
13 39 40 -0.6180339887498948 0
13 40 41 -0.6180339887498948 0
13 41 39 -0.6180339887498948 0
14 39 41 -0.6180339887498948 0
14 40 39 -0.6180339887498948 0
14 41 40 -0.6180339887498948 0
15 39 42 0.7861513777574234 0
15 39 45 0.7861513777574234 0
15 39 46 0.38196601125010515 0
15 40 43 0.7861513777574234 0
15 40 47 0.7861513777574234 0
15 40 48 0.38196601125010515 0
15 41 44 0.7861513777574234 0
15 41 49 0.7861513777574234 0
15 41 50 0.38196601125010515 0
16 39 43 0.7861513777574234 0
16 39 47 0.7861513777574234 0
16 39 48 0.38196601125010515 0
16 40 44 0.7861513777574234 0
16 40 49 0.7861513777574234 0
16 40 50 0.38196601125010515 0
16 41 42 0.7861513777574234 0
16 41 45 0.7861513777574234 0
16 41 46 0.38196601125010515 0
17 39 44 0.7861513777574234 0
17 39 49 0.7861513777574234 0
17 39 50 0.38196601125010515 0
17 40 42 0.7861513777574234 0
17 40 45 0.7861513777574234 0
17 40 46 0.38196601125010515 0
17 41 43 0.7861513777574234 0
17 41 47 0.7861513777574234 0
17 41 48 0.38196601125010515 0
39 42 39 1. 0
39 43 40 1. 0
39 44 41 1. 0
39 45 39 0.9999999999999999 0
39 46 39 0.48586827175664576 0
39 47 40 0.9999999999999999 0
39 48 40 0.48586827175664576 0
39 49 41 0.9999999999999999 0
39 50 41 0.48586827175664576 0
40 42 40 1. 0
40 43 41 1. 0
40 44 39 1. 0
40 45 40 0.9999999999999999 0
40 46 40 0.48586827175664576 0
40 47 41 0.9999999999999999 0
40 48 41 0.48586827175664576 0
40 49 39 0.9999999999999999 0
40 50 39 0.48586827175664576 0
41 42 41 1. 0
41 43 39 1. 0
41 44 40 1. 0
41 45 41 0.9999999999999999 0
41 46 41 0.48586827175664576 0
41 47 39 0.9999999999999999 0
41 48 39 0.48586827175664576 0
41 49 40 0.9999999999999999 0
41 50 40 0.48586827175664576 0
42 42 42 1. 0
42 43 43 1. 0
42 44 44 1. 0
42 45 45 1. 0
42 46 46 1. 0
42 47 47 1. 0
42 48 48 1. 0
42 49 49 1. 0
42 50 50 1. 0
43 42 43 1. 0
43 43 44 1. 0
43 44 42 1. 0
43 45 47 1. 0
43 46 48 1. 0
43 47 49 1. 0
43 48 50 1. 0
43 49 45 1. 0
43 50 46 1. 0
44 42 44 1. 0
44 43 42 1. 0
44 44 43 1. 0
44 45 49 1. 0
44 46 50 1. 0
44 47 45 1. 0
44 48 46 1. 0
44 49 47 1. 0
44 50 48 1. 0
45 42 45 1. 0
45 43 47 1. 0
45 44 49 1. 0
45 45 42 0.618033988749895 0
45 45 46 0.7861513777574233 0
45 46 42 0.7861513777574235 0
45 46 46 -0.6180339887498948 0
45 47 43 0.618033988749895 0
45 47 48 0.7861513777574233 0
45 48 43 0.7861513777574235 0
45 48 48 -0.6180339887498948 0
45 49 44 0.618033988749895 0
45 49 50 0.7861513777574233 0
45 50 44 0.7861513777574235 0
45 50 50 -0.6180339887498948 0
46 42 46 1. 0
46 43 48 1. 0
46 44 50 1. 0
46 45 42 0.7861513777574235 0
46 45 46 -0.6180339887498948 0
46 46 42 -0.6180339887498949 0
46 46 45 0.9999999999999999 0
46 46 46 -0.3002831060007777 0
46 47 43 0.7861513777574235 0
46 47 48 -0.6180339887498948 0
46 48 43 -0.6180339887498949 0
46 48 47 0.9999999999999999 0
46 48 48 -0.3002831060007777 0
46 49 44 0.7861513777574235 0
46 49 50 -0.6180339887498948 0
46 50 44 -0.6180339887498949 0
46 50 49 0.9999999999999999 0
46 50 50 -0.3002831060007777 0
47 42 47 1. 0
47 43 49 1. 0
47 44 45 1. 0
47 45 43 0.618033988749895 0
47 45 48 0.7861513777574233 0
47 46 43 0.7861513777574235 0
47 46 48 -0.6180339887498948 0
47 47 44 0.618033988749895 0
47 47 50 0.7861513777574233 0
47 48 44 0.7861513777574235 0
47 48 50 -0.6180339887498948 0
47 49 42 0.618033988749895 0
47 49 46 0.7861513777574233 0
47 50 42 0.7861513777574235 0
47 50 46 -0.6180339887498948 0
48 42 48 1. 0
48 43 50 1. 0
48 44 46 1. 0
48 45 43 0.7861513777574235 0
48 45 48 -0.6180339887498948 0
48 46 43 -0.6180339887498949 0
48 46 47 0.9999999999999999 0
48 46 48 -0.3002831060007777 0
48 47 44 0.7861513777574235 0
48 47 50 -0.6180339887498948 0
48 48 44 -0.6180339887498949 0
48 48 49 0.9999999999999999 0
48 48 50 -0.3002831060007777 0
48 49 42 0.7861513777574235 0
48 49 46 -0.6180339887498948 0
48 50 42 -0.6180339887498949 0
48 50 45 0.9999999999999999 0
48 50 46 -0.3002831060007777 0
49 42 49 1. 0
49 43 45 1. 0
49 44 47 1. 0
49 45 44 0.618033988749895 0
49 45 50 0.7861513777574233 0
49 46 44 0.7861513777574235 0
49 46 50 -0.6180339887498948 0
49 47 42 0.618033988749895 0
49 47 46 0.7861513777574233 0
49 48 42 0.7861513777574235 0
49 48 46 -0.6180339887498948 0
49 49 43 0.618033988749895 0
49 49 48 0.7861513777574233 0
49 50 43 0.7861513777574235 0
49 50 48 -0.6180339887498948 0
50 42 50 1. 0
50 43 46 1. 0
50 44 48 1. 0
50 45 44 0.7861513777574235 0
50 45 50 -0.6180339887498948 0
50 46 44 -0.6180339887498949 0
50 46 49 0.9999999999999999 0
50 46 50 -0.3002831060007777 0
50 47 42 0.7861513777574235 0
50 47 46 -0.6180339887498948 0
50 48 42 -0.6180339887498949 0
50 48 45 0.9999999999999999 0
50 48 46 -0.3002831060007777 0
50 49 43 0.7861513777574235 0
50 49 48 -0.6180339887498948 0
50 50 43 -0.6180339887498949 0
50 50 47 0.9999999999999999 0
50 50 48 -0.3002831060007777 0
18 51 51 1. 0
18 52 52 1. 0
18 53 53 1. 0
19 51 52 1. 0
19 52 53 1. 0
19 53 51 1. 0
20 51 53 1. 0
20 52 51 1. 0
20 53 52 1. 0
21 51 51 -0.6180339887498948 0
21 52 52 -0.6180339887498948 0
21 53 53 -0.6180339887498948 0
22 51 52 -0.6180339887498948 0
22 52 53 -0.6180339887498948 0
22 53 51 -0.6180339887498948 0
23 51 53 -0.6180339887498948 0
23 52 51 -0.6180339887498948 0
23 53 52 -0.6180339887498948 0
24 51 54 0.7861513777574234 0
24 51 57 0.7861513777574234 0
24 51 58 0.38196601125010515 0
24 52 55 0.7861513777574234 0
24 52 59 0.7861513777574234 0
24 52 60 0.38196601125010515 0
24 53 56 0.7861513777574234 0
24 53 61 0.7861513777574234 0
24 53 62 0.38196601125010515 0
25 51 55 0.7861513777574234 0
25 51 59 0.7861513777574234 0
25 51 60 0.38196601125010515 0
25 52 56 0.7861513777574234 0
25 52 61 0.7861513777574234 0
25 52 62 0.38196601125010515 0
25 53 54 0.7861513777574234 0
25 53 57 0.7861513777574234 0
25 53 58 0.38196601125010515 0
26 51 56 0.7861513777574234 0
26 51 61 0.7861513777574234 0
26 51 62 0.38196601125010515 0
26 52 54 0.7861513777574234 0
26 52 57 0.7861513777574234 0
26 52 58 0.38196601125010515 0
26 53 55 0.7861513777574234 0
26 53 59 0.7861513777574234 0
26 53 60 0.38196601125010515 0
51 54 51 1. 0
51 55 52 1. 0
51 56 53 1. 0
51 57 51 0.9999999999999999 0
51 58 51 0.48586827175664576 0
51 59 52 0.9999999999999999 0
51 60 52 0.48586827175664576 0
51 61 53 0.9999999999999999 0
51 62 53 0.48586827175664576 0
52 54 52 1. 0
52 55 53 1. 0
52 56 51 1. 0
52 57 52 0.9999999999999999 0
52 58 52 0.48586827175664576 0
52 59 53 0.9999999999999999 0
52 60 53 0.48586827175664576 0
52 61 51 0.9999999999999999 0
52 62 51 0.48586827175664576 0
53 54 53 1. 0
53 55 51 1. 0
53 56 52 1. 0
53 57 53 0.9999999999999999 0
53 58 53 0.48586827175664576 0
53 59 51 0.9999999999999999 0
53 60 51 0.48586827175664576 0
53 61 52 0.9999999999999999 0
53 62 52 0.48586827175664576 0
54 54 54 1. 0
54 55 55 1. 0
54 56 56 1. 0
54 57 57 1. 0
54 58 58 1. 0
54 59 59 1. 0
54 60 60 1. 0
54 61 61 1. 0
54 62 62 1. 0
55 54 55 1. 0
55 55 56 1. 0
55 56 54 1. 0
55 57 59 1. 0
55 58 60 1. 0
55 59 61 1. 0
55 60 62 1. 0
55 61 57 1. 0
55 62 58 1. 0
56 54 56 1. 0
56 55 54 1. 0
56 56 55 1. 0
56 57 61 1. 0
56 58 62 1. 0
56 59 57 1. 0
56 60 58 1. 0
56 61 59 1. 0
56 62 60 1. 0
57 54 57 1. 0
57 55 59 1. 0
57 56 61 1. 0
57 57 54 0.618033988749895 0
57 57 58 0.7861513777574233 0
57 58 54 0.7861513777574235 0
57 58 58 -0.6180339887498948 0
57 59 55 0.618033988749895 0
57 59 60 0.7861513777574233 0
57 60 55 0.7861513777574235 0
57 60 60 -0.6180339887498948 0
57 61 56 0.618033988749895 0
57 61 62 0.7861513777574233 0
57 62 56 0.7861513777574235 0
57 62 62 -0.6180339887498948 0
58 54 58 1. 0
58 55 60 1. 0
58 56 62 1. 0
58 57 54 0.7861513777574235 0
58 57 58 -0.6180339887498948 0
58 58 54 -0.6180339887498949 0
58 58 57 0.9999999999999999 0
58 58 58 -0.3002831060007777 0
58 59 55 0.7861513777574235 0
58 59 60 -0.6180339887498948 0
58 60 55 -0.6180339887498949 0
58 60 59 0.9999999999999999 0
58 60 60 -0.3002831060007777 0
58 61 56 0.7861513777574235 0
58 61 62 -0.6180339887498948 0
58 62 56 -0.6180339887498949 0
58 62 61 0.9999999999999999 0
58 62 62 -0.3002831060007777 0
59 54 59 1. 0
59 55 61 1. 0
59 56 57 1. 0
59 57 55 0.618033988749895 0
59 57 60 0.7861513777574233 0
59 58 55 0.7861513777574235 0
59 58 60 -0.6180339887498948 0
59 59 56 0.618033988749895 0
59 59 62 0.7861513777574233 0
59 60 56 0.7861513777574235 0
59 60 62 -0.6180339887498948 0
59 61 54 0.618033988749895 0
59 61 58 0.7861513777574233 0
59 62 54 0.7861513777574235 0
59 62 58 -0.6180339887498948 0
60 54 60 1. 0
60 55 62 1. 0
60 56 58 1. 0
60 57 55 0.7861513777574235 0
60 57 60 -0.6180339887498948 0
60 58 55 -0.6180339887498949 0
60 58 59 0.9999999999999999 0
60 58 60 -0.3002831060007777 0
60 59 56 0.7861513777574235 0
60 59 62 -0.6180339887498948 0
60 60 56 -0.6180339887498949 0
60 60 61 0.9999999999999999 0
60 60 62 -0.3002831060007777 0
60 61 54 0.7861513777574235 0
60 61 58 -0.6180339887498948 0
60 62 54 -0.6180339887498949 0
60 62 57 0.9999999999999999 0
60 62 58 -0.3002831060007777 0
61 54 61 1. 0
61 55 57 1. 0
61 56 59 1. 0
61 57 56 0.618033988749895 0
61 57 62 0.7861513777574233 0
61 58 56 0.7861513777574235 0
61 58 62 -0.6180339887498948 0
61 59 54 0.618033988749895 0
61 59 58 0.7861513777574233 0
61 60 54 0.7861513777574235 0
61 60 58 -0.6180339887498948 0
61 61 55 0.618033988749895 0
61 61 60 0.7861513777574233 0
61 62 55 0.7861513777574235 0
61 62 60 -0.6180339887498948 0
62 54 62 1. 0
62 55 58 1. 0
62 56 60 1. 0
62 57 56 0.7861513777574235 0
62 57 62 -0.6180339887498948 0
62 58 56 -0.6180339887498949 0
62 58 61 0.9999999999999999 0
62 58 62 -0.3002831060007777 0
62 59 54 0.7861513777574235 0
62 59 58 -0.6180339887498948 0
62 60 54 -0.6180339887498949 0
62 60 57 0.9999999999999999 0
62 60 58 -0.3002831060007777 0
62 61 55 0.7861513777574235 0
62 61 60 -0.6180339887498948 0
62 62 55 -0.6180339887498949 0
62 62 59 0.9999999999999999 0
62 62 60 -0.3002831060007777 0