1 0 0 0 0 0 0 0 0 0 0 1 0 0 0 0 0 0 0 0 0 0 0 0 1 0 0 0 0 0 0 0 0 0 0 0 0 0 0 0 1 0 0 0 0 0 0 0 0
0 0 0 1. 0
0 1 1 1. 0
0 2 2 1. 0
0 3 3 1. 0
1 0 1 1. 0
1 1 0 1.0000000000000002 0
1 1 1 0.9999999999999999 0
1 2 3 1. 0
1 3 2 1.0000000000000002 0
1 3 3 0.9999999999999999 0
2 0 2 1. 0
2 1 3 1. 0
2 2 0 1.0000000000000002 0
2 2 2 0.9999999999999999 0
2 3 1 1.0000000000000002 0
2 3 3 0.9999999999999999 0
3 0 3 1. 0
3 1 2 1.0000000000000002 0
3 1 3 0.9999999999999999 0
3 2 1 1.0000000000000002 0
3 2 3 0.9999999999999999 0
3 3 0 0.9999999999999997 0
3 3 1 1.0000000000000004 0
3 3 2 1.0000000000000004 0
3 3 3 1.0000000000000002 0
4 0 4 1. 0
4 1 4 -0.6180339887498948 0
4 2 5 -1. 0
4 3 5 0.6180339887498949 0
5 0 5 1. 0
5 1 5 -0.6180339887498948 0
5 2 4 -1.0000000000000002 0
5 2 5 0.9999999999999999 0
5 3 4 0.6180339887498952 0
5 3 5 -0.618033988749895 0
6 0 6 1. 0
6 1 7 1. 0
6 2 6 -0.6180339887498948 0
6 3 7 -0.6180339887498948 0
7 0 7 1. 0
7 1 6 1.0000000000000002 0
7 1 7 0.9999999999999999 0
7 2 7 -0.6180339887498948 0
7 3 6 -0.6180339887498952 0
7 3 7 -0.618033988749895 0
8 0 8 1. 0
8 1 8 -0.6180339887498948 0
8 2 8 -0.6180339887498948 0
8 3 8 0.38196601125010515 0
9 4 0 1.2720196495140692 0
9 4 1 -0.7861513777574234 0
9 5 2 -1.2720196495140692 0
9 5 3 0.7861513777574234 0
10 4 2 1.2720196495140692 0
10 4 3 -0.7861513777574234 0
10 5 0 -1.272019649514069 0
10 5 1 0.7861513777574234 0
10 5 2 -1.2720196495140692 0
10 5 3 0.7861513777574235 0
11 4 4 1. 0
11 5 5 1. 0
12 4 4 0.9999999999999999 0
12 5 5 0.9999999999999999 0
13 4 4 0.48586827175664576 0
13 5 5 0.48586827175664576 0
14 4 5 1. 0
14 5 4 1.0000000000000002 0
14 5 5 -0.9999999999999999 0
15 4 5 0.9999999999999999 0
15 5 4 1.0000000000000002 0
15 5 5 -1. 0
16 4 5 0.48586827175664576 0
16 5 4 0.4858682717566457 0
16 5 5 -0.4858682717566458 0
17 4 6 1.2720196495140692 0
17 4 7 -0.7861513777574234 0
17 5 6 0.7861513777574236 0
17 5 7 -0.4858682717566458 0
18 4 8 1. 0
18 5 8 0.6180339887498949 0
19 4 8 -0.9999999999999999 0
19 5 8 -0.618033988749895 0
20 4 8 0.48586827175664576 0
20 5 8 0.3002831060007777 0
21 6 0 1.2720196495140692 0
21 6 2 -0.7861513777574234 0
21 7 1 1.2720196495140692 0
21 7 3 -0.7861513777574234 0
22 6 1 1.2720196495140692 0
22 6 3 -0.7861513777574234 0
22 7 0 1.272019649514069 0
22 7 1 1.2720196495140692 0
22 7 2 -0.7861513777574234 0
22 7 3 -0.7861513777574235 0
23 6 4 -1.2720196495140692 0
23 6 5 -0.7861513777574234 0
23 7 4 0.7861513777574236 0
23 7 5 0.4858682717566458 0
24 6 6 1. 0
24 7 7 1. 0
25 6 7 -1. 0
25 7 6 -1.0000000000000002 0
25 7 7 -0.9999999999999999 0
26 6 6 0.9999999999999999 0
26 7 7 0.9999999999999999 0
27 6 6 0.48586827175664576 0
27 7 7 0.48586827175664576 0
28 6 7 -0.9999999999999999 0
28 7 6 -1.0000000000000002 0
28 7 7 -1. 0
29 6 7 0.48586827175664576 0
29 7 6 0.4858682717566457 0
29 7 7 0.4858682717566458 0
30 6 8 -1. 0
30 7 8 0.6180339887498949 0
31 6 8 -0.9999999999999999 0
31 7 8 0.618033988749895 0
32 6 8 0.48586827175664576 0
32 7 8 -0.3002831060007777 0
33 8 0 -1.6180339887498947 0
33 8 1 1.0000000000000004 0
33 8 2 1.0000000000000004 0
33 8 3 -0.6180339887498948 0
34 8 4 -1.2720196495140692 0
34 8 5 -0.7861513777574234 0
35 8 4 1.272019649514069 0
35 8 5 0.7861513777574235 0
36 8 4 0.6180339887498952 0
36 8 5 0.38196601125010515 0
37 8 6 -1.2720196495140692 0
37 8 7 0.7861513777574234 0
38 8 6 1.272019649514069 0
38 8 7 -0.7861513777574235 0
39 8 6 -0.6180339887498952 0
39 8 7 0.38196601125010515 0
40 8 8 1. 0
41 8 8 -0.9999999999999999 0
42 8 8 -0.48586827175664576 0
43 8 8 -0.9999999999999999 0
44 8 8 0.48586827175664576 0
45 8 8 1.0000000000000002 0
46 8 8 0.4858682717566458 0
47 8 8 0.4858682717566458 0
48 8 8 -0.23606797749978964 0
0 9 9 1. 0
0 10 10 1. 0
1 9 9 -0.6180339887498948 0
1 10 10 -0.6180339887498949 0
2 9 10 1. 0
2 10 9 1.0000000000000002 0
2 10 10 0.9999999999999999 0
3 9 10 -0.6180339887498948 0
3 10 9 -0.6180339887498952 0
3 10 10 -0.618033988749895 0
4 9 11 0.7861513777574234 0
4 9 12 0.7861513777574234 0
4 9 13 0.38196601125010515 0
4 10 14 -0.7861513777574234 0
4 10 15 -0.7861513777574234 0
4 10 16 -0.3819660112501052 0
5 9 14 0.7861513777574234 0
5 9 15 0.7861513777574234 0
5 9 16 0.38196601125010515 0
5 10 11 -0.7861513777574234 0
5 10 12 -0.7861513777574234 0
5 10 13 -0.3819660112501054 0
5 10 14 0.7861513777574234 0
5 10 15 0.7861513777574235 0
5 10 16 0.38196601125010526 0
6 9 17 1. 0
6 10 17 -0.6180339887498948 0
7 9 17 -0.6180339887498948 0
7 10 17 0.38196601125010526 0
8 9 18 0.7861513777574234 0
8 9 19 -0.7861513777574234 0
8 9 20 0.38196601125010515 0
8 10 18 -0.485868271756646 0
8 10 19 0.4858682717566458 0
8 10 20 -0.23606797749978972 0
9 11 9 1. 0
9 12 9 0.9999999999999999 0
9 13 9 0.48586827175664576 0
9 14 10 -1. 0
9 15 10 -0.9999999999999999 0
9 16 10 -0.48586827175664576 0
10 11 10 1. 0
10 12 10 0.9999999999999999 0
10 13 10 0.48586827175664576 0
10 14 9 -1.0000000000000002 0
10 14 10 -0.9999999999999999 0
10 15 9 -1.0000000000000002 0
10 15 10 -1. 0
10 16 9 -0.4858682717566457 0
10 16 10 -0.4858682717566458 0
11 11 11 1. 0
11 12 12 1. 0
11 13 13 1. 0
11 14 14 1. 0
11 15 15 1. 0
11 16 16 1. 0
12 11 12 1. 0
12 12 11 0.618033988749895 0
12 12 13 0.7861513777574233 0
12 13 11 0.7861513777574235 0
12 13 13 -0.6180339887498948 0
12 14 15 1. 0
12 15 14 0.618033988749895 0
12 15 16 0.7861513777574233 0
12 16 14 0.7861513777574235 0
12 16 16 -0.6180339887498948 0
13 11 13 1. 0
13 12 11 0.7861513777574235 0
13 12 13 -0.6180339887498948 0
13 13 11 -0.6180339887498949 0
13 13 12 0.9999999999999999 0
13 13 13 -0.3002831060007777 0
13 14 16 1. 0
13 15 14 0.7861513777574235 0
13 15 16 -0.6180339887498949 0
13 16 14 -0.6180339887498949 0
13 16 15 0.9999999999999999 0
13 16 16 -0.3002831060007777 0
14 11 14 1. 0
14 12 15 1. 0
14 13 16 1. 0
14 14 11 1.0000000000000002 0
14 14 14 -0.9999999999999999 0
14 15 12 1.0000000000000002 0
14 15 15 -0.9999999999999999 0
14 16 13 1.0000000000000002 0
14 16 16 -0.9999999999999999 0
15 11 15 1. 0
15 12 14 0.618033988749895 0
15 12 16 0.7861513777574233 0
15 13 14 0.7861513777574235 0
15 13 16 -0.6180339887498949 0
15 14 12 1.0000000000000002 0
15 14 15 -0.9999999999999999 0
15 15 11 0.6180339887498949 0
15 15 13 0.7861513777574234 0
15 15 14 -0.6180339887498951 0
15 15 16 -0.7861513777574234 0
15 16 11 0.7861513777574233 0
15 16 13 -0.6180339887498951 0
15 16 14 -0.7861513777574234 0
15 16 16 0.6180339887498949 0
16 11 16 1. 0
16 12 14 0.7861513777574235 0
16 12 16 -0.6180339887498948 0
16 13 14 -0.6180339887498949 0
16 13 15 0.9999999999999999 0
16 13 16 -0.3002831060007777 0
16 14 13 1.0000000000000002 0
16 14 16 -0.9999999999999999 0
16 15 11 0.7861513777574233 0
16 15 13 -0.6180339887498951 0
16 15 14 -0.7861513777574234 0
16 15 16 0.6180339887498949 0
16 16 11 -0.6180339887498946 0
16 16 12 1.0000000000000004 0
16 16 13 -0.3002831060007777 0
16 16 14 0.6180339887498951 0
16 16 15 -1.0000000000000002 0
16 16 16 0.30028310600077773 0
17 11 17 1. 0
17 12 17 0.9999999999999999 0
17 13 17 0.48586827175664576 0
17 14 17 0.6180339887498948 0
17 15 17 0.6180339887498949 0
17 16 17 0.30028310600077773 0
18 11 18 1. 0
18 12 19 -1. 0
18 13 20 1. 0
18 14 18 0.6180339887498949 0
18 15 19 -0.6180339887498948 0
18 16 20 0.6180339887498949 0
19 11 19 1. 0
19 12 18 -0.618033988749895 0
19 12 20 -0.7861513777574233 0
19 13 18 -0.7861513777574235 0
19 13 20 0.6180339887498948 0
19 14 19 0.6180339887498948 0
19 15 18 -0.38196601125010526 0
19 15 20 -0.48586827175664576 0
19 16 18 -0.48586827175664565 0
19 16 20 0.3819660112501053 0
20 11 20 1. 0
20 12 18 0.7861513777574235 0
20 12 20 -0.6180339887498948 0
20 13 18 -0.6180339887498949 0
20 13 19 -0.9999999999999999 0
20 13 20 -0.3002831060007777 0
20 14 20 0.6180339887498948 0
20 15 18 0.485868271756646 0
20 15 20 -0.3819660112501051 0
20 16 18 -0.3819660112501053 0
20 16 19 -0.618033988749895 0
20 16 20 -0.18558516575586811 0
21 17 9 1.2720196495140692 0
21 17 10 -0.7861513777574234 0
22 17 9 -0.7861513777574235 0
22 17 10 0.4858682717566458 0
23 17 11 -1. 0
23 17 12 -1.0000000000000004 0
23 17 13 -0.4858682717566459 0
23 17 14 -0.6180339887498951 0
23 17 15 -0.6180339887498948 0
23 17 16 -0.30028310600077773 0
24 17 17 1. 0
25 17 17 0.6180339887498949 0
26 17 17 0.9999999999999999 0
27 17 17 0.48586827175664576 0
28 17 17 0.6180339887498949 0
29 17 17 -0.30028310600077773 0
30 17 18 -0.7861513777574234 0
30 17 19 0.7861513777574234 0
30 17 20 -0.3819660112501052 0
31 17 18 -0.7861513777574235 0
31 17 19 0.7861513777574235 0
31 17 20 -0.3819660112501053 0
32 17 18 0.3819660112501053 0
32 17 19 -0.38196601125010515 0
32 17 20 0.18558516575586811 0
33 18 9 -1.2720196495140692 0
33 18 10 0.7861513777574234 0
33 19 9 1.272019649514069 0
33 19 10 -0.7861513777574235 0
33 20 9 -0.6180339887498952 0
33 20 10 0.38196601125010515 0
34 18 11 -1.2720196495140692 0
34 18 14 -0.7861513777574234 0
34 19 12 1.2720196495140692 0
34 19 15 0.7861513777574234 0
34 20 13 -1.2720196495140692 0
34 20 16 -0.7861513777574234 0
35 18 12 1.2720196495140692 0
35 18 15 0.7861513777574234 0
35 19 11 -0.7861513777574233 0
35 19 13 -1. 0
35 19 14 -0.4858682717566459 0
35 19 16 -0.6180339887498949 0
35 20 11 1. 0
35 20 13 -0.7861513777574234 0
35 20 14 0.6180339887498951 0
35 20 16 -0.4858682717566458 0
36 18 13 1.2720196495140692 0
36 18 16 0.7861513777574234 0
36 19 11 -1. 0
36 19 13 0.7861513777574234 0
36 19 14 -0.6180339887498951 0
36 19 16 0.4858682717566458 0
36 20 11 -0.7861513777574234 0
36 20 12 1.2720196495140692 0
36 20 13 -0.3819660112501054 0
36 20 14 -0.4858682717566456 0
36 20 15 0.7861513777574235 0
36 20 16 -0.23606797749978972 0
37 18 17 -1. 0
37 19 17 0.9999999999999999 0
37 20 17 -0.48586827175664576 0
38 18 17 0.9999999999999999 0
38 19 17 -1. 0
38 20 17 0.4858682717566458 0
39 18 17 -0.48586827175664576 0
39 19 17 0.4858682717566458 0
39 20 17 -0.23606797749978972 0
40 18 18 1. 0
40 19 19 1. 0
40 20 20 1. 0
41 18 19 1. 0
41 19 18 0.618033988749895 0
41 19 20 0.7861513777574233 0
41 20 18 -0.7861513777574235 0
41 20 20 0.6180339887498949 0
42 18 20 -1. 0
42 19 18 0.7861513777574235 0
42 19 20 -0.6180339887498949 0
42 20 18 0.618033988749895 0
42 20 19 0.9999999999999999 0
42 20 20 0.3002831060007777 0
43 18 18 -0.9999999999999999 0
43 19 19 -0.9999999999999999 0
43 20 20 -0.9999999999999999 0
44 18 18 0.48586827175664576 0
44 19 19 0.48586827175664576 0
44 20 20 0.48586827175664576 0
45 18 19 -0.9999999999999999 0
45 19 18 -0.6180339887498952 0
45 19 20 -0.7861513777574235 0
45 20 18 0.7861513777574236 0
45 20 20 -0.618033988749895 0
46 18 20 0.9999999999999999 0
46 19 18 -0.7861513777574235 0
46 19 20 0.618033988749895 0
46 20 18 -0.6180339887498951 0
46 20 19 -1. 0
46 20 20 -0.30028310600077773 0
47 18 19 -0.48586827175664576 0
47 19 18 -0.3002831060007776 0
47 19 20 -0.3819660112501053 0
47 20 18 0.38196601125010526 0
47 20 20 -0.30028310600077773 0
48 18 20 -0.48586827175664576 0
48 19 18 0.3819660112501054 0
48 19 20 -0.3002831060007776 0
48 20 18 0.3002831060007777 0
48 20 19 0.4858682717566458 0
48 20 20 0.14589803375031543 0
0 21 21 1. 0
0 22 22 1. 0
1 21 22 1. 0
1 22 21 1.0000000000000002 0
1 22 22 0.9999999999999999 0
2 21 21 -0.6180339887498948 0
2 22 22 -0.6180339887498948 0
3 21 22 -0.6180339887498948 0
3 22 21 -0.6180339887498952 0
3 22 22 -0.618033988749895 0
4 21 23 -1. 0
4 22 23 0.6180339887498949 0
5 21 23 -0.6180339887498948 0
5 22 23 0.38196601125010526 0
6 21 24 0.7861513777574234 0
6 21 26 0.7861513777574234 0
6 21 27 0.38196601125010515 0
6 22 25 -0.7861513777574234 0
6 22 28 -0.7861513777574234 0
6 22 29 0.38196601125010515 0
7 21 25 -0.7861513777574234 0
7 21 28 -0.7861513777574234 0
7 21 29 0.38196601125010515 0
7 22 24 0.7861513777574234 0
7 22 25 -0.7861513777574234 0
7 22 26 0.7861513777574234 0
7 22 27 0.3819660112501054 0
7 22 28 -0.7861513777574235 0
7 22 29 0.38196601125010526 0
8 21 30 -0.7861513777574234 0
8 21 31 -0.7861513777574234 0
8 21 32 0.38196601125010515 0
8 22 30 0.485868271756646 0
8 22 31 0.4858682717566458 0
8 22 32 -0.23606797749978972 0
9 23 21 -1.2720196495140692 0
9 23 22 0.7861513777574234 0
10 23 21 0.7861513777574236 0
10 23 22 -0.4858682717566458 0
11 23 23 1. 0
12 23 23 0.9999999999999999 0
13 23 23 0.48586827175664576 0
14 23 23 0.6180339887498949 0
15 23 23 0.6180339887498949 0
16 23 23 0.30028310600077773 0
17 23 24 -1. 0
17 23 25 -0.6180339887498951 0
17 23 26 -1.0000000000000004 0
17 23 27 -0.4858682717566459 0
17 23 28 -0.6180339887498948 0
17 23 29 0.30028310600077773 0
18 23 30 0.7861513777574234 0
18 23 31 0.7861513777574234 0
18 23 32 -0.3819660112501052 0
19 23 30 -0.7861513777574234 0
19 23 31 -0.7861513777574235 0
19 23 32 0.3819660112501053 0
20 23 30 0.3819660112501053 0
20 23 31 0.38196601125010515 0
20 23 32 -0.18558516575586811 0
21 24 21 1. 0
21 25 22 -1. 0
21 26 21 0.9999999999999999 0
21 27 21 0.48586827175664576 0
21 28 22 -0.9999999999999999 0
21 29 22 0.48586827175664576 0
22 24 22 1. 0
22 25 21 -1.0000000000000002 0
22 25 22 -0.9999999999999999 0
22 26 22 0.9999999999999999 0
22 27 22 0.48586827175664576 0
22 28 21 -1.0000000000000002 0
22 28 22 -1. 0
22 29 21 0.4858682717566457 0
22 29 22 0.4858682717566458 0
23 24 23 1. 0
23 25 23 0.6180339887498949 0
23 26 23 0.9999999999999999 0
23 27 23 0.48586827175664576 0
23 28 23 0.6180339887498949 0
23 29 23 -0.30028310600077773 0
24 24 24 1. 0
24 25 25 1. 0
24 26 26 1. 0
24 27 27 1. 0
24 28 28 1. 0
24 29 29 1. 0
25 24 25 1. 0
25 25 24 1.0000000000000002 0
25 25 25 -0.9999999999999999 0
25 26 28 1. 0
25 27 29 -1. 0
25 28 26 1.0000000000000002 0
25 28 28 -0.9999999999999999 0
25 29 27 -1.0000000000000002 0
25 29 29 -0.9999999999999999 0
26 24 26 1. 0
26 25 28 1. 0
26 26 24 0.618033988749895 0
26 26 27 0.7861513777574233 0
26 27 24 0.7861513777574235 0
26 27 27 -0.6180339887498948 0
26 28 25 0.618033988749895 0
26 28 29 -0.7861513777574233 0
26 29 25 -0.7861513777574235 0
26 29 29 -0.6180339887498948 0
27 24 27 1. 0
27 25 29 -1. 0
27 26 24 0.7861513777574235 0
27 26 27 -0.6180339887498948 0
27 27 24 -0.6180339887498949 0
27 27 26 0.9999999999999999 0
27 27 27 -0.3002831060007777 0
27 28 25 0.7861513777574235 0
27 28 29 0.6180339887498949 0
27 29 25 0.618033988749895 0
27 29 28 -0.9999999999999999 0
27 29 29 -0.3002831060007777 0
28 24 28 1. 0
28 25 26 1.0000000000000002 0
28 25 28 -0.9999999999999999 0
28 26 25 0.618033988749895 0
28 26 29 -0.7861513777574233 0
28 27 25 0.7861513777574235 0
28 27 29 0.6180339887498949 0
28 28 24 0.6180339887498949 0
28 28 25 -0.6180339887498951 0
28 28 27 0.7861513777574234 0
28 28 29 0.7861513777574234 0
28 29 24 -0.7861513777574233 0
28 29 25 0.7861513777574234 0
28 29 27 0.6180339887498951 0
28 29 29 0.6180339887498949 0
29 24 29 1. 0
29 25 27 -1.0000000000000002 0
29 25 29 -0.9999999999999999 0
29 26 25 -0.7861513777574235 0
29 26 29 -0.6180339887498948 0
29 27 25 0.618033988749895 0
29 27 28 -0.9999999999999999 0
29 27 29 -0.3002831060007777 0
29 28 24 -0.7861513777574233 0
29 28 25 0.7861513777574234 0
29 28 27 0.6180339887498951 0
29 28 29 0.6180339887498949 0
29 29 24 -0.6180339887498947 0
29 29 25 0.6180339887498951 0
29 29 26 1.0000000000000004 0
29 29 27 -0.3002831060007776 0
29 29 28 -1.0000000000000002 0
29 29 29 -0.30028310600077773 0
30 24 30 1. 0
30 25 30 0.6180339887498948 0
30 26 31 1. 0
30 27 32 -1. 0
30 28 31 0.6180339887498948 0
30 29 32 0.6180339887498949 0
31 24 31 1. 0
31 25 31 0.6180339887498949 0
31 26 30 0.618033988749895 0
31 26 32 -0.7861513777574233 0
31 27 30 0.7861513777574235 0
31 27 32 0.6180339887498949 0
31 28 30 0.3819660112501052 0
31 28 32 -0.48586827175664576 0
31 29 30 -0.4858682717566456 0
31 29 32 -0.3819660112501053 0
32 24 32 1. 0
32 25 32 0.6180339887498949 0
32 26 30 -0.7861513777574235 0
32 26 32 -0.6180339887498948 0
32 27 30 0.618033988749895 0
32 27 31 -0.9999999999999999 0
32 27 32 -0.3002831060007777 0
32 28 30 -0.485868271756646 0
32 28 32 -0.3819660112501051 0
32 29 30 -0.3819660112501053 0
32 29 31 0.618033988749895 0
32 29 32 0.18558516575586811 0
33 30 21 1.2720196495140692 0
33 30 22 -0.7861513777574234 0
33 31 21 1.272019649514069 0
33 31 22 -0.7861513777574235 0
33 32 21 -0.6180339887498952 0
33 32 22 0.38196601125010515 0
34 30 23 -1. 0
34 31 23 -0.9999999999999999 0
34 32 23 0.48586827175664576 0
35 30 23 0.9999999999999999 0
35 31 23 1. 0
35 32 23 -0.4858682717566458 0
36 30 23 0.48586827175664576 0
36 31 23 0.4858682717566458 0
36 32 23 -0.23606797749978972 0
37 30 24 1.2720196495140692 0
37 30 25 0.7861513777574234 0
37 31 26 1.2720196495140692 0
37 31 28 0.7861513777574234 0
37 32 27 -1.2720196495140692 0
37 32 29 0.7861513777574234 0
38 30 26 -1.2720196495140692 0
38 30 28 -0.7861513777574234 0
38 31 24 -0.7861513777574233 0
38 31 25 -0.4858682717566459 0
38 31 27 -1. 0
38 31 29 0.618033988749895 0
38 32 24 1. 0
38 32 25 0.6180339887498951 0
38 32 27 -0.7861513777574234 0
38 32 29 0.4858682717566458 0
39 30 27 1.2720196495140692 0
39 30 29 -0.7861513777574234 0
39 31 24 1. 0
39 31 25 0.6180339887498951 0
39 31 27 -0.7861513777574234 0
39 31 29 0.4858682717566458 0
39 32 24 0.7861513777574234 0
39 32 25 0.48586827175664565 0
39 32 26 -1.2720196495140692 0
39 32 27 0.3819660112501054 0
39 32 28 -0.7861513777574235 0
39 32 29 -0.23606797749978972 0
40 30 30 1. 0
40 31 31 1. 0
40 32 32 1. 0
41 30 30 -0.9999999999999999 0
41 31 31 -0.9999999999999999 0
41 32 32 -0.9999999999999999 0
42 30 30 -0.48586827175664576 0
42 31 31 -0.48586827175664576 0
42 32 32 -0.48586827175664576 0
43 30 31 -1. 0
43 31 30 -0.618033988749895 0
43 31 32 0.7861513777574233 0
43 32 30 0.7861513777574235 0
43 32 32 0.6180339887498948 0
44 30 32 -1. 0
44 31 30 0.7861513777574235 0
44 31 32 0.6180339887498949 0
44 32 30 0.618033988749895 0
44 32 31 -0.9999999999999999 0
44 32 32 -0.3002831060007777 0
45 30 31 0.9999999999999999 0
45 31 30 0.6180339887498952 0
45 31 32 -0.7861513777574235 0
45 32 30 -0.7861513777574236 0
45 32 32 -0.618033988749895 0
46 30 31 0.48586827175664576 0
46 31 30 0.3002831060007777 0
46 31 32 -0.3819660112501053 0
46 32 30 -0.38196601125010526 0
46 32 32 -0.30028310600077773 0
47 30 32 -0.9999999999999999 0
47 31 30 0.7861513777574235 0
47 31 32 0.618033988749895 0
47 32 30 0.6180339887498951 0
47 32 31 -1. 0
47 32 32 -0.30028310600077773 0
48 30 32 0.48586827175664576 0
48 31 30 -0.3819660112501054 0
48 31 32 -0.3002831060007777 0
48 32 30 -0.3002831060007777 0
48 32 31 0.4858682717566458 0
48 32 32 0.14589803375031543 0
0 33 33 1. 0
1 33 33 -0.6180339887498949 0
2 33 33 -0.6180339887498948 0
3 33 33 0.38196601125010515 0
4 33 34 0.7861513777574234 0
4 33 35 -0.7861513777574234 0
4 33 36 -0.3819660112501052 0
5 33 34 0.485868271756646 0
5 33 35 -0.4858682717566458 0
5 33 36 -0.23606797749978972 0
6 33 37 0.7861513777574234 0
6 33 38 -0.7861513777574234 0
6 33 39 0.38196601125010515 0
7 33 37 -0.485868271756646 0
7 33 38 0.4858682717566458 0
7 33 39 -0.23606797749978972 0
8 33 40 -0.6180339887498949 0
8 33 41 0.6180339887498951 0
8 33 42 0.3002831060007778 0
8 33 43 0.6180339887498951 0
8 33 44 -0.3002831060007778 0
8 33 45 -0.6180339887498948 0
8 33 46 -0.30028310600077773 0
8 33 47 -0.30028310600077773 0
8 33 48 0.14589803375031543 0
9 34 33 1. 0
9 35 33 -0.9999999999999999 0
9 36 33 -0.48586827175664576 0
10 34 33 -0.6180339887498948 0
10 35 33 0.618033988749895 0
10 36 33 0.3002831060007777 0
11 34 34 1. 0
11 35 35 1. 0
11 36 36 1. 0
12 34 35 -1. 0
12 35 34 -0.618033988749895 0
12 35 36 0.7861513777574233 0
12 36 34 -0.7861513777574235 0
12 36 36 -0.6180339887498948 0
13 34 36 -1. 0
13 35 34 -0.7861513777574235 0
13 35 36 -0.6180339887498949 0
13 36 34 0.6180339887498949 0
13 36 35 0.9999999999999999 0
13 36 36 -0.3002831060007777 0
14 34 34 0.6180339887498949 0
14 35 35 0.6180339887498948 0
14 36 36 0.6180339887498949 0
15 34 35 -0.6180339887498948 0
15 35 34 -0.38196601125010526 0
15 35 36 0.4858682717566458 0
15 36 34 -0.485868271756646 0
15 36 36 -0.3819660112501051 0
16 34 36 -0.6180339887498948 0
16 35 34 -0.48586827175664565 0
16 35 36 -0.3819660112501053 0
16 36 34 0.3819660112501053 0
16 36 35 0.618033988749895 0
16 36 36 -0.18558516575586811 0
17 34 37 0.7861513777574234 0
17 34 38 -0.7861513777574234 0
17 34 39 0.38196601125010515 0
17 35 37 -0.7861513777574235 0
17 35 38 0.7861513777574235 0
17 35 39 -0.3819660112501053 0
17 36 37 -0.3819660112501053 0
17 36 38 0.38196601125010515 0
17 36 39 -0.18558516575586811 0
18 34 40 -0.7861513777574234 0
18 34 43 0.7861513777574234 0
18 34 44 -0.3819660112501052 0
18 35 41 -0.7861513777574234 0
18 35 45 0.7861513777574234 0
18 35 47 0.38196601125010515 0
18 36 42 -0.7861513777574234 0
18 36 46 0.7861513777574234 0
18 36 48 -0.3819660112501052 0
19 34 41 -0.7861513777574234 0
19 34 45 0.7861513777574234 0
19 34 47 0.38196601125010515 0
19 35 40 -0.48586827175664576 0
19 35 42 0.6180339887498951 0
19 35 43 0.4858682717566459 0
19 35 44 -0.23606797749978967 0
19 35 46 -0.6180339887498949 0
19 35 48 0.3002831060007778 0
19 36 40 -0.618033988749895 0
19 36 42 -0.485868271756646 0
19 36 43 0.6180339887498951 0
19 36 44 -0.3002831060007777 0
19 36 46 0.4858682717566458 0
19 36 48 -0.23606797749978975 0
20 34 42 0.7861513777574234 0
20 34 46 -0.7861513777574234 0
20 34 48 0.38196601125010515 0
20 35 40 0.618033988749895 0
20 35 42 0.485868271756646 0
20 35 43 -0.6180339887498951 0
20 35 44 0.3002831060007777 0
20 35 46 -0.4858682717566458 0
20 35 48 0.23606797749978975 0
20 36 40 -0.48586827175664576 0
20 36 41 -0.7861513777574234 0
20 36 42 0.23606797749978992 0
20 36 43 0.48586827175664565 0
20 36 44 -0.23606797749978992 0
20 36 45 0.7861513777574235 0
20 36 46 -0.23606797749978972 0
20 36 47 0.38196601125010526 0
20 36 48 0.11469794024490954 0
21 37 33 1. 0
21 38 33 -0.9999999999999999 0
21 39 33 0.48586827175664576 0
22 37 33 -0.6180339887498949 0
22 38 33 0.618033988749895 0
22 39 33 -0.3002831060007777 0
23 37 34 -0.7861513777574234 0
23 37 35 0.7861513777574234 0
23 37 36 0.3819660112501052 0
23 38 34 0.7861513777574234 0
23 38 35 -0.7861513777574235 0
23 38 36 -0.3819660112501053 0
23 39 34 -0.3819660112501053 0
23 39 35 0.38196601125010515 0
23 39 36 0.18558516575586811 0
24 37 37 1. 0
24 38 38 1. 0
24 39 39 1. 0
25 37 37 0.6180339887498948 0
25 38 38 0.6180339887498948 0
25 39 39 0.6180339887498949 0
26 37 38 -1. 0
26 38 37 -0.618033988749895 0
26 38 39 -0.7861513777574233 0
26 39 37 0.7861513777574235 0
26 39 39 -0.6180339887498948 0
27 37 39 1. 0
27 38 37 -0.7861513777574235 0
27 38 39 0.6180339887498949 0
27 39 37 -0.6180339887498949 0
27 39 38 -0.9999999999999999 0
27 39 39 -0.3002831060007777 0
28 37 38 -0.6180339887498949 0
28 38 37 -0.38196601125010526 0
28 38 39 -0.4858682717566458 0
28 39 37 0.485868271756646 0
28 39 39 -0.3819660112501051 0
29 37 39 -0.6180339887498949 0
29 38 37 0.48586827175664565 0
29 38 39 -0.3819660112501053 0
29 39 37 0.3819660112501053 0
29 39 38 0.618033988749895 0
29 39 39 0.18558516575586811 0
30 37 40 0.7861513777574234 0
30 37 41 -0.7861513777574234 0
30 37 42 -0.38196601125010515 0
30 38 43 0.7861513777574234 0
30 38 45 -0.7861513777574234 0
30 38 46 -0.38196601125010515 0
30 39 44 0.7861513777574234 0
30 39 47 0.7861513777574234 0
30 39 48 -0.3819660112501052 0
31 37 43 -0.7861513777574234 0
31 37 45 0.7861513777574234 0
31 37 46 0.3819660112501052 0
31 38 40 -0.48586827175664576 0
31 38 41 0.4858682717566459 0
31 38 42 0.23606797749978967 0
31 38 44 -0.6180339887498951 0
31 38 47 -0.6180339887498949 0
31 38 48 0.3002831060007778 0
31 39 40 0.618033988749895 0
31 39 41 -0.6180339887498951 0
31 39 42 -0.3002831060007777 0
31 39 44 -0.485868271756646 0
31 39 47 -0.4858682717566458 0
31 39 48 0.23606797749978975 0
32 37 44 -0.7861513777574234 0
32 37 47 -0.7861513777574234 0
32 37 48 0.3819660112501052 0
32 38 40 0.618033988749895 0
32 38 41 -0.6180339887498951 0
32 38 42 -0.3002831060007777 0
32 38 44 -0.485868271756646 0
32 38 47 -0.4858682717566458 0
32 38 48 0.23606797749978975 0
32 39 40 0.48586827175664576 0
32 39 41 -0.48586827175664565 0
32 39 42 -0.23606797749978992 0
32 39 43 0.7861513777574234 0
32 39 44 0.23606797749978992 0
32 39 45 -0.7861513777574235 0
32 39 46 -0.3819660112501053 0
32 39 47 0.23606797749978972 0
32 39 48 -0.11469794024490954 0
33 40 33 1. 0
33 41 33 -0.9999999999999999 0
33 42 33 -0.48586827175664576 0
33 43 33 -0.9999999999999999 0
33 44 33 0.48586827175664576 0
33 45 33 1.0000000000000002 0
33 46 33 0.4858682717566459 0
33 47 33 0.4858682717566458 0
33 48 33 -0.23606797749978964 0
34 40 34 1. 0
34 41 35 1. 0
34 42 36 1. 0
34 43 34 -0.9999999999999999 0
34 44 34 0.48586827175664576 0
34 45 35 -0.9999999999999999 0
34 46 36 -0.9999999999999999 0
34 47 35 -0.48586827175664576 0
34 48 36 0.48586827175664576 0
35 40 35 1. 0
35 41 34 0.618033988749895 0
35 41 36 -0.7861513777574233 0
35 42 34 0.7861513777574235 0
35 42 36 0.6180339887498949 0
35 43 35 -0.9999999999999999 0
35 44 35 0.48586827175664576 0
35 45 34 -0.6180339887498952 0
35 45 36 0.7861513777574235 0
35 46 34 -0.7861513777574236 0
35 46 36 -0.618033988749895 0
35 47 34 -0.3002831060007776 0
35 47 36 0.3819660112501053 0
35 48 34 0.3819660112501054 0
35 48 36 0.3002831060007776 0
36 40 36 1. 0
36 41 34 0.7861513777574235 0
36 41 36 0.6180339887498948 0
36 42 34 -0.6180339887498949 0
36 42 35 -0.9999999999999999 0
36 42 36 0.3002831060007777 0
36 43 36 -0.9999999999999999 0
36 44 36 0.48586827175664576 0
36 45 34 -0.7861513777574236 0
36 45 36 -0.618033988749895 0
36 46 34 0.6180339887498951 0
36 46 35 1. 0
36 46 36 -0.3002831060007778 0
36 47 34 -0.38196601125010526 0
36 47 36 -0.30028310600077773 0
36 48 34 -0.3002831060007777 0
36 48 35 -0.4858682717566458 0
36 48 36 0.14589803375031543 0
37 40 37 1. 0
37 41 37 -0.9999999999999999 0
37 42 37 -0.48586827175664576 0
37 43 38 1. 0
37 44 39 1. 0
37 45 38 -0.9999999999999999 0
37 46 38 -0.48586827175664576 0
37 47 39 0.9999999999999999 0
37 48 39 -0.48586827175664576 0
38 40 38 1. 0
38 41 38 -0.9999999999999999 0
38 42 38 -0.48586827175664576 0
38 43 37 0.618033988749895 0
38 43 39 0.7861513777574233 0
38 44 37 -0.7861513777574235 0
38 44 39 0.6180339887498949 0
38 45 37 -0.6180339887498952 0
38 45 39 -0.7861513777574235 0
38 46 37 -0.3002831060007777 0
38 46 39 -0.3819660112501053 0
38 47 37 -0.7861513777574235 0
38 47 39 0.618033988749895 0
38 48 37 0.3819660112501054 0
38 48 39 -0.3002831060007776 0
39 40 39 1. 0
39 41 39 -0.9999999999999999 0
39 42 39 -0.48586827175664576 0
39 43 37 -0.7861513777574235 0
39 43 39 0.6180339887498949 0
39 44 37 -0.6180339887498949 0
39 44 38 -0.9999999999999999 0
39 44 39 -0.3002831060007777 0
39 45 37 0.7861513777574236 0
39 45 39 -0.618033988749895 0
39 46 37 0.3819660112501052 0
39 46 39 -0.3002831060007778 0
39 47 37 -0.6180339887498951 0
39 47 38 -1. 0
39 47 39 -0.30028310600077773 0
39 48 37 0.3002831060007777 0
39 48 38 0.4858682717566458 0
39 48 39 0.14589803375031543 0
40 40 40 1. 0
40 41 41 1. 0
40 42 42 1. 0
40 43 43 1. 0
40 44 44 1. 0
40 45 45 1. 0
40 46 46 1. 0
40 47 47 1. 0
40 48 48 1. 0
41 40 41 1. 0
41 41 40 0.618033988749895 0
41 41 42 -0.7861513777574233 0
41 42 40 0.7861513777574235 0
41 42 42 0.6180339887498948 0
41 43 45 1. 0
41 44 47 -1. 0
41 45 43 0.618033988749895 0
41 45 46 -0.7861513777574233 0
41 46 43 0.7861513777574235 0
41 46 46 0.6180339887498949 0
41 47 44 -0.618033988749895 0
41 47 48 0.7861513777574233 0
41 48 44 0.7861513777574235 0
41 48 48 0.6180339887498949 0
42 40 42 1. 0
42 41 40 0.7861513777574235 0
42 41 42 0.6180339887498949 0
42 42 40 -0.6180339887498949 0
42 42 41 -0.9999999999999999 0
42 42 42 0.3002831060007777 0
42 43 46 1. 0
42 44 48 1. 0
42 45 43 0.7861513777574235 0
42 45 46 0.6180339887498949 0
42 46 43 -0.6180339887498949 0
42 46 45 -0.9999999999999999 0
42 46 46 0.3002831060007777 0
42 47 44 -0.7861513777574235 0
42 47 48 -0.6180339887498949 0
42 48 44 -0.6180339887498949 0
42 48 47 0.9999999999999999 0
42 48 48 0.3002831060007777 0
43 40 43 1. 0
43 41 45 1. 0
43 42 46 1. 0
43 43 40 0.618033988749895 0
43 43 44 0.7861513777574233 0
43 44 40 -0.7861513777574235 0
43 44 44 0.6180339887498948 0
43 45 41 0.618033988749895 0
43 45 47 -0.7861513777574233 0
43 46 42 0.618033988749895 0
43 46 48 0.7861513777574233 0
43 47 41 0.7861513777574235 0
43 47 47 0.6180339887498949 0
43 48 42 -0.7861513777574235 0
43 48 48 0.6180339887498948 0
44 40 44 1. 0
44 41 47 -1. 0
44 42 48 1. 0
44 43 40 -0.7861513777574235 0
44 43 44 0.6180339887498948 0
44 44 40 -0.6180339887498949 0
44 44 43 -0.9999999999999999 0
44 44 44 -0.3002831060007777 0
44 45 41 -0.7861513777574235 0
44 45 47 -0.6180339887498948 0
44 46 42 -0.7861513777574235 0
44 46 48 0.6180339887498949 0
44 47 41 0.618033988749895 0
44 47 45 0.9999999999999999 0
44 47 47 -0.3002831060007777 0
44 48 42 -0.6180339887498949 0
44 48 46 -0.9999999999999999 0
44 48 48 -0.3002831060007777 0
45 40 45 1. 0
45 41 43 0.618033988749895 0
45 41 46 -0.7861513777574233 0
45 42 43 0.7861513777574235 0
45 42 46 0.6180339887498948 0
45 43 41 0.618033988749895 0
45 43 47 -0.7861513777574233 0
45 44 41 -0.7861513777574235 0
45 44 47 -0.6180339887498948 0
45 45 40 0.381966011250105 0
45 45 42 -0.485868271756646 0
45 45 44 0.485868271756646 0
45 45 48 -0.618033988749895 0
45 46 40 0.4858682717566456 0
45 46 42 0.38196601125010526 0
45 46 44 0.6180339887498952 0
45 46 48 0.4858682717566458 0
45 47 40 0.4858682717566456 0
45 47 42 -0.6180339887498952 0
45 47 44 -0.38196601125010526 0
45 47 48 0.4858682717566458 0
45 48 40 -0.6180339887498947 0
45 48 42 -0.485868271756646 0
45 48 44 0.485868271756646 0
45 48 48 0.38196601125010515 0
46 40 46 1. 0
46 41 43 0.7861513777574235 0
46 41 46 0.6180339887498948 0
46 42 43 -0.6180339887498949 0
46 42 45 -0.9999999999999999 0
46 42 46 0.3002831060007777 0
46 43 42 0.618033988749895 0
46 43 48 0.7861513777574233 0
46 44 42 -0.7861513777574235 0
46 44 48 0.6180339887498949 0
46 45 40 0.4858682717566456 0
46 45 42 0.38196601125010526 0
46 45 44 0.6180339887498952 0
46 45 48 0.4858682717566458 0
46 46 40 -0.38196601125010526 0
46 46 41 -0.6180339887498951 0
46 46 42 0.18558516575586806 0
46 46 44 -0.4858682717566459 0
46 46 47 0.7861513777574234 0
46 46 48 0.2360679774997899 0
46 47 40 0.618033988749895 0
46 47 42 0.4858682717566457 0
46 47 44 -0.4858682717566457 0
46 47 48 -0.3819660112501054 0
46 48 40 0.48586827175664576 0
46 48 41 0.7861513777574234 0
46 48 42 -0.2360679774997898 0
46 48 44 -0.3819660112501054 0
46 48 47 0.6180339887498949 0
46 48 48 0.18558516575586811 0
47 40 47 1. 0
47 41 44 -0.618033988749895 0
47 41 48 0.7861513777574233 0
47 42 44 -0.7861513777574235 0
47 42 48 -0.6180339887498948 0
47 43 41 0.7861513777574235 0
47 43 47 0.6180339887498949 0
47 44 41 0.618033988749895 0
47 44 45 0.9999999999999999 0
47 44 47 -0.3002831060007777 0
47 45 40 0.4858682717566456 0
47 45 42 -0.6180339887498952 0
47 45 44 -0.38196601125010526 0
47 45 48 0.4858682717566458 0
47 46 40 0.618033988749895 0
47 46 42 0.4858682717566457 0
47 46 44 -0.4858682717566457 0
47 46 48 -0.3819660112501054 0
47 47 40 -0.3819660112501053 0
47 47 42 0.4858682717566459 0
47 47 43 -0.6180339887498951 0
47 47 44 -0.18558516575586803 0
47 47 46 0.7861513777574234 0
47 47 48 0.23606797749978983 0
47 48 40 0.48586827175664576 0
47 48 42 0.3819660112501054 0
47 48 43 0.7861513777574234 0
47 48 44 0.2360679774997898 0
47 48 46 0.6180339887498949 0
47 48 48 0.18558516575586811 0
48 40 48 1. 0
48 41 44 0.7861513777574235 0
48 41 48 0.6180339887498948 0
48 42 44 -0.6180339887498949 0
48 42 47 0.9999999999999999 0
48 42 48 0.3002831060007777 0
48 43 42 -0.7861513777574235 0
48 43 48 0.6180339887498949 0
48 44 42 -0.6180339887498949 0
48 44 46 -0.9999999999999999 0
48 44 48 -0.3002831060007777 0
48 45 40 -0.6180339887498947 0
48 45 42 -0.485868271756646 0
48 45 44 0.485868271756646 0
48 45 48 0.38196601125010515 0
48 46 40 0.4858682717566458 0
48 46 41 0.7861513777574234 0
48 46 42 -0.23606797749978975 0
48 46 44 -0.3819660112501054 0
48 46 47 0.6180339887498949 0
48 46 48 0.18558516575586811 0
48 47 40 0.48586827175664576 0
48 47 42 0.3819660112501054 0
48 47 43 0.7861513777574234 0
48 47 44 0.2360679774997898 0
48 47 46 0.6180339887498949 0
48 47 48 0.18558516575586811 0
48 48 40 0.3819660112501051 0
48 48 41 0.6180339887498951 0
48 48 42 -0.18558516575586817 0
48 48 43 0.6180339887498951 0
48 48 44 0.18558516575586817 0
48 48 45 1.0000000000000002 0
48 48 46 -0.30028310600077773 0
48 48 47 -0.30028310600077773 0
48 48 48 -0.09016994374947422 0