1 0 0 0 0 0 1 0 0 0 0 0 0 0 1 0 0 0 0 0 0 0 1 0 1 0 0 0 0 0 0 0 0 1 0 0
0 0 0 1. 0
0 1 1 1. 0
0 2 2 1. 0
0 3 3 1. 0
0 4 4 1. 0
0 5 5 1. 0
1 0 1 1. 0
1 1 0 1. 0
1 2 5 1. 0
1 3 4 1. 0
1 4 3 1. 0
1 5 2 1. 0
2 0 2 1. 0
2 1 4 1. 0
2 2 0 1. 0
2 3 5 1. 0
2 4 1 1. 0
2 5 3 1. 0
3 0 3 1. 0
3 1 5 1. 0
3 2 4 1. 0
3 3 0 1. 0
3 4 2 1. 0
3 5 1 1. 0
4 0 4 1. 0
4 1 2 1. 0
4 2 3 1. 0
4 3 1 1. 0
4 4 5 1. 0
4 5 0 1. 0
5 0 5 1. 0
5 1 3 1. 0
5 2 1 1. 0
5 3 2 1. 0
5 4 0 1. 0
5 5 4 1. 0
6 6 6 1. 0
6 7 7 1. 0
7 6 7 1. 0
7 7 6 -1. 0
8 6 8 1. 0
8 7 9 -1. 0
9 6 9 1. 0
9 7 8 1. 0
10 6 10 1. 0
10 7 11 1. 0
11 6 11 1. 0
11 7 10 -1. 0
12 8 6 -1. 0
12 9 7 1. 0
13 8 7 -1. 0
13 9 6 -1. 0
14 8 8 1. 0
14 9 9 1. 0
15 8 9 -1. 0
15 9 8 1. 0
16 8 11 -1. 0
16 9 10 -1. 0
17 8 10 1. 0
17 9 11 -1. 0
18 10 6 -1. 0
18 11 7 -1. 0
19 10 7 -1. 0
19 11 6 1. 0
20 10 9 -1. 0
20 11 8 -1. 0
21 10 8 -1. 0
21 11 9 1. 0
22 10 10 1. 0
22 11 11 1. 0
23 10 11 1. 0
23 11 10 -1. 0
6 12 12 1. 0
6 13 13 1. 0
7 12 13 1. 0
7 13 12 -1. 0
8 12 14 -1. 0
8 13 15 -1. 0
9 12 15 1. 0
9 13 14 -1. 0
10 12 17 -1. 0
10 13 16 1. 0
11 12 16 1. 0
11 13 17 1. 0
12 14 12 1. 0
12 15 13 1. 0
13 14 13 1. 0
13 15 12 -1. 0
14 14 14 1. 0
14 15 15 1. 0
15 14 15 1. 0
15 15 14 -1. 0
16 14 16 1. 0
16 15 17 1. 0
17 14 17 1. 0
17 15 16 -1. 0
18 16 13 -1. 0
18 17 12 1. 0
19 16 12 1. 0
19 17 13 1. 0
20 16 14 1. 0
20 17 15 1. 0
21 16 15 1. 0
21 17 14 -1. 0
22 16 16 1. 0
22 17 17 1. 0
23 16 17 1. 0
23 17 16 -1. 0
6 18 18 1. 0
6 19 19 1. 0
7 18 19 1. 0
7 19 18 -1. 0
8 18 21 1. 0
8 19 20 -1. 0
9 18 20 1. 0
9 19 21 1. 0
10 18 22 -1. 0
10 19 23 -1. 0
11 18 23 -1. 0
11 19 22 1. 0
12 20 19 1. 0
12 21 18 -1. 0
13 20 18 -1. 0
13 21 19 -1. 0
14 20 20 1. 0
14 21 21 1. 0
15 20 21 1. 0
15 21 20 -1. 0
16 20 22 1. 0
16 21 23 1. 0
17 20 23 1. 0
17 21 22 -1. 0
18 22 18 1. 0
18 23 19 1. 0
19 22 19 1. 0
19 23 18 -1. 0
20 22 20 1. 0
20 23 21 1. 0
21 22 21 1. 0
21 23 20 -1. 0
22 22 22 1. 0
22 23 23 1. 0
23 22 23 1. 0
23 23 22 -1. 0
24 24 24 1. 0
24 25 25 1. 0
24 26 26 1. 0
25 24 25 1. 0
25 25 26 1. 0
25 26 24 -0.4999999999999998 -0.8660254037844387
26 24 26 1. 0
26 25 24 -0.4999999999999998 -0.8660254037844387
26 26 25 -0.4999999999999998 -0.8660254037844387
27 24 27 1. 0
27 25 29 1. 0
27 26 28 -1. 0
28 24 28 1. 0
28 25 27 0.4999999999999998 0.8660254037844387
28 26 29 0.5000000000000001 0.8660254037844386
29 24 29 1. 0
29 25 28 -1. 0
29 26 27 -0.4999999999999998 -0.8660254037844387
30 27 24 -1. 0
30 28 26 1. 0
30 29 25 -1. 0
31 27 25 -1. 0
31 28 24 -0.4999999999999998 -0.8660254037844387
31 29 26 -1. 0
32 27 26 1. 0
32 28 25 0.5000000000000001 0.8660254037844386
32 29 24 -0.5000000000000001 -0.8660254037844386
33 27 27 1. 0
33 28 28 1. 0
33 29 29 1. 0
34 27 28 -1. 0
34 28 29 0.5000000000000001 0.8660254037844386
34 29 27 -0.5000000000000001 -0.8660254037844386
35 27 29 1. 0
35 28 27 0.4999999999999998 0.8660254037844387
35 29 28 -1. 0
24 30 30 1. 0
24 31 31 1. 0
24 32 32 1. 0
25 30 31 1. 0
25 31 32 -1. 0
25 32 30 0.5000000000000001 0.8660254037844386
26 30 32 -1. 0
26 31 30 -0.4999999999999998 -0.8660254037844387
26 32 31 0.5000000000000001 0.8660254037844386
27 30 33 -1. 0
27 31 35 -1. 0
27 32 34 1. 0
28 30 34 1. 0
28 31 33 -0.4999999999999998 -0.8660254037844387
28 32 35 0.5000000000000001 0.8660254037844386
29 30 35 -1. 0
29 31 34 -1. 0
29 32 33 -0.5000000000000001 -0.8660254037844386
30 33 30 1. 0
30 34 32 -1. 0
30 35 31 1. 0
31 33 31 1. 0
31 34 30 -0.4999999999999998 -0.8660254037844387
31 35 32 -1. 0
32 33 32 1. 0
32 34 31 0.5000000000000001 0.8660254037844386
32 35 30 0.4999999999999998 0.8660254037844387
33 33 33 1. 0
33 34 34 1. 0
33 35 35 1. 0
34 33 34 1. 0
34 34 35 -0.4999999999999998 -0.8660254037844387
34 35 33 -0.4999999999999998 -0.8660254037844387
35 33 35 1. 0
35 34 33 -0.4999999999999998 -0.8660254037844387
35 35 34 1. 0