1 0 0 0 0 0 0 0 0 0 1 0 0 0 0 0 0 0 1 0 0 0 0 0 0 0 0 0 0 0 0 0 0 0 1 0 0 0 0 0 0 0 0 0 0 0 0 0 1 0 0 0 0 0 0 0 0
0 0 0 1. 0
0 1 1 1. 0
0 2 2 1. 0
0 3 3 1. 0
0 4 4 1. 0
1 0 1 1. 0
1 1 0 1. 0
1 2 3 1. 0
1 3 2 1. 0
1 4 4 1. 0
2 0 2 1. 0
2 1 3 1. 0
2 2 0 1. 0
2 2 4 1. 0
2 3 1 1. 0
2 3 4 1. 0
2 4 2 1. 0
2 4 3 1. 0
3 0 3 1. 0
3 1 2 1. 0
3 2 1 1. 0
3 2 4 1. 0
3 3 0 1. 0
3 3 4 1. 0
3 4 2 1. 0
3 4 3 1. 0
4 0 4 1. 0
4 1 4 1. 0
4 2 2 1. 0
4 2 3 1. 0
4 3 2 1. 0
4 3 3 1. 0
4 4 0 1. 0
4 4 1 1. 0
4 4 4 1. 0
5 0 5 1. 0
5 1 5 1. 0
5 4 5 -1. 0
6 0 6 1. 0
6 1 7 1. 0
6 2 8 0.7071067811865475 0
6 3 8 -0.7071067811865475 0
6 4 6 -0.5 0
6 4 7 -0.5 0
7 0 7 1. 0
7 1 6 1. 0
7 2 8 -0.7071067811865475 0
7 3 8 0.7071067811865475 0
7 4 6 -0.5 0
7 4 7 -0.5 0
8 0 8 1. 0
8 1 8 -1. 0
8 2 6 0.7071067811865475 0
8 2 7 -0.7071067811865475 0
8 3 6 -0.7071067811865475 0
8 3 7 0.7071067811865475 0
9 5 0 -1. 0
9 5 1 -1. 0
9 5 4 1. 0
10 5 5 1. 0
11 5 5 1. 0
14 5 5 -1. 0
15 5 6 -0.8660254037844386 0
15 5 7 -0.8660254037844386 0
16 5 6 -0.8660254037844386 0
16 5 7 -0.8660254037844386 0
42 6 0 -1.4142135623730951 0
42 6 4 0.7071067811865475 0
42 7 1 -1.4142135623730951 0
42 7 4 0.7071067811865475 0
42 8 2 -1. 0
42 8 3 1. 0
43 6 1 -1.4142135623730951 0
43 6 4 0.7071067811865475 0
43 7 0 -1.4142135623730951 0
43 7 4 0.7071067811865475 0
43 8 2 1. 0
43 8 3 -1. 0
44 6 2 -1. 0
44 6 3 1. 0
44 7 2 1. 0
44 7 3 -1. 0
44 8 0 -1.4142135623730951 0
44 8 1 1.4142135623730951 0
45 6 5 1.224744871391589 0
45 7 5 1.224744871391589 0
46 6 5 1.224744871391589 0
46 7 5 1.224744871391589 0
48 6 6 1. 0
48 7 7 1. 0
48 8 8 1. 0
49 6 7 1. 0
49 7 6 1. 0
49 8 8 -1. 0
50 6 8 0.5 0
50 7 8 -0.5 0
50 8 6 0.5 0
50 8 7 -0.5 0
51 6 8 -0.8660254037844386 0
51 7 8 0.8660254037844386 0
51 8 6 -0.8660254037844386 0
51 8 7 0.8660254037844386 0
52 6 8 0.8660254037844386 0
52 7 8 -0.8660254037844386 0
52 8 6 0.8660254037844386 0
52 8 7 -0.8660254037844386 0
53 6 8 -0.5 0
53 7 8 0.5 0
53 8 6 -0.5 0
53 8 7 0.5 0
54 6 6 1. 0
54 7 7 1. 0
54 8 8 1. 0
55 6 7 -1. 0
55 7 6 -1. 0
55 8 8 1. 0
56 6 6 -0.7071067811865475 0
56 6 7 -0.7071067811865475 0
56 7 6 -0.7071067811865475 0
56 7 7 -0.7071067811865475 0
0 9 9 1. 0
1 9 9 1. 0
4 9 9 -1. 0
5 9 10 -1. 0
5 9 11 -1. 0
5 9 14 1. 0
6 9 15 0.8660254037844386 0
6 9 16 0.8660254037844386 0
7 9 15 0.8660254037844386 0
7 9 16 0.8660254037844386 0
9 10 9 1. 0
9 11 9 1. 0
9 14 9 -1. 0
10 10 10 1. 0
10 11 11 1. 0
10 12 12 1. 0
10 13 13 1. 0
10 14 14 1. 0
11 10 11 1. 0
11 11 10 1. 0
11 12 13 1. 0
11 13 12 1. 0
11 14 14 1. 0
12 10 12 1. 0
12 11 13 1. 0
12 12 10 -1. 0
12 12 14 -1. 0
12 13 11 -1. 0
12 13 14 -1. 0
12 14 12 1. 0
12 14 13 1. 0
13 10 13 1. 0
13 11 12 1. 0
13 12 11 -1. 0
13 12 14 -1. 0
13 13 10 -1. 0
13 13 14 -1. 0
13 14 12 1. 0
13 14 13 1. 0
14 10 14 1. 0
14 11 14 1. 0
14 12 12 1. 0
14 12 13 1. 0
14 13 12 1. 0
14 13 13 1. 0
14 14 10 1. 0
14 14 11 1. 0
14 14 14 1. 0
15 10 15 1. 0
15 11 16 1. 0
15 12 17 0.7071067811865475 0
15 13 17 -0.7071067811865475 0
15 14 15 -0.5 0
15 14 16 -0.5 0
16 10 16 1. 0
16 11 15 1. 0
16 12 17 -0.7071067811865475 0
16 13 17 0.7071067811865475 0
16 14 15 -0.5 0
16 14 16 -0.5 0
17 10 17 1. 0
17 11 17 -1. 0
17 12 15 -0.7071067811865475 0
17 12 16 0.7071067811865475 0
17 13 15 0.7071067811865475 0
17 13 16 -0.7071067811865475 0
42 15 9 -1.224744871391589 0
42 16 9 -1.224744871391589 0
43 15 9 -1.224744871391589 0
43 16 9 -1.224744871391589 0
45 15 10 -1.4142135623730951 0
45 15 14 0.7071067811865475 0
45 16 11 -1.4142135623730951 0
45 16 14 0.7071067811865475 0
45 17 12 -1. 0
45 17 13 1. 0
46 15 11 -1.4142135623730951 0
46 15 14 0.7071067811865475 0
46 16 10 -1.4142135623730951 0
46 16 14 0.7071067811865475 0
46 17 12 1. 0
46 17 13 -1. 0
47 15 12 1. 0
47 15 13 -1. 0
47 16 12 -1. 0
47 16 13 1. 0
47 17 10 -1.4142135623730951 0
47 17 11 1.4142135623730951 0
48 15 15 1. 0
48 16 16 1. 0
48 17 17 1. 0
49 15 16 1. 0
49 16 15 1. 0
49 17 17 -1. 0
50 15 17 -0.8660254037844386 0
50 16 17 0.8660254037844386 0
50 17 15 0.8660254037844386 0
50 17 16 -0.8660254037844386 0
51 15 17 -0.5 0
51 16 17 0.5 0
51 17 15 0.5 0
51 17 16 -0.5 0
52 15 17 0.5 0
52 16 17 -0.5 0
52 17 15 -0.5 0
52 17 16 0.5 0
53 15 17 0.8660254037844386 0
53 16 17 -0.8660254037844386 0
53 17 15 -0.8660254037844386 0
53 17 16 0.8660254037844386 0
54 15 16 1. 0
54 16 15 1. 0
54 17 17 -1. 0
55 15 15 -1. 0
55 16 16 -1. 0
55 17 17 -1. 0
56 15 15 -0.7071067811865475 0
56 15 16 -0.7071067811865475 0
56 16 15 -0.7071067811865475 0
56 16 16 -0.7071067811865475 0
18 18 18 1. 0
18 19 19 1. 0
18 20 20 1. 0
18 21 21 1. 0
18 22 22 1. 0
18 23 23 1. 0
18 24 24 1. 0
18 25 25 1. 0
19 18 19 1. 0
19 19 18 -1. 0
19 20 22 1. 0
19 21 23 1. 0
19 22 20 -1. 0
19 23 21 -1. 0
19 24 25 1. 0
19 25 24 -1. 0
20 18 20 1. 0
20 19 22 1. 0
20 20 18 -0.5773502691896258 0
20 20 24 0.816496580927726 0
20 21 18 0.816496580927726 0
20 21 24 0.5773502691896258 0
20 22 19 -0.5773502691896258 0
20 22 25 0.816496580927726 0
20 23 19 0.816496580927726 0
20 23 25 0.5773502691896258 0
20 24 21 -0.5 0
20 24 23 0.8660254037844386 0
20 25 21 -0.8660254037844386 0
20 25 23 -0.5 0
21 18 21 1. 0
21 19 23 1. 0
21 20 18 0.816496580927726 0
21 20 24 0.5773502691896258 0
21 21 18 0.5773502691896258 0
21 21 24 -0.20412414523193154 0
21 21 25 -1.0606601717798212 0
21 22 19 0.816496580927726 0
21 22 25 0.5773502691896258 0
21 23 19 0.5773502691896258 0
21 23 24 1.0606601717798212 0
21 23 25 -0.20412414523193154 0
21 24 20 1. 0
21 24 21 0.35355339059327373 0
21 24 23 0.6123724356957945 0
21 25 21 -0.6123724356957945 0
21 25 22 1. 0
21 25 23 0.35355339059327373 0
22 18 22 1. 0
22 19 20 -1. 0
22 20 19 -0.5773502691896258 0
22 20 25 0.816496580927726 0
22 21 19 0.816496580927726 0
22 21 25 0.5773502691896258 0
22 22 18 0.5773502691896258 0
22 22 24 -0.816496580927726 0
22 23 18 -0.816496580927726 0
22 23 24 -0.5773502691896258 0
22 24 21 -0.8660254037844386 0
22 24 23 -0.5 0
22 25 21 0.5 0
22 25 23 -0.8660254037844386 0
23 18 23 1. 0
23 19 21 -1. 0
23 20 19 0.816496580927726 0
23 20 25 0.5773502691896258 0
23 21 19 0.5773502691896258 0
23 21 24 1.0606601717798212 0
23 21 25 -0.20412414523193154 0
23 22 18 -0.816496580927726 0
23 22 24 -0.5773502691896258 0
23 23 18 -0.5773502691896258 0
23 23 24 0.20412414523193154 0
23 23 25 1.0606601717798212 0
23 24 21 -0.6123724356957945 0
23 24 22 1. 0
23 24 23 0.35355339059327373 0
23 25 20 -1. 0
23 25 21 -0.35355339059327373 0
23 25 23 -0.6123724356957945 0
24 18 24 1. 0
24 19 25 1. 0
24 20 21 -0.5 0
24 20 23 0.8660254037844386 0
24 21 20 1. 0
24 21 21 0.35355339059327373 0
24 21 23 0.6123724356957945 0
24 22 21 -0.8660254037844386 0
24 22 23 -0.5 0
24 23 21 -0.6123724356957945 0
24 23 22 1. 0
24 23 23 0.35355339059327373 0
24 24 18 -0.5 0
24 24 19 0.8660254037844386 0
24 24 24 0.35355339059327373 0
24 24 25 0.6123724356957945 0
24 25 18 -0.8660254037844386 0
24 25 19 -0.5 0
24 25 24 -0.6123724356957945 0
24 25 25 0.35355339059327373 0
25 18 25 1. 0
25 19 24 -1. 0
25 20 21 -0.8660254037844386 0
25 20 23 -0.5 0
25 21 21 -0.6123724356957945 0
25 21 22 1. 0
25 21 23 0.35355339059327373 0
25 22 21 0.5 0
25 22 23 -0.8660254037844386 0
25 23 20 -1. 0
25 23 21 -0.35355339059327373 0
25 23 23 -0.6123724356957945 0
25 24 18 -0.8660254037844386 0
25 24 19 -0.5 0
25 24 24 -0.6123724356957945 0
25 24 25 0.35355339059327373 0
25 25 18 0.5 0
25 25 19 -0.8660254037844386 0
25 25 24 -0.35355339059327373 0
25 25 25 -0.6123724356957945 0
26 18 26 1. 0
26 19 27 1. 0
26 20 28 1. 0
26 21 28 -0.35355339059327373 0
26 21 29 -0.6123724356957945 0
26 22 29 -1. 0
26 23 28 -0.6123724356957945 0
26 23 29 0.35355339059327373 0
26 24 26 -0.35355339059327373 0
26 24 27 -0.6123724356957945 0
26 25 26 0.6123724356957945 0
26 25 27 -0.35355339059327373 0
27 18 27 1. 0
27 19 26 -1. 0
27 20 29 -1. 0
27 21 28 -0.6123724356957945 0
27 21 29 0.35355339059327373 0
27 22 28 -1. 0
27 23 28 0.35355339059327373 0
27 23 29 0.6123724356957945 0
27 24 26 0.6123724356957945 0
27 24 27 -0.35355339059327373 0
27 25 26 0.35355339059327373 0
27 25 27 0.6123724356957945 0
28 18 28 1. 0
28 19 29 -1. 0
28 20 26 -0.8660254037844386 0
28 20 27 -0.5 0
28 21 26 0.6123724356957945 0
28 21 27 -0.35355339059327373 0
28 22 26 0.5 0
28 22 27 -0.8660254037844386 0
28 23 26 0.35355339059327373 0
28 23 27 0.6123724356957945 0
28 24 28 -0.35355339059327373 0
28 24 29 0.6123724356957945 0
28 25 28 0.6123724356957945 0
28 25 29 0.35355339059327373 0
29 18 29 1. 0
29 19 28 1. 0
29 20 26 -0.5 0
29 20 27 0.8660254037844386 0
29 21 26 -0.35355339059327373 0
29 21 27 -0.6123724356957945 0
29 22 26 -0.8660254037844386 0
29 22 27 -0.5 0
29 23 26 0.6123724356957945 0
29 23 27 -0.35355339059327373 0
29 24 28 -0.6123724356957945 0
29 24 29 -0.35355339059327373 0
29 25 28 -0.35355339059327373 0
29 25 29 0.6123724356957945 0
30 26 18 -1. 0
30 26 24 0.35355339059327373 0
30 26 25 -0.6123724356957945 0
30 27 19 -1. 0
30 27 24 0.6123724356957945 0
30 27 25 0.35355339059327373 0
30 28 20 -1. 0
30 28 21 0.35355339059327373 0
30 28 23 0.6123724356957945 0
30 29 21 0.6123724356957945 0
30 29 22 1. 0
30 29 23 -0.35355339059327373 0
31 26 19 -1. 0
31 26 24 0.6123724356957945 0
31 26 25 0.35355339059327373 0
31 27 18 1. 0
31 27 24 -0.35355339059327373 0
31 27 25 0.6123724356957945 0
31 28 21 -0.6123724356957945 0
31 28 22 -1. 0
31 28 23 0.35355339059327373 0
31 29 20 -1. 0
31 29 21 0.35355339059327373 0
31 29 23 0.6123724356957945 0
32 26 20 -1. 0
32 26 21 0.35355339059327373 0
32 26 23 0.6123724356957945 0
32 27 21 -0.6123724356957945 0
32 27 22 -1. 0
32 27 23 0.35355339059327373 0
32 28 18 0.8660254037844386 0
32 28 19 0.5 0
32 28 24 -0.6123724356957945 0
32 28 25 0.35355339059327373 0
32 29 18 0.5 0
32 29 19 -0.8660254037844386 0
32 29 24 0.35355339059327373 0
32 29 25 0.6123724356957945 0
33 26 21 -0.6123724356957945 0
33 26 22 -1. 0
33 26 23 0.35355339059327373 0
33 27 20 1. 0
33 27 21 -0.35355339059327373 0
33 27 23 -0.6123724356957945 0
33 28 18 -0.5 0
33 28 19 0.8660254037844386 0
33 28 24 -0.35355339059327373 0
33 28 25 -0.6123724356957945 0
33 29 18 0.8660254037844386 0
33 29 19 0.5 0
33 29 24 -0.6123724356957945 0
33 29 25 0.35355339059327373 0
34 26 26 1. 0
34 27 27 1. 0
34 28 28 1. 0
34 29 29 1. 0
35 26 27 1. 0
35 27 26 -1. 0
35 28 29 -1. 0
35 29 28 1. 0
36 26 29 1. 0
36 27 28 1. 0
36 28 26 -0.5 0
36 28 27 0.8660254037844386 0
36 29 26 0.8660254037844386 0
36 29 27 0.5 0
37 26 28 0.6123724356957945 0
37 26 29 -0.35355339059327373 0
37 27 28 -0.35355339059327373 0
37 27 29 -0.6123724356957945 0
37 28 26 -0.35355339059327373 0
37 28 27 -0.6123724356957945 0
37 29 26 -0.6123724356957945 0
37 29 27 0.35355339059327373 0
38 26 28 1. 0
38 27 29 -1. 0
38 28 26 -0.8660254037844386 0
38 28 27 -0.5 0
38 29 26 -0.5 0
38 29 27 0.8660254037844386 0
39 26 28 -0.35355339059327373 0
39 26 29 -0.6123724356957945 0
39 27 28 -0.6123724356957945 0
39 27 29 0.35355339059327373 0
39 28 26 0.6123724356957945 0
39 28 27 -0.35355339059327373 0
39 29 26 -0.35355339059327373 0
39 29 27 -0.6123724356957945 0
40 26 26 0.6123724356957945 0
40 26 27 -0.35355339059327373 0
40 27 26 0.35355339059327373 0
40 27 27 0.6123724356957945 0
40 28 28 0.6123724356957945 0
40 28 29 0.35355339059327373 0
40 29 28 -0.35355339059327373 0
40 29 29 0.6123724356957945 0
41 26 26 -0.35355339059327373 0
41 26 27 -0.6123724356957945 0
41 27 26 0.6123724356957945 0
41 27 27 -0.35355339059327373 0
41 28 28 -0.35355339059327373 0
41 28 29 0.6123724356957945 0
41 29 28 -0.6123724356957945 0
41 29 29 -0.35355339059327373 0
18 30 30 1. 0
18 31 31 1. 0
18 32 32 1. 0
18 33 33 1. 0
19 30 31 1. 0
19 31 30 -1. 0
19 32 33 1. 0
19 33 32 -1. 0
20 30 32 1. 0
20 31 33 1. 0
20 32 30 -0.8660254037844386 0
20 32 31 -0.5 0
20 33 30 0.5 0
20 33 31 -0.8660254037844386 0
21 30 32 -0.35355339059327373 0
21 30 33 0.6123724356957945 0
21 31 32 -0.6123724356957945 0
21 31 33 -0.35355339059327373 0
21 32 30 0.6123724356957945 0
21 32 31 -0.35355339059327373 0
21 33 30 0.35355339059327373 0
21 33 31 0.6123724356957945 0
22 30 33 1. 0
22 31 32 -1. 0
22 32 30 0.5 0
22 32 31 -0.8660254037844386 0
22 33 30 0.8660254037844386 0
22 33 31 0.5 0
23 30 32 -0.6123724356957945 0
23 30 33 -0.35355339059327373 0
23 31 32 0.35355339059327373 0
23 31 33 -0.6123724356957945 0
23 32 30 0.35355339059327373 0
23 32 31 0.6123724356957945 0
23 33 30 -0.6123724356957945 0
23 33 31 0.35355339059327373 0
24 30 30 -0.35355339059327373 0
24 30 31 -0.6123724356957945 0
24 31 30 0.6123724356957945 0
24 31 31 -0.35355339059327373 0
24 32 32 -0.35355339059327373 0
24 32 33 -0.6123724356957945 0
24 33 32 0.6123724356957945 0
24 33 33 -0.35355339059327373 0
25 30 30 0.6123724356957945 0
25 30 31 -0.35355339059327373 0
25 31 30 0.35355339059327373 0
25 31 31 0.6123724356957945 0
25 32 32 0.6123724356957945 0
25 32 33 -0.35355339059327373 0
25 33 32 0.35355339059327373 0
25 33 33 0.6123724356957945 0
26 30 34 -1. 0
26 30 40 -0.6123724356957945 0
26 30 41 0.35355339059327373 0
26 31 35 -1. 0
26 31 40 0.35355339059327373 0
26 31 41 0.6123724356957945 0
26 32 37 -0.6123724356957945 0
26 32 38 -1. 0
26 32 39 0.35355339059327373 0
26 33 36 1. 0
26 33 37 -0.35355339059327373 0
26 33 39 -0.6123724356957945 0
27 30 35 -1. 0
27 30 40 0.35355339059327373 0
27 30 41 0.6123724356957945 0
27 31 34 1. 0
27 31 40 0.6123724356957945 0
27 31 41 -0.35355339059327373 0
27 32 36 1. 0
27 32 37 -0.35355339059327373 0
27 32 39 -0.6123724356957945 0
27 33 37 0.6123724356957945 0
27 33 38 1. 0
27 33 39 -0.35355339059327373 0
28 30 37 -0.6123724356957945 0
28 30 38 -1. 0
28 30 39 0.35355339059327373 0
28 31 36 1. 0
28 31 37 -0.35355339059327373 0
28 31 39 -0.6123724356957945 0
28 32 34 0.8660254037844386 0
28 32 35 0.5 0
28 32 40 0.35355339059327373 0
28 32 41 -0.6123724356957945 0
28 33 34 -0.5 0
28 33 35 0.8660254037844386 0
28 33 40 -0.6123724356957945 0
28 33 41 -0.35355339059327373 0
29 30 36 -1. 0
29 30 37 0.35355339059327373 0
29 30 39 0.6123724356957945 0
29 31 37 -0.6123724356957945 0
29 31 38 -1. 0
29 31 39 0.35355339059327373 0
29 32 34 0.5 0
29 32 35 -0.8660254037844386 0
29 32 40 0.6123724356957945 0
29 32 41 0.35355339059327373 0
29 33 34 0.8660254037844386 0
29 33 35 0.5 0
29 33 40 0.35355339059327373 0
29 33 41 -0.6123724356957945 0
30 34 30 1. 0
30 35 31 1. 0
30 36 33 -1. 0
30 37 32 0.6123724356957945 0
30 37 33 0.35355339059327373 0
30 38 32 1. 0
30 39 32 -0.35355339059327373 0
30 39 33 0.6123724356957945 0
30 40 30 0.6123724356957945 0
30 40 31 -0.35355339059327373 0
30 41 30 -0.35355339059327373 0
30 41 31 -0.6123724356957945 0
31 34 31 1. 0
31 35 30 -1. 0
31 36 32 1. 0
31 37 32 -0.35355339059327373 0
31 37 33 0.6123724356957945 0
31 38 33 1. 0
31 39 32 -0.6123724356957945 0
31 39 33 -0.35355339059327373 0
31 40 30 0.35355339059327373 0
31 40 31 0.6123724356957945 0
31 41 30 0.6123724356957945 0
31 41 31 -0.35355339059327373 0
32 34 32 1. 0
32 35 33 1. 0
32 36 30 -0.5 0
32 36 31 0.8660254037844386 0
32 37 30 -0.35355339059327373 0
32 37 31 -0.6123724356957945 0
32 38 30 -0.8660254037844386 0
32 38 31 -0.5 0
32 39 30 0.6123724356957945 0
32 39 31 -0.35355339059327373 0
32 40 32 0.6123724356957945 0
32 40 33 -0.35355339059327373 0
32 41 32 -0.35355339059327373 0
32 41 33 -0.6123724356957945 0
33 34 33 1. 0
33 35 32 -1. 0
33 36 30 -0.8660254037844386 0
33 36 31 -0.5 0
33 37 30 0.6123724356957945 0
33 37 31 -0.35355339059327373 0
33 38 30 0.5 0
33 38 31 -0.8660254037844386 0
33 39 30 0.35355339059327373 0
33 39 31 0.6123724356957945 0
33 40 32 0.35355339059327373 0
33 40 33 0.6123724356957945 0
33 41 32 0.6123724356957945 0
33 41 33 -0.35355339059327373 0
34 34 34 1. 0
34 35 35 1. 0
34 36 36 1. 0
34 37 37 1. 0
34 38 38 1. 0
34 39 39 1. 0
34 40 40 1. 0
34 41 41 1. 0
35 34 35 1. 0
35 35 34 -1. 0
35 36 38 1. 0
35 37 39 1. 0
35 38 36 -1. 0
35 39 37 -1. 0
35 40 41 -1. 0
35 41 40 1. 0
36 34 36 1. 0
36 35 38 1. 0
36 36 34 0.5773502691896258 0
36 36 41 -0.816496580927726 0
36 37 34 -0.816496580927726 0
36 37 41 -0.5773502691896258 0
36 38 35 0.5773502691896258 0
36 38 40 -0.816496580927726 0
36 39 35 -0.816496580927726 0
36 39 40 -0.5773502691896258 0
36 40 37 -0.8660254037844386 0
36 40 39 -0.5 0
36 41 37 -0.5 0
36 41 39 0.8660254037844386 0
37 34 37 1. 0
37 35 39 1. 0
37 36 34 -0.816496580927726 0
37 36 41 -0.5773502691896258 0
37 37 34 -0.5773502691896258 0
37 37 40 1.0606601717798212 0
37 37 41 0.20412414523193154 0
37 38 35 -0.816496580927726 0
37 38 40 -0.5773502691896258 0
37 39 35 -0.5773502691896258 0
37 39 40 0.20412414523193154 0
37 39 41 -1.0606601717798212 0
37 40 37 -0.6123724356957945 0
37 40 38 1. 0
37 40 39 0.35355339059327373 0
37 41 36 1. 0
37 41 37 0.35355339059327373 0
37 41 39 0.6123724356957945 0
38 34 38 1. 0
38 35 36 -1. 0
38 36 35 0.5773502691896258 0
38 36 40 -0.816496580927726 0
38 37 35 -0.816496580927726 0
38 37 40 -0.5773502691896258 0
38 38 34 -0.5773502691896258 0
38 38 41 0.816496580927726 0
38 39 34 0.816496580927726 0
38 39 41 0.5773502691896258 0
38 40 37 0.5 0
38 40 39 -0.8660254037844386 0
38 41 37 -0.8660254037844386 0
38 41 39 -0.5 0
39 34 39 1. 0
39 35 37 -1. 0
39 36 35 -0.816496580927726 0
39 36 40 -0.5773502691896258 0
39 37 35 -0.5773502691896258 0
39 37 40 0.20412414523193154 0
39 37 41 -1.0606601717798212 0
39 38 34 0.816496580927726 0
39 38 41 0.5773502691896258 0
39 39 34 0.5773502691896258 0
39 39 40 -1.0606601717798212 0
39 39 41 -0.20412414523193154 0
39 40 36 -1. 0
39 40 37 -0.35355339059327373 0
39 40 39 -0.6123724356957945 0
39 41 37 -0.6123724356957945 0
39 41 38 1. 0
39 41 39 0.35355339059327373 0
40 34 40 1. 0
40 35 41 -1. 0
40 36 37 -0.8660254037844386 0
40 36 39 -0.5 0
40 37 37 -0.6123724356957945 0
40 37 38 1. 0
40 37 39 0.35355339059327373 0
40 38 37 0.5 0
40 38 39 -0.8660254037844386 0
40 39 36 -1. 0
40 39 37 -0.35355339059327373 0
40 39 39 -0.6123724356957945 0
40 40 34 0.5 0
40 40 35 -0.8660254037844386 0
40 40 40 -0.6123724356957945 0
40 40 41 -0.35355339059327373 0
40 41 34 -0.8660254037844386 0
40 41 35 -0.5 0
40 41 40 0.35355339059327373 0
40 41 41 -0.6123724356957945 0
41 34 41 1. 0
41 35 40 1. 0
41 36 37 -0.5 0
41 36 39 0.8660254037844386 0
41 37 36 1. 0
41 37 37 0.35355339059327373 0
41 37 39 0.6123724356957945 0
41 38 37 -0.8660254037844386 0
41 38 39 -0.5 0
41 39 37 -0.6123724356957945 0
41 39 38 1. 0
41 39 39 0.35355339059327373 0
41 40 34 -0.8660254037844386 0
41 40 35 -0.5 0
41 40 40 0.35355339059327373 0
41 40 41 -0.6123724356957945 0
41 41 34 -0.5 0
41 41 35 0.8660254037844386 0
41 41 40 0.6123724356957945 0
41 41 41 0.35355339059327373 0
0 42 42 1. 0
0 43 43 1. 0
0 44 44 1. 0
1 42 43 1. 0
1 43 42 1. 0
1 44 44 -1. 0
2 42 44 0.7071067811865475 0
2 43 44 -0.7071067811865475 0
2 44 42 0.7071067811865475 0
2 44 43 -0.7071067811865475 0
3 42 44 -0.7071067811865475 0
3 43 44 0.7071067811865475 0
3 44 42 -0.7071067811865475 0
3 44 43 0.7071067811865475 0
4 42 42 -0.5 0
4 42 43 -0.5 0
4 43 42 -0.5 0
4 43 43 -0.5 0
5 42 45 -0.8660254037844386 0
5 42 46 -0.8660254037844386 0
5 43 45 -0.8660254037844386 0
5 43 46 -0.8660254037844386 0
6 42 48 -0.7071067811865475 0
6 42 54 -0.7071067811865475 0
6 42 56 0.5 0
6 43 49 -0.7071067811865475 0
6 43 55 0.7071067811865475 0
6 43 56 0.5 0
6 44 50 -0.35355339059327373 0
6 44 51 0.6123724356957945 0
6 44 52 -0.6123724356957945 0
6 44 53 0.35355339059327373 0
7 42 49 -0.7071067811865475 0
7 42 55 0.7071067811865475 0
7 42 56 0.5 0
7 43 48 -0.7071067811865475 0
7 43 54 -0.7071067811865475 0
7 43 56 0.5 0
7 44 50 0.35355339059327373 0
7 44 51 -0.6123724356957945 0
7 44 52 0.6123724356957945 0
7 44 53 -0.35355339059327373 0
8 42 50 -0.35355339059327373 0
8 42 51 0.6123724356957945 0
8 42 52 -0.6123724356957945 0
8 42 53 0.35355339059327373 0
8 43 50 0.35355339059327373 0
8 43 51 -0.6123724356957945 0
8 43 52 0.6123724356957945 0
8 43 53 -0.35355339059327373 0
8 44 48 -0.7071067811865475 0
8 44 49 0.7071067811865475 0
8 44 54 -0.7071067811865475 0
8 44 55 -0.7071067811865475 0
9 45 42 0.8660254037844386 0
9 45 43 0.8660254037844386 0
9 46 42 0.8660254037844386 0
9 46 43 0.8660254037844386 0
10 45 45 1. 0
10 46 46 1. 0
10 47 47 1. 0
11 45 46 1. 0
11 46 45 1. 0
11 47 47 -1. 0
12 45 47 -0.7071067811865475 0
12 46 47 0.7071067811865475 0
12 47 45 0.7071067811865475 0
12 47 46 -0.7071067811865475 0
13 45 47 0.7071067811865475 0
13 46 47 -0.7071067811865475 0
13 47 45 -0.7071067811865475 0
13 47 46 0.7071067811865475 0
14 45 45 -0.5 0
14 45 46 -0.5 0
14 46 45 -0.5 0
14 46 46 -0.5 0
15 45 48 -0.7071067811865475 0
15 45 55 0.7071067811865475 0
15 45 56 0.5 0
15 46 49 -0.7071067811865475 0
15 46 54 -0.7071067811865475 0
15 46 56 0.5 0
15 47 50 -0.6123724356957945 0
15 47 51 -0.35355339059327373 0
15 47 52 0.35355339059327373 0
15 47 53 0.6123724356957945 0
16 45 49 -0.7071067811865475 0
16 45 54 -0.7071067811865475 0
16 45 56 0.5 0
16 46 48 -0.7071067811865475 0
16 46 55 0.7071067811865475 0
16 46 56 0.5 0
16 47 50 0.6123724356957945 0
16 47 51 0.35355339059327373 0
16 47 52 -0.35355339059327373 0
16 47 53 -0.6123724356957945 0
17 45 50 0.6123724356957945 0
17 45 51 0.35355339059327373 0
17 45 52 -0.35355339059327373 0
17 45 53 -0.6123724356957945 0
17 46 50 -0.6123724356957945 0
17 46 51 -0.35355339059327373 0
17 46 52 0.35355339059327373 0
17 46 53 0.6123724356957945 0
17 47 48 -0.7071067811865475 0
17 47 49 0.7071067811865475 0
17 47 54 0.7071067811865475 0
17 47 55 0.7071067811865475 0
42 48 42 1. 0
42 49 43 1. 0
42 50 44 0.5 0
42 51 44 -0.8660254037844386 0
42 52 44 0.8660254037844386 0
42 53 44 -0.5 0
42 54 42 1. 0
42 55 43 -1. 0
42 56 42 -0.7071067811865475 0
42 56 43 -0.7071067811865475 0
43 48 43 1. 0
43 49 42 1. 0
43 50 44 -0.5 0
43 51 44 0.8660254037844386 0
43 52 44 -0.8660254037844386 0
43 53 44 0.5 0
43 54 43 1. 0
43 55 42 -1. 0
43 56 42 -0.7071067811865475 0
43 56 43 -0.7071067811865475 0
44 48 44 1. 0
44 49 44 -1. 0
44 50 42 0.5 0
44 50 43 -0.5 0
44 51 42 -0.8660254037844386 0
44 51 43 0.8660254037844386 0
44 52 42 0.8660254037844386 0
44 52 43 -0.8660254037844386 0
44 53 42 -0.5 0
44 53 43 0.5 0
44 54 44 1. 0
44 55 44 1. 0
45 48 45 1. 0
45 49 46 1. 0
45 50 47 0.8660254037844386 0
45 51 47 0.5 0
45 52 47 -0.5 0
45 53 47 -0.8660254037844386 0
45 54 46 1. 0
45 55 45 -1. 0
45 56 45 -0.7071067811865475 0
45 56 46 -0.7071067811865475 0
46 48 46 1. 0
46 49 45 1. 0
46 50 47 -0.8660254037844386 0
46 51 47 -0.5 0
46 52 47 0.5 0
46 53 47 0.8660254037844386 0
46 54 45 1. 0
46 55 46 -1. 0
46 56 45 -0.7071067811865475 0
46 56 46 -0.7071067811865475 0
47 48 47 1. 0
47 49 47 -1. 0
47 50 45 -0.8660254037844386 0
47 50 46 0.8660254037844386 0
47 51 45 -0.5 0
47 51 46 0.5 0
47 52 45 0.5 0
47 52 46 -0.5 0
47 53 45 0.8660254037844386 0
47 53 46 -0.8660254037844386 0
47 54 47 -1. 0
47 55 47 -1. 0
48 48 48 1. 0
48 49 49 1. 0
48 50 50 1. 0
48 51 51 1. 0
48 52 52 1. 0
48 53 53 1. 0
48 54 54 1. 0
48 55 55 1. 0
48 56 56 1. 0
49 48 49 1. 0
49 49 48 1. 0
49 50 53 1. 0
49 51 52 1. 0
49 52 51 1. 0
49 53 50 1. 0
49 54 55 -1. 0
49 55 54 -1. 0
49 56 56 1. 0
50 48 50 1. 0
50 49 53 1. 0
50 50 48 -0.5 0
50 50 54 1. 0
50 50 56 0.35355339059327373 0
50 51 48 -0.8660254037844386 0
50 51 56 -0.6123724356957945 0
50 52 49 -0.8660254037844386 0
50 52 56 -0.6123724356957945 0
50 53 49 -0.5 0
50 53 55 -1. 0
50 53 56 0.35355339059327373 0
50 54 50 -0.5 0
50 54 52 0.8660254037844386 0
50 55 51 -0.8660254037844386 0
50 55 53 0.5 0
50 56 50 0.35355339059327373 0
50 56 51 0.6123724356957945 0
50 56 52 0.6123724356957945 0
50 56 53 0.35355339059327373 0
51 48 51 1. 0
51 49 52 1. 0
51 50 48 -0.8660254037844386 0
51 50 56 -0.6123724356957945 0
51 51 48 0.5 0
51 51 55 1. 0
51 51 56 -0.35355339059327373 0
51 52 49 0.5 0
51 52 54 -1. 0
51 52 56 -0.35355339059327373 0
51 53 49 -0.8660254037844386 0
51 53 56 -0.6123724356957945 0
51 54 50 -0.8660254037844386 0
51 54 52 -0.5 0
51 55 51 0.5 0
51 55 53 0.8660254037844386 0
51 56 50 -0.6123724356957945 0
51 56 51 0.35355339059327373 0
51 56 52 0.35355339059327373 0
51 56 53 -0.6123724356957945 0
52 48 52 1. 0
52 49 51 1. 0
52 50 49 -0.8660254037844386 0
52 50 56 -0.6123724356957945 0
52 51 49 0.5 0
52 51 54 -1. 0
52 51 56 -0.35355339059327373 0
52 52 48 0.5 0
52 52 55 1. 0
52 52 56 -0.35355339059327373 0
52 53 48 -0.8660254037844386 0
52 53 56 -0.6123724356957945 0
52 54 51 -0.5 0
52 54 53 -0.8660254037844386 0
52 55 50 0.8660254037844386 0
52 55 52 0.5 0
52 56 50 -0.6123724356957945 0
52 56 51 0.35355339059327373 0
52 56 52 0.35355339059327373 0
52 56 53 -0.6123724356957945 0
53 48 53 1. 0
53 49 50 1. 0
53 50 49 -0.5 0
53 50 55 -1. 0
53 50 56 0.35355339059327373 0
53 51 49 -0.8660254037844386 0
53 51 56 -0.6123724356957945 0
53 52 48 -0.8660254037844386 0
53 52 56 -0.6123724356957945 0
53 53 48 -0.5 0
53 53 54 1. 0
53 53 56 0.35355339059327373 0
53 54 51 0.8660254037844386 0
53 54 53 -0.5 0
53 55 50 0.5 0
53 55 52 -0.8660254037844386 0
53 56 50 0.35355339059327373 0
53 56 51 0.6123724356957945 0
53 56 52 0.6123724356957945 0
53 56 53 0.35355339059327373 0
54 48 54 1. 0
54 49 55 -1. 0
54 50 50 -0.5 0
54 50 52 0.8660254037844386 0
54 51 50 -0.8660254037844386 0
54 51 52 -0.5 0
54 52 51 -0.5 0
54 52 53 -0.8660254037844386 0
54 53 51 0.8660254037844386 0
54 53 53 -0.5 0
54 54 48 0.5 0
54 54 49 -0.5 0
54 54 56 -0.7071067811865475 0
54 55 48 0.5 0
54 55 49 -0.5 0
54 55 56 0.7071067811865475 0
54 56 48 -0.7071067811865475 0
54 56 49 -0.7071067811865475 0
55 48 55 1. 0
55 49 54 -1. 0
55 50 51 -0.8660254037844386 0
55 50 53 0.5 0
55 51 51 0.5 0
55 51 53 0.8660254037844386 0
55 52 50 0.8660254037844386 0
55 52 52 0.5 0
55 53 50 0.5 0
55 53 52 -0.8660254037844386 0
55 54 48 0.5 0
55 54 49 -0.5 0
55 54 56 0.7071067811865475 0
55 55 48 0.5 0
55 55 49 -0.5 0
55 55 56 -0.7071067811865475 0
55 56 48 0.7071067811865475 0
55 56 49 0.7071067811865475 0
56 48 56 1. 0
56 49 56 1. 0
56 50 50 0.35355339059327373 0
56 50 51 0.6123724356957945 0
56 50 52 0.6123724356957945 0
56 50 53 0.35355339059327373 0
56 51 50 -0.6123724356957945 0
56 51 51 0.35355339059327373 0
56 51 52 0.35355339059327373 0
56 51 53 -0.6123724356957945 0
56 52 50 -0.6123724356957945 0
56 52 51 0.35355339059327373 0
56 52 52 0.35355339059327373 0
56 52 53 -0.6123724356957945 0
56 53 50 0.35355339059327373 0
56 53 51 0.6123724356957945 0
56 53 52 0.6123724356957945 0
56 53 53 0.35355339059327373 0
56 54 48 -0.7071067811865475 0
56 54 49 -0.7071067811865475 0
56 55 48 0.7071067811865475 0
56 55 49 0.7071067811865475 0
56 56 54 1. 0
56 56 55 -1. 0