1 0 0 0 0 0 0 0 0 0 0 0 0 0 1 0 0 0 0 0 0 0 0 0 1 0 0 0 0 0 0 0 0 0 0 0 0 0 0 0 0 1 0 0 0 0 0 0 0 0 0 0 0 0 0 0 0 0 1 0 0 0 0 0 0 0 0
0 0 0 1. 0
0 1 1 1. 0
0 2 2 1. 0
0 3 3 1. 0
0 4 4 1. 0
1 0 1 1. 0
1 1 0 1. 0
1 2 2 1. 0
1 3 3 1. 0
1 4 4 1. 0
2 0 2 1. 0
2 1 2 1. 0
2 2 0 1. 0
2 2 1 1. 0
2 2 4 1. 0
2 3 3 1. 0
2 3 4 1. 0
2 4 2 1. 0
2 4 3 1. 0
3 0 3 1. 0
3 1 3 1. 0
3 2 3 1. 0
3 2 4 1. 0
3 3 0 1. 0
3 3 1 1. 0
3 3 2 1. 0
3 4 2 1. 0
3 4 4 1. 0
4 0 4 1. 0
4 1 4 1. 0
4 2 2 1. 0
4 2 3 1. 0
4 3 2 1. 0
4 3 4 1. 0
4 4 0 1. 0
4 4 1 1. 0
4 4 3 1. 0
5 0 5 1. 0
5 1 5 1. 0
5 2 7 1. 0
5 3 6 1. 0
5 3 7 -1. 0
5 4 5 -1. 0
5 4 6 -1. 0
6 0 6 1. 0
6 1 6 1. 0
6 2 6 -1. 0
6 2 7 -1. 0
6 3 5 1. 0
6 4 5 -1. 0
6 4 7 1. 0
7 0 7 1. 0
7 1 7 1. 0
7 2 5 1. 0
7 2 6 -1. 0
7 3 5 -1. 0
7 3 7 -1. 0
7 4 6 1. 0
8 0 8 1. 0
8 1 8 -1. 0
9 0 9 1. 0
9 1 9 -1. 0
10 0 10 1. 0
10 1 10 -1. 0
11 5 0 1. 0
11 5 1 1. 0
11 5 4 -1. 0
11 6 3 1. 0
11 6 4 -1. 0
11 7 2 1. 0
11 7 3 -1. 0
12 5 3 -1. 0
12 5 4 1. 0
12 6 0 -1. 0
12 6 1 -1. 0
12 6 2 1. 0
12 7 2 1. 0
12 7 4 -1. 0
13 5 2 1. 0
13 5 3 -1. 0
13 6 2 -1. 0
13 6 4 1. 0
13 7 0 1. 0
13 7 1 1. 0
13 7 3 -1. 0
14 5 5 1. 0
14 6 6 1. 0
14 7 7 1. 0
15 5 5 1. 0
15 6 6 1. 0
15 7 7 1. 0
16 5 7 -1. 0
16 6 6 1. 0
16 6 7 1. 0
16 7 5 -1. 0
16 7 6 1. 0
17 5 6 1. 0
17 5 7 -1. 0
17 6 5 1. 0
17 7 5 -1. 0
17 7 7 -1. 0
18 5 5 1. 0
18 5 6 1. 0
18 6 5 1. 0
18 6 7 -1. 0
18 7 6 -1. 0
22 8 0 0.31469212271294755 1.378756275743621
22 8 1 -0.31469212271294755 -1.378756275743621
24 8 8 1. 0
25 8 8 1. 0
26 8 8 1. 0
27 8 8 1. 0
33 8 9 -0.8817477337899349 -1.1056766859965506
34 8 9 0.8817477337899349 1.1056766859965506
35 8 10 -1.4142135623730951 0
36 8 10 -0.31469212271294755 -1.378756275743621
37 9 0 1.4142135623730951 0
37 9 1 -1.4142135623730951 0
39 9 8 0.8817477337899349 -1.1056766859965506
40 9 8 -0.8817477337899349 1.1056766859965506
41 9 9 1. 0
42 9 9 -1. 0
45 9 9 1. 0
46 9 9 1. 0
50 9 10 -1.2741623922635346 0.6136042683532007
51 9 10 -0.31469212271294755 -1.378756275743621
52 10 0 -1.4142135623730951 0
52 10 1 1.4142135623730951 0
54 10 8 -1.2741623922635346 -0.6136042683532007
55 10 8 1.2741623922635346 -0.6136042683532007
56 10 9 1.4142135623730951 0
57 10 9 1.4142135623730951 0
58 10 10 1. 0
59 10 10 1. 0
64 10 10 1. 0
65 10 10 1. 0
0 11 11 1. 0
0 12 12 1. 0
0 13 13 1. 0
1 11 11 1. 0
1 12 12 1. 0
1 13 13 1. 0
2 11 13 1. 0
2 12 12 -1. 0
2 12 13 1. 0
2 13 11 1. 0
2 13 12 1. 0
3 11 12 -1. 0
3 11 13 -1. 0
3 12 11 -1. 0
3 13 11 -1. 0
3 13 13 -1. 0
4 11 11 -1. 0
4 11 12 1. 0
4 12 11 1. 0
4 12 13 -1. 0
4 13 12 -1. 0
5 11 14 1. 0
5 11 15 1. 0
5 11 18 1. 0
5 12 17 -1. 0
5 12 18 -1. 0
5 13 16 -1. 0
5 13 17 -1. 0
6 11 17 1. 0
6 11 18 1. 0
6 12 14 -1. 0
6 12 15 -1. 0
6 12 16 -1. 0
6 13 16 1. 0
6 13 18 -1. 0
7 11 16 -1. 0
7 11 17 -1. 0
7 12 16 -1. 0
7 12 18 1. 0
7 13 14 1. 0
7 13 15 1. 0
7 13 17 -1. 0
11 14 11 1. 0
11 15 11 1. 0
11 16 13 -1. 0
11 17 12 -1. 0
11 17 13 -1. 0
11 18 11 1. 0
11 18 12 -1. 0
12 14 12 1. 0
12 15 12 1. 0
12 16 12 1. 0
12 16 13 -1. 0
12 17 11 -1. 0
12 18 11 -1. 0
12 18 13 1. 0
13 14 13 1. 0
13 15 13 1. 0
13 16 11 -1. 0
13 16 12 -1. 0
13 17 11 -1. 0
13 17 13 -1. 0
13 18 12 1. 0
14 14 14 1. 0
14 15 15 1. 0
14 16 16 1. 0
14 17 17 1. 0
14 18 18 1. 0
15 14 15 1. 0
15 15 14 1. 0
15 16 16 1. 0
15 17 17 1. 0
15 18 18 1. 0
16 14 16 1. 0
16 15 16 1. 0
16 16 14 1. 0
16 16 15 1. 0
16 16 18 -1. 0
16 17 17 -1. 0
16 17 18 1. 0
16 18 16 -1. 0
16 18 17 1. 0
17 14 17 1. 0
17 15 17 1. 0
17 16 17 -1. 0
17 16 18 1. 0
17 17 14 1. 0
17 17 15 1. 0
17 17 16 -1. 0
17 18 16 1. 0
17 18 18 1. 0
18 14 18 1. 0
18 15 18 1. 0
18 16 16 -1. 0
18 16 17 1. 0
18 17 16 1. 0
18 17 18 1. 0
18 18 14 1. 0
18 18 15 1. 0
18 18 17 1. 0
19 14 19 1. 0
19 15 19 -1. 0
20 14 20 1. 0
20 15 20 -1. 0
21 14 21 1. 0
21 15 21 -1. 0
23 19 14 0.31469212271294755 1.378756275743621
23 19 15 -0.31469212271294755 -1.378756275743621
24 19 19 1. 0
25 19 19 1. 0
26 19 19 -1. 0
27 19 19 -1. 0
33 19 20 -0.8817477337899349 -1.1056766859965506
34 19 20 -0.8817477337899349 -1.1056766859965506
35 19 21 1.4142135623730951 0
36 19 21 -0.31469212271294755 -1.378756275743621
38 20 14 -1.4142135623730951 0
38 20 15 1.4142135623730951 0
39 20 19 0.8817477337899349 -1.1056766859965506
40 20 19 0.8817477337899349 -1.1056766859965506
41 20 20 1. 0
42 20 20 -1. 0
45 20 20 -1. 0
46 20 20 -1. 0
50 20 21 -1.2741623922635346 0.6136042683532007
51 20 21 0.31469212271294755 1.378756275743621
53 21 14 1.4142135623730951 0
53 21 15 -1.4142135623730951 0
54 21 19 1.2741623922635346 0.6136042683532007
55 21 19 1.2741623922635346 -0.6136042683532007
56 21 20 1.4142135623730951 0
57 21 20 -1.4142135623730951 0
58 21 21 1. 0
59 21 21 1. 0
64 21 21 -1. 0
65 21 21 -1. 0
0 22 22 1. 0
1 22 22 -1. 0
8 22 24 0.15734606135647375 0.6893781378718103
8 22 25 0.15734606135647375 0.6893781378718103
8 22 26 0.15734606135647375 0.6893781378718103
8 22 27 0.15734606135647375 0.6893781378718103
9 22 33 -0.900968867902419 -0.43388373911755823
9 22 34 0.900968867902419 0.43388373911755823
10 22 35 -0.22252093395631434 -0.9749279121818236
10 22 36 -1. 0
14 23 23 1. 0
15 23 23 -1. 0
19 23 24 0.15734606135647375 0.6893781378718103
19 23 25 0.15734606135647375 0.6893781378718103
19 23 26 -0.15734606135647375 -0.6893781378718103
19 23 27 -0.15734606135647375 -0.6893781378718103
20 23 33 -0.900968867902419 -0.43388373911755823
20 23 34 -0.900968867902419 -0.43388373911755823
21 23 35 0.22252093395631434 0.9749279121818236
21 23 36 -1. 0
22 24 22 1. 0
22 25 22 1. 0
22 26 22 1. 0
22 27 22 1. 0
23 24 23 1. 0
23 25 23 1. 0
23 26 23 -1. 0
23 27 23 -1. 0
24 24 24 1. 0
24 25 25 1. 0
24 26 26 1. 0
24 27 27 1. 0
24 28 28 1. 0
24 29 29 1. 0
24 30 30 1. 0
24 31 31 1. 0
24 32 32 1. 0
25 24 25 1. 0
25 25 24 1. 0
25 26 27 1. 0
25 27 26 1. 0
25 28 28 -1. 0
25 29 29 -1. 0
25 30 30 -1. 0
25 31 31 -1. 0
25 32 32 -1. 0
26 24 26 1. 0
26 25 27 1. 0
26 26 24 0.5 0
26 26 25 0.5 0
26 26 31 0.7071067811865475 0
26 27 24 0.5 0
26 27 25 0.5 0
26 27 31 -0.7071067811865475 0
26 28 24 0.7071067811865475 0
26 28 25 -0.7071067811865475 0
26 29 32 1. 0
26 30 29 -1. 0
26 31 30 -0.900968867902419 -0.43388373911755823
26 32 28 -1. 0
27 24 27 1. 0
27 25 26 1. 0
27 26 24 0.5 0
27 26 25 0.5 0
27 26 31 -0.7071067811865475 0
27 27 24 0.5 0
27 27 25 0.5 0
27 27 31 0.7071067811865475 0
27 28 24 -0.7071067811865475 0
27 28 25 0.7071067811865475 0
27 29 32 -1. 0
27 30 29 1. 0
27 31 30 0.900968867902419 0.43388373911755823
27 32 28 1. 0
28 24 28 1. 0
28 25 28 -1. 0
28 26 24 0.7071067811865475 0
28 26 25 -0.7071067811865475 0
28 27 24 -0.7071067811865475 0
28 27 25 0.7071067811865475 0
28 28 32 -1.4142135623730951 0
28 29 30 -1.4142135623730951 0
28 30 31 -1.2741623922635346 0.6136042683532007
28 31 26 1. 0
28 31 27 -1. 0
28 32 29 1.4142135623730951 0
29 24 29 1. 0
29 25 29 -1. 0
29 26 32 1. 0
29 27 32 -1. 0
29 28 30 -1.4142135623730951 0
29 29 26 -0.900968867902419 0.43388373911755823
29 29 27 0.900968867902419 -0.43388373911755823
29 30 24 0.900968867902419 -0.43388373911755823
29 30 25 -0.900968867902419 0.43388373911755823
29 31 28 -1.4142135623730951 0
29 32 31 -1.2741623922635346 0.6136042683532007
30 24 30 1. 0
30 25 30 -1. 0
30 26 29 -1. 0
30 27 29 1. 0
30 28 31 -1.2741623922635346 0.6136042683532007
30 29 24 0.900968867902419 -0.43388373911755823
30 29 25 -0.900968867902419 0.43388373911755823
30 30 28 -1.2741623922635346 0.6136042683532007
30 31 32 -1.4142135623730951 0
30 32 26 0.900968867902419 -0.43388373911755823
30 32 27 -0.900968867902419 0.43388373911755823
31 24 31 1. 0
31 25 31 -1. 0
31 26 30 -0.900968867902419 -0.43388373911755823
31 27 30 0.900968867902419 0.43388373911755823
31 28 26 1. 0
31 28 27 -1. 0
31 29 28 -1.4142135623730951 0
31 30 32 -1.4142135623730951 0
31 31 29 1.2741623922635346 0.6136042683532007
31 32 24 -1. 0
31 32 25 1. 0
32 24 32 1. 0
32 25 32 -1. 0
32 26 28 -1. 0
32 27 28 1. 0
32 28 29 1.4142135623730951 0
32 29 31 -1.2741623922635346 0.6136042683532007
32 30 26 0.900968867902419 -0.43388373911755823
32 30 27 -0.900968867902419 0.43388373911755823
32 31 24 -1. 0
32 31 25 1. 0
32 32 30 1.4142135623730951 0
33 24 33 1. 0
33 25 33 1. 0
33 26 34 -1. 0
33 27 34 -1. 0
34 24 34 1. 0
34 25 34 1. 0
34 26 33 -1. 0
34 27 33 -1. 0
35 24 35 1. 0
35 25 35 1. 0
35 26 36 0.22252093395631434 -0.9749279121818236
35 27 36 0.22252093395631434 -0.9749279121818236
36 24 36 1. 0
36 25 36 1. 0
36 26 35 0.22252093395631434 0.9749279121818236
36 27 35 0.22252093395631434 0.9749279121818236
37 33 22 -1.2741623922635346 0.6136042683532007
37 34 22 1.2741623922635346 -0.6136042683532007
38 33 23 1.2741623922635346 -0.6136042683532007
38 34 23 1.2741623922635346 -0.6136042683532007
39 33 24 -1. 0
39 33 25 -1. 0
39 34 26 1. 0
39 34 27 1. 0
40 33 26 1. 0
40 33 27 1. 0
40 34 24 -1. 0
40 34 25 -1. 0
41 33 33 1. 0
41 34 34 1. 0
42 33 33 -1. 0
42 34 34 -1. 0
45 33 34 -1. 0
45 34 33 -1. 0
46 33 34 -1. 0
46 34 33 -1. 0
50 33 36 -0.8817477337899349 1.1056766859965506
50 34 35 1.2741623922635346 0.6136042683532007
51 33 35 0.8817477337899349 -1.1056766859965506
51 34 36 0.8817477337899349 1.1056766859965506
52 35 22 0.31469212271294755 -1.378756275743621
52 36 22 1.4142135623730951 0
53 35 23 0.31469212271294755 -1.378756275743621
53 36 23 -1.4142135623730951 0
54 35 24 0.900968867902419 0.43388373911755823
54 35 25 0.900968867902419 0.43388373911755823
54 36 26 -0.22252093395631434 0.9749279121818236
54 36 27 -0.22252093395631434 0.9749279121818236
55 35 26 -0.900968867902419 0.43388373911755823
55 35 27 -0.900968867902419 0.43388373911755823
55 36 24 -0.6234898018587336 -0.7818314824680298
55 36 25 -0.6234898018587336 -0.7818314824680298
56 35 34 -0.8817477337899349 1.1056766859965506
56 36 33 1.2741623922635346 0.6136042683532007
57 35 33 0.8817477337899349 -1.1056766859965506
57 36 34 -1.2741623922635346 -0.6136042683532007
58 35 35 1. 0
58 36 36 1. 0
59 35 35 1. 0
59 36 36 1. 0
64 35 36 0.22252093395631434 -0.9749279121818236
64 36 35 0.22252093395631434 0.9749279121818236
65 35 36 0.22252093395631434 -0.9749279121818236
65 36 35 0.22252093395631434 0.9749279121818236
0 37 37 1. 0
1 37 37 -1. 0
8 37 39 0.6234898018587336 0.7818314824680298
8 37 40 -0.6234898018587336 -0.7818314824680298
9 37 41 0.7071067811865475 0
9 37 42 -0.7071067811865475 0
9 37 45 0.7071067811865475 0
9 37 46 0.7071067811865475 0
10 37 50 -0.900968867902419 -0.43388373911755823
10 37 51 -0.22252093395631434 0.9749279121818236
14 38 38 1. 0
15 38 38 -1. 0
19 38 39 -0.6234898018587336 -0.7818314824680298
19 38 40 -0.6234898018587336 -0.7818314824680298
20 38 41 -0.7071067811865475 0
20 38 42 0.7071067811865475 0
20 38 45 0.7071067811865475 0
20 38 46 0.7071067811865475 0
21 38 50 0.900968867902419 0.43388373911755823
21 38 51 -0.22252093395631434 0.9749279121818236
22 39 37 1.2741623922635346 0.6136042683532007
22 40 37 -1.2741623922635346 -0.6136042683532007
23 39 38 -1.2741623922635346 -0.6136042683532007
23 40 38 -1.2741623922635346 -0.6136042683532007
24 39 39 1. 0
24 40 40 1. 0
25 39 39 1. 0
25 40 40 1. 0
26 39 40 -1. 0
26 40 39 -1. 0
27 39 40 -1. 0
27 40 39 -1. 0
33 39 41 -1. 0
33 39 42 1. 0
33 40 45 1. 0
33 40 46 1. 0
34 39 45 1. 0
34 39 46 1. 0
34 40 41 -1. 0
34 40 42 1. 0
35 39 51 -0.8817477337899349 -1.1056766859965506
35 40 50 -1.2741623922635346 0.6136042683532007
36 39 50 0.8817477337899349 1.1056766859965506
36 40 51 -0.8817477337899349 1.1056766859965506
37 41 37 1. 0
37 42 37 -1. 0
37 45 37 1. 0
37 46 37 1. 0
38 41 38 1. 0
38 42 38 -1. 0
38 45 38 -1. 0
38 46 38 -1. 0
39 41 39 1. 0
39 42 39 -1. 0
39 45 40 -1. 0
39 46 40 -1. 0
40 41 40 1. 0
40 42 40 -1. 0
40 45 39 -1. 0
40 46 39 -1. 0
41 41 41 1. 0
41 42 42 1. 0
41 43 43 1. 0
41 44 44 1. 0
41 45 45 1. 0
41 46 46 1. 0
41 47 47 1. 0
41 48 48 1. 0
41 49 49 1. 0
42 41 42 1. 0
42 42 41 1. 0
42 43 43 1. 0
42 44 44 1. 0
42 45 46 -1. 0
42 46 45 -1. 0
42 47 47 1. 0
42 48 48 1. 0
42 49 49 1. 0
43 41 43 1. 0
43 42 43 1. 0
43 43 49 1.4142135623730951 0
43 44 41 -0.900968867902419 0.43388373911755823
43 44 42 -0.900968867902419 0.43388373911755823
43 45 48 -0.900968867902419 0.43388373911755823
43 46 48 0.900968867902419 -0.43388373911755823
43 47 45 0.22252093395631434 0.9749279121818236
43 47 46 -0.22252093395631434 -0.9749279121818236
43 48 44 1.2741623922635346 -0.6136042683532007
43 49 47 0.31469212271294755 -1.378756275743621
44 41 44 1. 0
44 42 44 1. 0
44 43 41 -0.900968867902419 0.43388373911755823
44 43 42 -0.900968867902419 0.43388373911755823
44 44 48 -1.4142135623730951 0
44 45 47 0.22252093395631434 0.9749279121818236
44 46 47 -0.22252093395631434 -0.9749279121818236
44 47 49 -0.8817477337899349 -1.1056766859965506
44 48 45 1. 0
44 48 46 -1. 0
44 49 43 -1.2741623922635346 0.6136042683532007
45 41 45 1. 0
45 42 46 -1. 0
45 43 48 -0.900968867902419 0.43388373911755823
45 44 47 0.22252093395631434 0.9749279121818236
45 45 41 0.5 0
45 45 42 -0.5 0
45 45 43 0.15734606135647375 -0.6893781378718103
45 46 41 0.5 0
45 46 42 -0.5 0
45 46 43 -0.15734606135647375 0.6893781378718103
45 47 41 0.7071067811865475 0
45 47 42 0.7071067811865475 0
45 48 49 -0.6234898018587336 0.7818314824680298
45 49 44 -0.6234898018587336 0.7818314824680298
46 41 46 1. 0
46 42 45 -1. 0
46 43 48 0.900968867902419 -0.43388373911755823
46 44 47 -0.22252093395631434 -0.9749279121818236
46 45 41 0.5 0
46 45 42 -0.5 0
46 45 43 -0.15734606135647375 0.6893781378718103
46 46 41 0.5 0
46 46 42 -0.5 0
46 46 43 0.15734606135647375 -0.6893781378718103
46 47 41 -0.7071067811865475 0
46 47 42 -0.7071067811865475 0
46 48 49 0.6234898018587336 -0.7818314824680298
46 49 44 0.6234898018587336 -0.7818314824680298
47 41 47 1. 0
47 42 47 1. 0
47 43 45 0.22252093395631434 0.9749279121818236
47 43 46 -0.22252093395631434 -0.9749279121818236
47 44 49 -0.8817477337899349 -1.1056766859965506
47 45 41 0.7071067811865475 0
47 45 42 0.7071067811865475 0
47 46 41 -0.7071067811865475 0
47 46 42 -0.7071067811865475 0
47 47 44 0.31469212271294755 -1.378756275743621
47 48 43 -1.2741623922635346 -0.6136042683532007
47 49 48 -0.8817477337899349 -1.1056766859965506
48 41 48 1. 0
48 42 48 1. 0
48 43 44 1.2741623922635346 -0.6136042683532007
48 44 45 1. 0
48 44 46 -1. 0
48 45 49 -0.6234898018587336 0.7818314824680298
48 46 49 0.6234898018587336 -0.7818314824680298
48 47 43 -1.2741623922635346 -0.6136042683532007
48 48 47 -0.31469212271294755 -1.378756275743621
48 49 41 -0.6234898018587336 0.7818314824680298
48 49 42 -0.6234898018587336 0.7818314824680298
49 41 49 1. 0
49 42 49 1. 0
49 43 47 0.31469212271294755 -1.378756275743621
49 44 43 -1.2741623922635346 0.6136042683532007
49 45 44 -0.6234898018587336 0.7818314824680298
49 46 44 0.6234898018587336 -0.7818314824680298
49 47 48 -0.8817477337899349 -1.1056766859965506
49 48 41 -0.6234898018587336 0.7818314824680298
49 48 42 -0.6234898018587336 0.7818314824680298
49 49 45 1. 0
49 49 46 -1. 0
50 41 50 1. 0
50 42 50 -1. 0
50 45 51 -0.22252093395631434 -0.9749279121818236
50 46 51 -0.22252093395631434 -0.9749279121818236
51 41 51 1. 0
51 42 51 -1. 0
51 45 50 -0.22252093395631434 0.9749279121818236
51 46 50 -0.22252093395631434 0.9749279121818236
52 50 37 1.2741623922635346 -0.6136042683532007
52 51 37 0.31469212271294755 1.378756275743621
53 50 38 1.2741623922635346 -0.6136042683532007
53 51 38 -0.31469212271294755 -1.378756275743621
54 50 40 -0.8817477337899349 -1.1056766859965506
54 51 39 -1.2741623922635346 0.6136042683532007
55 50 39 -1.4142135623730951 0
55 51 40 -0.31469212271294755 1.378756275743621
56 50 41 -0.900968867902419 0.43388373911755823
56 50 42 0.900968867902419 -0.43388373911755823
56 51 45 -0.22252093395631434 -0.9749279121818236
56 51 46 -0.22252093395631434 -0.9749279121818236
57 50 45 -0.900968867902419 0.43388373911755823
57 50 46 -0.900968867902419 0.43388373911755823
57 51 41 -0.22252093395631434 -0.9749279121818236
57 51 42 0.22252093395631434 0.9749279121818236
58 50 50 1. 0
58 51 51 1. 0
59 50 50 1. 0
59 51 51 1. 0
64 50 51 -0.22252093395631434 -0.9749279121818236
64 51 50 -0.22252093395631434 0.9749279121818236
65 50 51 -0.22252093395631434 -0.9749279121818236
65 51 50 -0.22252093395631434 0.9749279121818236
0 52 52 1. 0
1 52 52 -1. 0
8 52 54 0.900968867902419 -0.43388373911755823
8 52 55 -0.900968867902419 -0.43388373911755823
9 52 56 -1. 0
9 52 57 -1. 0
10 52 58 -0.7071067811865475 0
10 52 59 -0.7071067811865475 0
10 52 64 -0.7071067811865475 0
10 52 65 -0.7071067811865475 0
14 53 53 1. 0
15 53 53 -1. 0
19 53 54 0.900968867902419 -0.43388373911755823
19 53 55 0.900968867902419 0.43388373911755823
20 53 56 1. 0
20 53 57 -1. 0
21 53 58 0.7071067811865475 0
21 53 59 0.7071067811865475 0
21 53 64 -0.7071067811865475 0
21 53 65 -0.7071067811865475 0
22 54 52 -0.31469212271294755 1.378756275743621
22 55 52 -0.8817477337899349 -1.1056766859965506
23 54 53 -0.31469212271294755 1.378756275743621
23 55 53 0.8817477337899349 1.1056766859965506
24 54 54 1. 0
24 55 55 1. 0
25 54 54 1. 0
25 55 55 1. 0
26 54 55 -0.6234898018587336 -0.7818314824680298
26 55 54 -0.6234898018587336 0.7818314824680298
27 54 55 -0.6234898018587336 -0.7818314824680298
27 55 54 -0.6234898018587336 0.7818314824680298
33 54 57 0.31469212271294755 1.378756275743621
33 55 56 -1.2741623922635346 -0.6136042683532007
34 54 56 -0.31469212271294755 -1.378756275743621
34 55 57 1.2741623922635346 0.6136042683532007
35 54 58 0.900968867902419 0.43388373911755823
35 54 59 0.900968867902419 0.43388373911755823
35 55 64 -0.900968867902419 0.43388373911755823
35 55 65 -0.900968867902419 0.43388373911755823
36 54 64 -0.22252093395631434 0.9749279121818236
36 54 65 -0.22252093395631434 0.9749279121818236
36 55 58 -0.6234898018587336 -0.7818314824680298
36 55 59 -0.6234898018587336 -0.7818314824680298
37 56 52 -1.4142135623730951 0
37 57 52 -1.4142135623730951 0
38 56 53 -1.4142135623730951 0
38 57 53 1.4142135623730951 0
39 56 55 1.2741623922635346 -0.6136042683532007
39 57 54 -0.31469212271294755 1.378756275743621
40 56 54 0.31469212271294755 -1.378756275743621
40 57 55 -1.2741623922635346 0.6136042683532007
41 56 56 1. 0
41 57 57 1. 0
42 56 56 -1. 0
42 57 57 -1. 0
45 56 57 1. 0
45 57 56 1. 0
46 56 57 1. 0
46 57 56 1. 0
50 56 58 -0.900968867902419 0.43388373911755823
50 56 59 -0.900968867902419 0.43388373911755823
50 57 64 -0.900968867902419 0.43388373911755823
50 57 65 -0.900968867902419 0.43388373911755823
51 56 64 -0.22252093395631434 -0.9749279121818236
51 56 65 -0.22252093395631434 -0.9749279121818236
51 57 58 -0.22252093395631434 -0.9749279121818236
51 57 59 -0.22252093395631434 -0.9749279121818236
52 58 52 1. 0
52 59 52 1. 0
52 64 52 1. 0
52 65 52 1. 0
53 58 53 1. 0
53 59 53 1. 0
53 64 53 -1. 0
53 65 53 -1. 0
54 58 54 1. 0
54 59 54 1. 0
54 64 55 -0.6234898018587336 -0.7818314824680298
54 65 55 -0.6234898018587336 -0.7818314824680298
55 58 55 1. 0
55 59 55 1. 0
55 64 54 -0.6234898018587336 0.7818314824680298
55 65 54 -0.6234898018587336 0.7818314824680298
56 58 56 1. 0
56 59 56 1. 0
56 64 57 1. 0
56 65 57 1. 0
57 58 57 1. 0
57 59 57 1. 0
57 64 56 1. 0
57 65 56 1. 0
58 58 58 1. 0
58 59 59 1. 0
58 60 60 1. 0
58 61 61 1. 0
58 62 62 1. 0
58 63 63 1. 0
58 64 64 1. 0
58 65 65 1. 0
58 66 66 1. 0
59 58 59 1. 0
59 59 58 1. 0
59 60 60 -1. 0
59 61 61 -1. 0
59 62 62 -1. 0
59 63 63 -1. 0
59 64 65 1. 0
59 65 64 1. 0
59 66 66 -1. 0
60 58 60 1. 0
60 59 60 -1. 0
60 60 64 1. 0
60 60 65 -1. 0
60 61 58 -0.900968867902419 0.43388373911755823
60 61 59 0.900968867902419 -0.43388373911755823
60 62 63 -0.31469212271294755 -1.378756275743621
60 63 66 -1.2741623922635346 0.6136042683532007
60 64 62 -1. 0
60 65 62 1. 0
60 66 61 -1.2741623922635346 -0.6136042683532007
61 58 61 1. 0
61 59 61 -1. 0
61 60 58 -0.900968867902419 0.43388373911755823
61 60 59 0.900968867902419 -0.43388373911755823
61 61 66 0.8817477337899349 -1.1056766859965506
61 62 64 0.900968867902419 -0.43388373911755823
61 62 65 -0.900968867902419 0.43388373911755823
61 63 62 -0.31469212271294755 -1.378756275743621
61 64 60 -0.900968867902419 0.43388373911755823
61 65 60 0.900968867902419 -0.43388373911755823
61 66 63 1.4142135623730951 0
62 58 62 1. 0
62 59 62 -1. 0
62 60 63 -0.31469212271294755 -1.378756275743621
62 61 64 0.900968867902419 -0.43388373911755823
62 61 65 -0.900968867902419 0.43388373911755823
62 62 61 0.31469212271294755 1.378756275743621
62 63 58 0.900968867902419 -0.43388373911755823
62 63 59 -0.900968867902419 0.43388373911755823
62 64 66 0.6234898018587336 0.7818314824680298
62 65 66 -0.6234898018587336 -0.7818314824680298
62 66 60 -1.4142135623730951 0
63 58 63 1. 0
63 59 63 -1. 0
63 60 66 -1.2741623922635346 0.6136042683532007
63 61 62 -0.31469212271294755 -1.378756275743621
63 62 58 0.900968867902419 -0.43388373911755823
63 62 59 -0.900968867902419 0.43388373911755823
63 63 60 0.31469212271294755 1.378756275743621
63 64 61 1. 0
63 65 61 -1. 0
63 66 64 0.22252093395631434 -0.9749279121818236
63 66 65 -0.22252093395631434 0.9749279121818236
64 58 64 1. 0
64 59 65 1. 0
64 60 62 -1. 0
64 61 60 -0.900968867902419 0.43388373911755823
64 62 66 0.6234898018587336 0.7818314824680298
64 63 61 1. 0
64 64 58 0.5 0
64 64 59 0.5 0
64 64 63 0.15734606135647375 0.6893781378718103
64 65 58 0.5 0
64 65 59 0.5 0
64 65 63 -0.15734606135647375 -0.6893781378718103
64 66 58 0.7071067811865475 0
64 66 59 -0.7071067811865475 0
65 58 65 1. 0
65 59 64 1. 0
65 60 62 1. 0
65 61 60 0.900968867902419 -0.43388373911755823
65 62 66 -0.6234898018587336 -0.7818314824680298
65 63 61 -1. 0
65 64 58 0.5 0
65 64 59 0.5 0
65 64 63 -0.15734606135647375 -0.6893781378718103
65 65 58 0.5 0
65 65 59 0.5 0
65 65 63 0.15734606135647375 0.6893781378718103
65 66 58 -0.7071067811865475 0
65 66 59 0.7071067811865475 0
66 58 66 1. 0
66 59 66 -1. 0
66 60 61 -1.2741623922635346 -0.6136042683532007
66 61 63 1.4142135623730951 0
66 62 60 -1.4142135623730951 0
66 63 64 0.22252093395631434 -0.9749279121818236
66 63 65 -0.22252093395631434 0.9749279121818236
66 64 58 0.7071067811865475 0
66 64 59 -0.7071067811865475 0
66 65 58 -0.7071067811865475 0
66 65 59 0.7071067811865475 0
66 66 62 0.8817477337899349 -1.1056766859965506