1 0 0 0 0 0 0 0 0 0 0 0 1 0 0 0 0 0 0 0 1 0 0 0 0 0 0 0 0 0 0 0 1 0 0 0 0 0 0 0 0 0 0 0 1 0 0 0 0 0 0 0 0 0 0 0 0 0 1 0 0 0 0 0 0 0 0 0
0 0 0 1. 0
0 1 1 1. 0
0 2 2 1. 0
0 3 3 1. 0
0 4 4 1. 0
0 5 5 1. 0
1 0 1 1. 0
1 1 0 1. 0
1 2 3 1. 0
1 3 2 1. 0
1 4 4 1. 0
1 5 5 1. 0
2 0 2 1. 0
2 1 3 1. 0
2 2 1 1. 0
2 3 0 1. 0
2 4 5 1. 0
2 5 4 1. 0
3 0 3 1. 0
3 1 2 1. 0
3 2 0 1. 0
3 3 1 1. 0
3 4 5 1. 0
3 5 4 1. 0
4 0 4 1. 0
4 1 4 1. 0
4 2 5 1. 0
4 3 5 1. 0
4 4 0 1. 0
4 4 1 1. 0
4 4 5 1. 0
4 5 2 1. 0
4 5 3 1. 0
4 5 4 1. 0
5 0 5 1. 0
5 1 5 1. 0
5 2 4 1. 0
5 3 4 1. 0
5 4 2 1. 0
5 4 3 1. 0
5 4 4 1. 0
5 5 0 1. 0
5 5 1 1. 0
5 5 5 1. 0
6 0 6 1. 0
6 1 6 1. 0
6 2 7 1. 0
6 3 7 1. 0
6 4 7 -1. 0
6 5 6 -1. 0
7 0 7 1. 0
7 1 7 1. 0
7 2 6 1. 0
7 3 6 1. 0
7 4 6 -1. 0
7 5 7 -1. 0
8 0 8 1. 0
8 1 8 -1. 0
8 2 9 -1. 0
8 3 9 1. 0
9 0 9 1. 0
9 1 9 -1. 0
9 2 8 1. 0
9 3 8 -1. 0
10 6 0 -1. 0
10 6 1 -1. 0
10 6 5 1. 0
10 7 2 -1. 0
10 7 3 -1. 0
10 7 4 1. 0
11 6 2 -1. 0
11 6 3 -1. 0
11 6 4 1. 0
11 7 0 -1. 0
11 7 1 -1. 0
11 7 5 1. 0
12 6 6 1. 0
12 7 7 1. 0
13 6 6 1. 0
13 7 7 1. 0
14 6 7 1. 0
14 7 6 1. 0
15 6 7 1. 0
15 7 6 1. 0
16 6 7 -1. 0
16 7 6 -1. 0
17 6 6 -1. 0
17 7 7 -1. 0
54 8 0 -1.4142135623730951 0
54 8 1 1.4142135623730951 0
54 9 2 1.4142135623730951 0
54 9 3 -1.4142135623730951 0
55 8 2 -1.4142135623730951 0
55 8 3 1.4142135623730951 0
55 9 0 -1.4142135623730951 0
55 9 1 1.4142135623730951 0
58 8 8 1. 0
58 9 9 1. 0
59 8 8 -1. 0
59 9 9 -1. 0
60 8 9 1. 0
60 9 8 -1. 0
61 8 9 -1. 0
61 9 8 1. 0
62 8 9 1. 0
62 9 8 -1. 0
63 8 9 1. 0
63 9 8 -1. 0
65 8 8 1. 0
65 9 9 1. 0
66 8 8 1. 0
66 9 9 1. 0
0 10 10 1. 0
0 11 11 1. 0
1 10 10 1. 0
1 11 11 1. 0
2 10 11 1. 0
2 11 10 1. 0
3 10 11 1. 0
3 11 10 1. 0
4 10 11 -1. 0
4 11 10 -1. 0
5 10 10 -1. 0
5 11 11 -1. 0
6 10 12 -1. 0
6 10 13 -1. 0
6 10 17 1. 0
6 11 14 -1. 0
6 11 15 -1. 0
6 11 16 1. 0
7 10 14 -1. 0
7 10 15 -1. 0
7 10 16 1. 0
7 11 12 -1. 0
7 11 13 -1. 0
7 11 17 1. 0
10 12 10 1. 0
10 13 10 1. 0
10 14 11 1. 0
10 15 11 1. 0
10 16 11 -1. 0
10 17 10 -1. 0
11 12 11 1. 0
11 13 11 1. 0
11 14 10 1. 0
11 15 10 1. 0
11 16 10 -1. 0
11 17 11 -1. 0
12 12 12 1. 0
12 13 13 1. 0
12 14 14 1. 0
12 15 15 1. 0
12 16 16 1. 0
12 17 17 1. 0
13 12 13 1. 0
13 13 12 1. 0
13 14 15 1. 0
13 15 14 1. 0
13 16 16 1. 0
13 17 17 1. 0
14 12 14 1. 0
14 13 15 1. 0
14 14 13 1. 0
14 15 12 1. 0
14 16 17 1. 0
14 17 16 1. 0
15 12 15 1. 0
15 13 14 1. 0
15 14 12 1. 0
15 15 13 1. 0
15 16 17 1. 0
15 17 16 1. 0
16 12 16 1. 0
16 13 16 1. 0
16 14 17 1. 0
16 15 17 1. 0
16 16 12 1. 0
16 16 13 1. 0
16 16 17 1. 0
16 17 14 1. 0
16 17 15 1. 0
16 17 16 1. 0
17 12 17 1. 0
17 13 17 1. 0
17 14 16 1. 0
17 15 16 1. 0
17 16 14 1. 0
17 16 15 1. 0
17 16 16 1. 0
17 17 12 1. 0
17 17 13 1. 0
17 17 17 1. 0
18 12 18 1. 0
18 13 18 -1. 0
18 14 19 -1. 0
18 15 19 1. 0
19 12 19 1. 0
19 13 19 -1. 0
19 14 18 1. 0
19 15 18 -1. 0
56 18 12 -1.4142135623730951 0
56 18 13 1.4142135623730951 0
56 19 14 1.4142135623730951 0
56 19 15 -1.4142135623730951 0
57 18 14 -1.4142135623730951 0
57 18 15 1.4142135623730951 0
57 19 12 -1.4142135623730951 0
57 19 13 1.4142135623730951 0
58 18 18 1. 0
58 19 19 1. 0
59 18 18 -1. 0
59 19 19 -1. 0
60 18 19 1. 0
60 19 18 -1. 0
61 18 19 -1. 0
61 19 18 1. 0
62 18 19 -1. 0
62 19 18 1. 0
63 18 19 -1. 0
63 19 18 1. 0
65 18 18 -1. 0
65 19 19 -1. 0
66 18 18 -1. 0
66 19 19 -1. 0
20 20 20 1. 0
20 21 21 1. 0
20 22 22 1. 0
20 23 23 1. 0
20 24 24 1. 0
20 25 25 1. 0
21 20 21 1. 0
21 21 20 1. 0
21 22 23 1. 0
21 23 22 1. 0
21 24 24 1. 0
21 25 25 1. 0
22 20 22 1. 0
22 21 23 1. 0
22 22 21 1. 0
22 23 20 1. 0
22 24 25 -1. 0
22 25 24 -1. 0
23 20 23 1. 0
23 21 22 1. 0
23 22 20 1. 0
23 23 21 1. 0
23 24 25 -1. 0
23 25 24 -1. 0
24 20 24 1. 0
24 21 24 1. 0
24 22 25 -1. 0
24 23 25 -1. 0
24 24 20 1. 0
24 24 21 1. 0
24 24 25 1. 0
24 25 22 -1. 0
24 25 23 -1. 0
24 25 24 1. 0
25 20 25 1. 0
25 21 25 1. 0
25 22 24 -1. 0
25 23 24 -1. 0
25 24 22 -1. 0
25 24 23 -1. 0
25 24 24 1. 0
25 25 20 1. 0
25 25 21 1. 0
25 25 25 1. 0
26 20 26 1. 0
26 21 26 1. 0
26 22 27 -1. 0
26 23 27 -1. 0
26 24 27 -1. 0
26 25 26 -1. 0
27 20 27 1. 0
27 21 27 1. 0
27 22 26 -1. 0
27 23 26 -1. 0
27 24 26 -1. 0
27 25 27 -1. 0
28 20 28 1. 0
28 21 28 -1. 0
28 22 29 1. 0
28 23 29 -1. 0
29 20 29 1. 0
29 21 29 -1. 0
29 22 28 -1. 0
29 23 28 1. 0
30 26 20 -1. 0
30 26 21 -1. 0
30 26 25 1. 0
30 27 22 1. 0
30 27 23 1. 0
30 27 24 1. 0
31 26 22 1. 0
31 26 23 1. 0
31 26 24 1. 0
31 27 20 -1. 0
31 27 21 -1. 0
31 27 25 1. 0
32 26 26 1. 0
32 27 27 1. 0
33 26 26 1. 0
33 27 27 1. 0
34 26 27 -1. 0
34 27 26 -1. 0
35 26 27 -1. 0
35 27 26 -1. 0
36 26 27 -1. 0
36 27 26 -1. 0
37 26 26 -1. 0
37 27 27 -1. 0
40 28 20 1.4142135623730951 0
40 28 21 -1.4142135623730951 0
40 29 22 1.4142135623730951 0
40 29 23 -1.4142135623730951 0
41 28 22 -1.4142135623730951 0
41 28 23 1.4142135623730951 0
41 29 20 1.4142135623730951 0
41 29 21 -1.4142135623730951 0
44 28 28 1. 0
44 29 29 1. 0
45 28 28 -1. 0
45 29 29 -1. 0
46 28 29 -1. 0
46 29 28 1. 0
47 28 29 1. 0
47 29 28 -1. 0
48 28 29 -1. 0
48 29 28 1. 0
49 28 29 -1. 0
49 29 28 1. 0
51 28 28 -1. 0
51 29 29 -1. 0
52 28 28 -1. 0
52 29 29 -1. 0
20 30 30 1. 0
20 31 31 1. 0
21 30 30 1. 0
21 31 31 1. 0
22 30 31 -1. 0
22 31 30 -1. 0
23 30 31 -1. 0
23 31 30 -1. 0
24 30 31 -1. 0
24 31 30 -1. 0
25 30 30 -1. 0
25 31 31 -1. 0
26 30 32 -1. 0
26 30 33 -1. 0
26 30 37 1. 0
26 31 34 1. 0
26 31 35 1. 0
26 31 36 1. 0
27 30 34 1. 0
27 30 35 1. 0
27 30 36 1. 0
27 31 32 -1. 0
27 31 33 -1. 0
27 31 37 1. 0
30 32 30 1. 0
30 33 30 1. 0
30 34 31 -1. 0
30 35 31 -1. 0
30 36 31 -1. 0
30 37 30 -1. 0
31 32 31 1. 0
31 33 31 1. 0
31 34 30 -1. 0
31 35 30 -1. 0
31 36 30 -1. 0
31 37 31 -1. 0
32 32 32 1. 0
32 33 33 1. 0
32 34 34 1. 0
32 35 35 1. 0
32 36 36 1. 0
32 37 37 1. 0
33 32 33 1. 0
33 33 32 1. 0
33 34 35 1. 0
33 35 34 1. 0
33 36 36 1. 0
33 37 37 1. 0
34 32 34 1. 0
34 33 35 1. 0
34 34 33 1. 0
34 35 32 1. 0
34 36 37 -1. 0
34 37 36 -1. 0
35 32 35 1. 0
35 33 34 1. 0
35 34 32 1. 0
35 35 33 1. 0
35 36 37 -1. 0
35 37 36 -1. 0
36 32 36 1. 0
36 33 36 1. 0
36 34 37 -1. 0
36 35 37 -1. 0
36 36 32 1. 0
36 36 33 1. 0
36 36 37 1. 0
36 37 34 -1. 0
36 37 35 -1. 0
36 37 36 1. 0
37 32 37 1. 0
37 33 37 1. 0
37 34 36 -1. 0
37 35 36 -1. 0
37 36 34 -1. 0
37 36 35 -1. 0
37 36 36 1. 0
37 37 32 1. 0
37 37 33 1. 0
37 37 37 1. 0
38 32 38 1. 0
38 33 38 -1. 0
38 34 39 1. 0
38 35 39 -1. 0
39 32 39 1. 0
39 33 39 -1. 0
39 34 38 -1. 0
39 35 38 1. 0
42 38 32 1.4142135623730951 0
42 38 33 -1.4142135623730951 0
42 39 34 1.4142135623730951 0
42 39 35 -1.4142135623730951 0
43 38 34 -1.4142135623730951 0
43 38 35 1.4142135623730951 0
43 39 32 1.4142135623730951 0
43 39 33 -1.4142135623730951 0
44 38 38 1. 0
44 39 39 1. 0
45 38 38 -1. 0
45 39 39 -1. 0
46 38 39 -1. 0
46 39 38 1. 0
47 38 39 1. 0
47 39 38 -1. 0
48 38 39 1. 0
48 39 38 -1. 0
49 38 39 1. 0
49 39 38 -1. 0
51 38 38 1. 0
51 39 39 1. 0
52 38 38 1. 0
52 39 39 1. 0
20 40 40 1. 0
20 41 41 1. 0
21 40 40 -1. 0
21 41 41 -1. 0
22 40 41 -1. 0
22 41 40 1. 0
23 40 41 1. 0
23 41 40 -1. 0
28 40 44 0.7071067811865475 0
28 40 45 -0.7071067811865475 0
28 40 51 -0.7071067811865475 0
28 40 52 -0.7071067811865475 0
28 41 46 0.7071067811865475 0
28 41 47 -0.7071067811865475 0
28 41 48 0.7071067811865475 0
28 41 49 0.7071067811865475 0
29 40 46 -0.7071067811865475 0
29 40 47 0.7071067811865475 0
29 40 48 -0.7071067811865475 0
29 40 49 -0.7071067811865475 0
29 41 44 0.7071067811865475 0
29 41 45 -0.7071067811865475 0
29 41 51 -0.7071067811865475 0
29 41 52 -0.7071067811865475 0
32 42 42 1. 0
32 43 43 1. 0
33 42 42 -1. 0
33 43 43 -1. 0
34 42 43 -1. 0
34 43 42 1. 0
35 42 43 1. 0
35 43 42 -1. 0
38 42 44 0.7071067811865475 0
38 42 45 -0.7071067811865475 0
38 42 51 0.7071067811865475 0
38 42 52 0.7071067811865475 0
38 43 46 0.7071067811865475 0
38 43 47 -0.7071067811865475 0
38 43 48 -0.7071067811865475 0
38 43 49 -0.7071067811865475 0
39 42 46 -0.7071067811865475 0
39 42 47 0.7071067811865475 0
39 42 48 0.7071067811865475 0
39 42 49 0.7071067811865475 0
39 43 44 0.7071067811865475 0
39 43 45 -0.7071067811865475 0
39 43 51 0.7071067811865475 0
39 43 52 0.7071067811865475 0
40 44 40 1. 0
40 45 40 -1. 0
40 46 41 1. 0
40 47 41 -1. 0
40 48 41 1. 0
40 49 41 1. 0
40 51 40 -1. 0
40 52 40 -1. 0
41 44 41 1. 0
41 45 41 -1. 0
41 46 40 -1. 0
41 47 40 1. 0
41 48 40 -1. 0
41 49 40 -1. 0
41 51 41 -1. 0
41 52 41 -1. 0
42 44 42 1. 0
42 45 42 -1. 0
42 46 43 1. 0
42 47 43 -1. 0
42 48 43 -1. 0
42 49 43 -1. 0
42 51 42 1. 0
42 52 42 1. 0
43 44 43 1. 0
43 45 43 -1. 0
43 46 42 -1. 0
43 47 42 1. 0
43 48 42 1. 0
43 49 42 1. 0
43 51 43 1. 0
43 52 43 1. 0
44 44 44 1. 0
44 45 45 1. 0
44 46 46 1. 0
44 47 47 1. 0
44 48 48 1. 0
44 49 49 1. 0
44 50 50 1. 0
44 51 51 1. 0
44 52 52 1. 0
44 53 53 1. 0
45 44 45 1. 0
45 45 44 1. 0
45 46 47 1. 0
45 47 46 1. 0
45 48 49 -1. 0
45 49 48 -1. 0
45 50 50 1. 0
45 51 52 -1. 0
45 52 51 -1. 0
45 53 53 1. 0
46 44 46 1. 0
46 45 47 1. 0
46 46 45 1. 0
46 47 44 1. 0
46 48 51 1. 0
46 49 52 1. 0
46 50 53 -1. 0
46 51 49 -1. 0
46 52 48 -1. 0
46 53 50 -1. 0
47 44 47 1. 0
47 45 46 1. 0
47 46 44 1. 0
47 47 45 1. 0
47 48 52 -1. 0
47 49 51 -1. 0
47 50 53 -1. 0
47 51 48 1. 0
47 52 49 1. 0
47 53 50 -1. 0
48 44 48 1. 0
48 45 49 -1. 0
48 46 51 1. 0
48 47 52 -1. 0
48 48 44 -0.5 0
48 48 45 0.5 0
48 48 53 0.7071067811865475 0
48 49 44 -0.5 0
48 49 45 0.5 0
48 49 53 -0.7071067811865475 0
48 50 44 0.7071067811865475 0
48 50 45 0.7071067811865475 0
48 51 46 -0.5 0
48 51 47 0.5 0
48 51 50 -0.7071067811865475 0
48 52 46 -0.5 0
48 52 47 0.5 0
48 52 50 0.7071067811865475 0
48 53 46 -0.7071067811865475 0
48 53 47 -0.7071067811865475 0
49 44 49 1. 0
49 45 48 -1. 0
49 46 52 1. 0
49 47 51 -1. 0
49 48 44 -0.5 0
49 48 45 0.5 0
49 48 53 -0.7071067811865475 0
49 49 44 -0.5 0
49 49 45 0.5 0
49 49 53 0.7071067811865475 0
49 50 44 -0.7071067811865475 0
49 50 45 -0.7071067811865475 0
49 51 46 -0.5 0
49 51 47 0.5 0
49 51 50 0.7071067811865475 0
49 52 46 -0.5 0
49 52 47 0.5 0
49 52 50 -0.7071067811865475 0
49 53 46 0.7071067811865475 0
49 53 47 0.7071067811865475 0
50 44 50 1. 0
50 45 50 1. 0
50 46 53 -1. 0
50 47 53 -1. 0
50 48 44 0.7071067811865475 0
50 48 45 0.7071067811865475 0
50 49 44 -0.7071067811865475 0
50 49 45 -0.7071067811865475 0
50 50 51 -1. 0
50 50 52 1. 0
50 51 46 0.7071067811865475 0
50 51 47 0.7071067811865475 0
50 52 46 -0.7071067811865475 0
50 52 47 -0.7071067811865475 0
50 53 48 1. 0
50 53 49 -1. 0
51 44 51 1. 0
51 45 52 -1. 0
51 46 49 -1. 0
51 47 48 1. 0
51 48 46 -0.5 0
51 48 47 0.5 0
51 48 50 -0.7071067811865475 0
51 49 46 -0.5 0
51 49 47 0.5 0
51 49 50 0.7071067811865475 0
51 50 46 0.7071067811865475 0
51 50 47 0.7071067811865475 0
51 51 44 0.5 0
51 51 45 -0.5 0
51 51 53 0.7071067811865475 0
51 52 44 0.5 0
51 52 45 -0.5 0
51 52 53 -0.7071067811865475 0
51 53 44 -0.7071067811865475 0
51 53 45 -0.7071067811865475 0
52 44 52 1. 0
52 45 51 -1. 0
52 46 48 -1. 0
52 47 49 1. 0
52 48 46 -0.5 0
52 48 47 0.5 0
52 48 50 0.7071067811865475 0
52 49 46 -0.5 0
52 49 47 0.5 0
52 49 50 -0.7071067811865475 0
52 50 46 -0.7071067811865475 0
52 50 47 -0.7071067811865475 0
52 51 44 0.5 0
52 51 45 -0.5 0
52 51 53 -0.7071067811865475 0
52 52 44 0.5 0
52 52 45 -0.5 0
52 52 53 0.7071067811865475 0
52 53 44 0.7071067811865475 0
52 53 45 0.7071067811865475 0
53 44 53 1. 0
53 45 53 1. 0
53 46 50 -1. 0
53 47 50 -1. 0
53 48 46 -0.7071067811865475 0
53 48 47 -0.7071067811865475 0
53 49 46 0.7071067811865475 0
53 49 47 0.7071067811865475 0
53 50 48 1. 0
53 50 49 -1. 0
53 51 44 -0.7071067811865475 0
53 51 45 -0.7071067811865475 0
53 52 44 0.7071067811865475 0
53 52 45 0.7071067811865475 0
53 53 51 -1. 0
53 53 52 1. 0
0 54 54 1. 0
0 55 55 1. 0
1 54 54 -1. 0
1 55 55 -1. 0
2 54 55 1. 0
2 55 54 -1. 0
3 54 55 -1. 0
3 55 54 1. 0
8 54 58 -0.7071067811865475 0
8 54 59 0.7071067811865475 0
8 54 65 -0.7071067811865475 0
8 54 66 -0.7071067811865475 0
8 55 60 0.7071067811865475 0
8 55 61 -0.7071067811865475 0
8 55 62 0.7071067811865475 0
8 55 63 0.7071067811865475 0
9 54 60 -0.7071067811865475 0
9 54 61 0.7071067811865475 0
9 54 62 -0.7071067811865475 0
9 54 63 -0.7071067811865475 0
9 55 58 -0.7071067811865475 0
9 55 59 0.7071067811865475 0
9 55 65 -0.7071067811865475 0
9 55 66 -0.7071067811865475 0
12 56 56 1. 0
12 57 57 1. 0
13 56 56 -1. 0
13 57 57 -1. 0
14 56 57 1. 0
14 57 56 -1. 0
15 56 57 -1. 0
15 57 56 1. 0
18 56 58 -0.7071067811865475 0
18 56 59 0.7071067811865475 0
18 56 65 0.7071067811865475 0
18 56 66 0.7071067811865475 0
18 57 60 0.7071067811865475 0
18 57 61 -0.7071067811865475 0
18 57 62 -0.7071067811865475 0
18 57 63 -0.7071067811865475 0
19 56 60 -0.7071067811865475 0
19 56 61 0.7071067811865475 0
19 56 62 0.7071067811865475 0
19 56 63 0.7071067811865475 0
19 57 58 -0.7071067811865475 0
19 57 59 0.7071067811865475 0
19 57 65 0.7071067811865475 0
19 57 66 0.7071067811865475 0
54 58 54 1. 0
54 59 54 -1. 0
54 60 55 -1. 0
54 61 55 1. 0
54 62 55 -1. 0
54 63 55 -1. 0
54 65 54 1. 0
54 66 54 1. 0
55 58 55 1. 0
55 59 55 -1. 0
55 60 54 1. 0
55 61 54 -1. 0
55 62 54 1. 0
55 63 54 1. 0
55 65 55 1. 0
55 66 55 1. 0
56 58 56 1. 0
56 59 56 -1. 0
56 60 57 -1. 0
56 61 57 1. 0
56 62 57 1. 0
56 63 57 1. 0
56 65 56 -1. 0
56 66 56 -1. 0
57 58 57 1. 0
57 59 57 -1. 0
57 60 56 1. 0
57 61 56 -1. 0
57 62 56 -1. 0
57 63 56 -1. 0
57 65 57 -1. 0
57 66 57 -1. 0
58 58 58 1. 0
58 59 59 1. 0
58 60 60 1. 0
58 61 61 1. 0
58 62 62 1. 0
58 63 63 1. 0
58 64 64 1. 0
58 65 65 1. 0
58 66 66 1. 0
58 67 67 1. 0
59 58 59 1. 0
59 59 58 1. 0
59 60 61 1. 0
59 61 60 1. 0
59 62 63 -1. 0
59 63 62 -1. 0
59 64 64 1. 0
59 65 66 -1. 0
59 66 65 -1. 0
59 67 67 1. 0
60 58 60 1. 0
60 59 61 1. 0
60 60 59 1. 0
60 61 58 1. 0
60 62 66 -1. 0
60 63 65 -1. 0
60 64 67 1. 0
60 65 62 1. 0
60 66 63 1. 0
60 67 64 1. 0
61 58 61 1. 0
61 59 60 1. 0
61 60 58 1. 0
61 61 59 1. 0
61 62 65 1. 0
61 63 66 1. 0
61 64 67 1. 0
61 65 63 -1. 0
61 66 62 -1. 0
61 67 64 1. 0
62 58 62 1. 0
62 59 63 -1. 0
62 60 66 -1. 0
62 61 65 1. 0
62 62 58 -0.5 0
62 62 59 0.5 0
62 62 67 -0.7071067811865475 0
62 63 58 -0.5 0
62 63 59 0.5 0
62 63 67 0.7071067811865475 0
62 64 58 -0.7071067811865475 0
62 64 59 -0.7071067811865475 0
62 65 60 0.5 0
62 65 61 -0.5 0
62 65 64 -0.7071067811865475 0
62 66 60 0.5 0
62 66 61 -0.5 0
62 66 64 0.7071067811865475 0
62 67 60 -0.7071067811865475 0
62 67 61 -0.7071067811865475 0
63 58 63 1. 0
63 59 62 -1. 0
63 60 65 -1. 0
63 61 66 1. 0
63 62 58 -0.5 0
63 62 59 0.5 0
63 62 67 0.7071067811865475 0
63 63 58 -0.5 0
63 63 59 0.5 0
63 63 67 -0.7071067811865475 0
63 64 58 0.7071067811865475 0
63 64 59 0.7071067811865475 0
63 65 60 0.5 0
63 65 61 -0.5 0
63 65 64 0.7071067811865475 0
63 66 60 0.5 0
63 66 61 -0.5 0
63 66 64 -0.7071067811865475 0
63 67 60 0.7071067811865475 0
63 67 61 0.7071067811865475 0
64 58 64 1. 0
64 59 64 1. 0
64 60 67 1. 0
64 61 67 1. 0
64 62 58 -0.7071067811865475 0
64 62 59 -0.7071067811865475 0
64 63 58 0.7071067811865475 0
64 63 59 0.7071067811865475 0
64 64 65 1. 0
64 64 66 -1. 0
64 65 60 -0.7071067811865475 0
64 65 61 -0.7071067811865475 0
64 66 60 0.7071067811865475 0
64 66 61 0.7071067811865475 0
64 67 62 1. 0
64 67 63 -1. 0
65 58 65 1. 0
65 59 66 -1. 0
65 60 62 1. 0
65 61 63 -1. 0
65 62 60 0.5 0
65 62 61 -0.5 0
65 62 64 -0.7071067811865475 0
65 63 60 0.5 0
65 63 61 -0.5 0
65 63 64 0.7071067811865475 0
65 64 60 -0.7071067811865475 0
65 64 61 -0.7071067811865475 0
65 65 58 0.5 0
65 65 59 -0.5 0
65 65 67 -0.7071067811865475 0
65 66 58 0.5 0
65 66 59 -0.5 0
65 66 67 0.7071067811865475 0
65 67 58 -0.7071067811865475 0
65 67 59 -0.7071067811865475 0
66 58 66 1. 0
66 59 65 -1. 0
66 60 63 1. 0
66 61 62 -1. 0
66 62 60 0.5 0
66 62 61 -0.5 0
66 62 64 0.7071067811865475 0
66 63 60 0.5 0
66 63 61 -0.5 0
66 63 64 -0.7071067811865475 0
66 64 60 0.7071067811865475 0
66 64 61 0.7071067811865475 0
66 65 58 0.5 0
66 65 59 -0.5 0
66 65 67 0.7071067811865475 0
66 66 58 0.5 0
66 66 59 -0.5 0
66 66 67 -0.7071067811865475 0
66 67 58 0.7071067811865475 0
66 67 59 0.7071067811865475 0
67 58 67 1. 0
67 59 67 1. 0
67 60 64 1. 0
67 61 64 1. 0
67 62 60 -0.7071067811865475 0
67 62 61 -0.7071067811865475 0
67 63 60 0.7071067811865475 0
67 63 61 0.7071067811865475 0
67 64 62 1. 0
67 64 63 -1. 0
67 65 58 -0.7071067811865475 0
67 65 59 -0.7071067811865475 0
67 66 58 0.7071067811865475 0
67 66 59 0.7071067811865475 0
67 67 65 1. 0
67 67 66 -1. 0