1 0 0 0 0 0 0 0 0 0 1 0 0 0 0 0 1 0 0 0 0 0 0 0 0 0 1 0 0 0 0 0 1 0 0 0 0 0 0 0 1 0 0 0 0 0 0 0
0 0 0 1. 0
0 1 1 1. 0
0 2 2 1. 0
0 3 3 1. 0
0 4 4 1. 0
0 5 5 1. 0
1 0 1 1. 0
1 1 0 1. 0
1 2 3 1. 0
1 3 2 1. 0
1 4 4 1. 0
1 5 5 1. 0
2 0 2 1. 0
2 1 3 1. 0
2 2 1 1. 0
2 3 0 1. 0
2 4 5 1. 0
2 5 4 1. 0
3 0 3 1. 0
3 1 2 1. 0
3 2 0 1. 0
3 3 1 1. 0
3 4 5 1. 0
3 5 4 1. 0
4 0 4 1. 0
4 1 4 1. 0
4 2 5 1. 0
4 3 5 1. 0
4 4 0 1. 0
4 4 1 1. 0
4 5 2 1. 0
4 5 3 1. 0
5 0 5 1. 0
5 1 5 1. 0
5 2 4 1. 0
5 3 4 1. 0
5 4 2 1. 0
5 4 3 1. 0
5 5 0 1. 0
5 5 1 1. 0
6 0 6 1. 0
6 1 6 -1. 0
6 2 7 1. 0
6 3 7 -1. 0
7 0 7 1. 0
7 1 7 -1. 0
7 2 6 -1. 0
7 3 6 1. 0
8 6 0 1. 0
8 6 1 -1. 0
8 7 2 1. 0
8 7 3 -1. 0
9 6 2 1. 0
9 6 3 -1. 0
9 7 0 -1. 0
9 7 1 1. 0
10 6 6 1. 0
10 7 7 1. 0
11 6 6 1. 0
11 7 7 1. 0
12 6 7 1. 0
12 7 6 -1. 0
13 6 7 1. 0
13 7 6 -1. 0
0 8 8 1. 0
0 9 9 1. 0
1 8 8 -1. 0
1 9 9 -1. 0
2 8 9 1. 0
2 9 8 -1. 0
3 8 9 -1. 0
3 9 8 1. 0
6 8 10 1. 0
6 8 11 1. 0
6 9 12 1. 0
6 9 13 1. 0
7 8 12 1. 0
7 8 13 1. 0
7 9 10 -1. 0
7 9 11 -1. 0
8 10 8 1. 0
8 11 8 1. 0
8 12 9 1. 0
8 13 9 1. 0
9 10 9 1. 0
9 11 9 1. 0
9 12 8 -1. 0
9 13 8 -1. 0
10 10 10 1. 0
10 11 11 1. 0
10 12 12 1. 0
10 13 13 1. 0
10 14 14 1. 0
10 15 15 1. 0
11 10 11 1. 0
11 11 10 1. 0
11 12 13 1. 0
11 13 12 1. 0
11 14 14 -1. 0
11 15 15 -1. 0
12 10 12 1. 0
12 11 13 1. 0
12 12 11 -1. 0
12 13 10 -1. 0
12 14 15 1. 0
12 15 14 1. 0
13 10 13 1. 0
13 11 12 1. 0
13 12 10 -1. 0
13 13 11 -1. 0
13 14 15 -1. 0
13 15 14 -1. 0
14 10 14 1. 0
14 11 14 -1. 0
14 12 15 1. 0
14 13 15 -1. 0
14 14 10 -1. 0
14 14 11 1. 0
14 15 12 -1. 0
14 15 13 1. 0
15 10 15 1. 0
15 11 15 -1. 0
15 12 14 1. 0
15 13 14 -1. 0
15 14 12 -1. 0
15 14 13 1. 0
15 15 10 -1. 0
15 15 11 1. 0
16 16 16 1. 0
16 17 17 1. 0
16 18 18 1. 0
16 19 19 1. 0
16 20 20 1. 0
16 21 21 1. 0
17 16 17 1. 0
17 17 16 1. 0
17 18 19 -1. 0
17 19 18 -1. 0
17 20 20 1. 0
17 21 21 1. 0
18 16 18 1. 0
18 17 19 -1. 0
18 18 17 0. -1.
18 19 16 0. 1.
18 20 21 0. 1.
18 21 20 -1. 0
19 16 19 1. 0
19 17 18 -1. 0
19 18 16 0. 1.
19 19 17 0. -1.
19 20 21 0. -1.
19 21 20 1. 0
20 16 20 1. 0
20 17 20 1. 0
20 18 21 0. 1.
20 19 21 0. -1.
20 20 16 -1. 0
20 20 17 -1. 0
20 21 18 0. 1.
20 21 19 0. -1.
21 16 21 1. 0
21 17 21 1. 0
21 18 20 -1. 0
21 19 20 1. 0
21 20 18 0. 1.
21 20 19 0. -1.
21 21 16 0. -1.
21 21 17 0. -1.
22 16 22 1. 0
22 17 22 -1. 0
22 18 23 0. -1.
22 19 23 0. -1.
23 16 23 1. 0
23 17 23 -1. 0
23 18 22 -1. 0
23 19 22 -1. 0
24 22 16 -1. 0
24 22 17 1. 0
24 23 18 0. -1.
24 23 19 0. -1.
25 22 18 0. 1.
25 22 19 0. 1.
25 23 16 0. -1.
25 23 17 0. 1.
26 22 22 1. 0
26 23 23 1. 0
27 22 22 1. 0
27 23 23 1. 0
28 22 23 0. -1.
28 23 22 -1. 0
29 22 23 0. 1.
29 23 22 1. 0
16 24 24 1. 0
16 25 25 1. 0
17 24 24 -1. 0
17 25 25 -1. 0
18 24 25 0. 1.
18 25 24 1. 0
19 24 25 0. 1.
19 25 24 1. 0
22 24 26 -1. 0
22 24 27 -1. 0
22 25 28 0. 1.
22 25 29 0. -1.
23 24 28 0. -1.
23 24 29 0. 1.
23 25 26 0. -1.
23 25 27 0. -1.
24 26 24 1. 0
24 27 24 1. 0
24 28 25 0. 1.
24 29 25 0. -1.
25 26 25 1. 0
25 27 25 1. 0
25 28 24 1. 0
25 29 24 -1. 0
26 26 26 1. 0
26 27 27 1. 0
26 28 28 1. 0
26 29 29 1. 0
26 30 30 1. 0
26 31 31 1. 0
27 26 27 1. 0
27 27 26 1. 0
27 28 29 -1. 0
27 29 28 -1. 0
27 30 30 -1. 0
27 31 31 -1. 0
28 26 28 1. 0
28 27 29 -1. 0
28 28 27 0. 1.
28 29 26 0. -1.
28 30 31 0. -1.
28 31 30 1. 0
29 26 29 1. 0
29 27 28 -1. 0
29 28 26 0. -1.
29 29 27 0. 1.
29 30 31 0. -1.
29 31 30 1. 0
30 26 30 1. 0
30 27 30 -1. 0
30 28 31 0. -1.
30 29 31 0. -1.
30 30 26 1. 0
30 30 27 -1. 0
30 31 28 0. 1.
30 31 29 0. 1.
31 26 31 1. 0
31 27 31 -1. 0
31 28 30 1. 0
31 29 30 1. 0
31 30 28 0. 1.
31 30 29 0. 1.
31 31 26 0. 1.
31 31 27 0. -1.
32 32 32 1. 0
32 33 33 1. 0
32 34 34 1. 0
32 35 35 1. 0
32 36 36 1. 0
32 37 37 1. 0
32 38 38 1. 0
32 39 39 1. 0
33 32 33 1. 0
33 33 32 -1. 0
33 34 35 1. 0
33 35 34 -1. 0
33 36 37 -1. 0
33 37 36 1. 0
33 38 39 -1. 0
33 39 38 1. 0
34 32 34 1. 0
34 33 35 1. 0
34 34 33 0. -1.
34 35 32 0. 1.
34 36 38 -1. 0
34 37 39 -1. 0
34 38 37 0. -1.
34 39 36 0. 1.
35 32 35 1. 0
35 33 34 -1. 0
35 34 32 0. 1.
35 35 33 0. 1.
35 36 39 1. 0
35 37 38 -1. 0
35 38 36 0. -1.
35 39 37 0. -1.
36 32 36 1. 0
36 33 37 -1. 0
36 34 38 -1. 0
36 35 39 1. 0
36 36 32 -0.7071067811865475 0
36 36 33 -0.7071067811865475 0
36 37 32 -0.7071067811865475 0
36 37 33 0.7071067811865475 0
36 38 34 0.7071067811865475 0
36 38 35 0.7071067811865475 0
36 39 34 0.7071067811865475 0
36 39 35 -0.7071067811865475 0
37 32 37 1. 0
37 33 36 1. 0
37 34 39 -1. 0
37 35 38 -1. 0
37 36 32 -0.7071067811865475 0
37 36 33 0.7071067811865475 0
37 37 32 0.7071067811865475 0
37 37 33 0.7071067811865475 0
37 38 34 0.7071067811865475 0
37 38 35 -0.7071067811865475 0
37 39 34 -0.7071067811865475 0
37 39 35 -0.7071067811865475 0
38 32 38 1. 0
38 33 39 -1. 0
38 34 37 0. -1.
38 35 36 0. -1.
38 36 34 0.7071067811865475 0
38 36 35 0.7071067811865475 0
38 37 34 0.7071067811865475 0
38 37 35 -0.7071067811865475 0
38 38 32 0. -0.7071067811865475
38 38 33 0. 0.7071067811865475
38 39 32 0. 0.7071067811865475
38 39 33 0. 0.7071067811865475
39 32 39 1. 0
39 33 38 1. 0
39 34 36 0. 1.
39 35 37 0. -1.
39 36 34 0.7071067811865475 0
39 36 35 -0.7071067811865475 0
39 37 34 -0.7071067811865475 0
39 37 35 -0.7071067811865475 0
39 38 32 0. 0.7071067811865475
39 38 33 0. 0.7071067811865475
39 39 32 0. 0.7071067811865475
39 39 33 0. -0.7071067811865475
40 40 40 1. 0
40 41 41 1. 0
40 42 42 1. 0
40 43 43 1. 0
40 44 44 1. 0
40 45 45 1. 0
40 46 46 1. 0
40 47 47 1. 0
41 40 41 1. 0
41 41 40 -1. 0
41 42 43 1. 0
41 43 42 -1. 0
41 44 45 -1. 0
41 45 44 1. 0
41 46 47 1. 0
41 47 46 -1. 0
42 40 42 1. 0
42 41 43 1. 0
42 42 41 -1. 0
42 43 40 1. 0
42 44 47 0. -1.
42 45 46 0. -1.
42 46 44 0. -1.
42 47 45 0. 1.
43 40 43 1. 0
43 41 42 -1. 0
43 42 40 1. 0
43 43 41 1. 0
43 44 46 0. 1.
43 45 47 0. -1.
43 46 45 0. 1.
43 47 44 0. 1.
44 40 44 1. 0
44 41 45 -1. 0
44 42 47 0. -1.
44 43 46 0. 1.
44 44 40 0.7071067811865475 0
44 44 41 0.7071067811865475 0
44 45 40 0.7071067811865475 0
44 45 41 -0.7071067811865475 0
44 46 42 0. 0.7071067811865475
44 46 43 0. -0.7071067811865475
44 47 42 0. 0.7071067811865475
44 47 43 0. 0.7071067811865475
45 40 45 1. 0
45 41 44 1. 0
45 42 46 0. -1.
45 43 47 0. -1.
45 44 40 0.7071067811865475 0
45 44 41 -0.7071067811865475 0
45 45 40 -0.7071067811865475 0
45 45 41 -0.7071067811865475 0
45 46 42 0. -0.7071067811865475
45 46 43 0. -0.7071067811865475
45 47 42 0. 0.7071067811865475
45 47 43 0. -0.7071067811865475
46 40 46 1. 0
46 41 47 1. 0
46 42 44 0. -1.
46 43 45 0. 1.
46 44 42 0. 0.7071067811865475
46 44 43 0. -0.7071067811865475
46 45 42 0. -0.7071067811865475
46 45 43 0. -0.7071067811865475
46 46 40 0.7071067811865475 0
46 46 41 -0.7071067811865475 0
46 47 40 0.7071067811865475 0
46 47 41 0.7071067811865475 0
47 40 47 1. 0
47 41 46 -1. 0
47 42 45 0. 1.
47 43 44 0. 1.
47 44 42 0. 0.7071067811865475
47 44 43 0. 0.7071067811865475
47 45 42 0. 0.7071067811865475
47 45 43 0. -0.7071067811865475
47 46 40 0.7071067811865475 0
47 46 41 0.7071067811865475 0
47 47 40 -0.7071067811865475 0
47 47 41 0.7071067811865475 0