1 0 0 0 0 0 0 0 1 0 0 0 0 0 0 0 0 0 1 0 0 0 0 0 0 0 1 0 0 0 0 0 1 0 0 0 0 0 0 0 1 0 0 0 0 0 0 0
0 0 0 1. 0
0 1 1 1. 0
0 2 2 1. 0
0 3 3 1. 0
0 4 4 1. 0
0 5 5 1. 0
1 0 1 1. 0
1 1 0 1. 0
1 2 3 1. 0
1 3 2 1. 0
1 4 5 1. 0
1 5 4 1. 0
2 0 2 1. 0
2 1 3 1. 0
2 2 0 1. 0
2 3 1 1. 0
2 4 5 1. 0
2 5 4 1. 0
3 0 3 1. 0
3 1 2 1. 0
3 2 1 1. 0
3 3 0 1. 0
3 4 4 1. 0
3 5 5 1. 0
4 0 4 1. 0
4 1 5 1. 0
4 2 5 1. 0
4 3 4 1. 0
4 4 0 1. 0
4 4 3 1. 0
4 5 1 1. 0
4 5 2 1. 0
5 0 5 1. 0
5 1 4 1. 0
5 2 4 1. 0
5 3 5 1. 0
5 4 1 1. 0
5 4 2 1. 0
5 5 0 1. 0
5 5 3 1. 0
6 0 6 1. 0
6 1 7 -1. 0
6 2 7 1. 0
6 3 6 -1. 0
7 0 7 1. 0
7 1 6 -1. 0
7 2 6 1. 0
7 3 7 -1. 0
24 6 0 -1. 0
24 6 3 1. 0
24 7 1 1. 0
24 7 2 -1. 0
25 6 1 -1. 0
25 6 2 1. 0
25 7 0 1. 0
25 7 3 -1. 0
26 6 6 1. 0
26 7 7 1. 0
27 6 7 1. 0
27 7 6 1. 0
28 6 7 1. 0
28 7 6 1. 0
29 6 6 1. 0
29 7 7 1. 0
8 8 8 1. 0
8 9 9 1. 0
8 10 10 1. 0
8 11 11 1. 0
8 12 12 1. 0
8 13 13 1. 0
9 8 9 1. 0
9 9 8 1. 0
9 10 11 1. 0
9 11 10 1. 0
9 12 13 1. 0
9 13 12 1. 0
10 8 10 1. 0
10 9 11 1. 0
10 10 8 1. 0
10 11 9 1. 0
10 12 13 -1. 0
10 13 12 -1. 0
11 8 11 1. 0
11 9 10 1. 0
11 10 9 1. 0
11 11 8 1. 0
11 12 12 -1. 0
11 13 13 -1. 0
12 8 12 1. 0
12 9 13 1. 0
12 10 13 -1. 0
12 11 12 -1. 0
12 12 8 -1. 0
12 12 11 1. 0
12 13 9 -1. 0
12 13 10 1. 0
13 8 13 1. 0
13 9 12 1. 0
13 10 12 -1. 0
13 11 13 -1. 0
13 12 9 -1. 0
13 12 10 1. 0
13 13 8 -1. 0
13 13 11 1. 0
14 8 14 1. 0
14 9 15 -1. 0
14 10 15 -1. 0
14 11 14 1. 0
15 8 15 1. 0
15 9 14 -1. 0
15 10 14 -1. 0
15 11 15 1. 0
16 14 8 1. 0
16 14 11 1. 0
16 15 9 -1. 0
16 15 10 -1. 0
17 14 9 1. 0
17 14 10 1. 0
17 15 8 -1. 0
17 15 11 -1. 0
18 14 14 1. 0
18 15 15 1. 0
19 14 15 1. 0
19 15 14 1. 0
20 14 15 -1. 0
20 15 14 -1. 0
21 14 14 -1. 0
21 15 15 -1. 0
8 16 16 1. 0
8 17 17 1. 0
9 16 17 1. 0
9 17 16 1. 0
10 16 17 1. 0
10 17 16 1. 0
11 16 16 1. 0
11 17 17 1. 0
14 16 18 1. 0
14 16 21 -1. 0
14 17 19 -1. 0
14 17 20 1. 0
15 16 19 1. 0
15 16 20 -1. 0
15 17 18 -1. 0
15 17 21 1. 0
16 18 16 1. 0
16 19 17 -1. 0
16 20 17 1. 0
16 21 16 -1. 0
17 18 17 1. 0
17 19 16 -1. 0
17 20 16 1. 0
17 21 17 -1. 0
18 18 18 1. 0
18 19 19 1. 0
18 20 20 1. 0
18 21 21 1. 0
18 22 22 1. 0
18 23 23 1. 0
19 18 19 1. 0
19 19 18 1. 0
19 20 21 1. 0
19 21 20 1. 0
19 22 23 1. 0
19 23 22 1. 0
20 18 20 1. 0
20 19 21 1. 0
20 20 18 1. 0
20 21 19 1. 0
20 22 23 1. 0
20 23 22 1. 0
21 18 21 1. 0
21 19 20 1. 0
21 20 19 1. 0
21 21 18 1. 0
21 22 22 1. 0
21 23 23 1. 0
22 18 22 1. 0
22 19 23 1. 0
22 20 23 1. 0
22 21 22 1. 0
22 22 18 1. 0
22 22 21 1. 0
22 23 19 1. 0
22 23 20 1. 0
23 18 23 1. 0
23 19 22 1. 0
23 20 22 1. 0
23 21 23 1. 0
23 22 19 1. 0
23 22 20 1. 0
23 23 18 1. 0
23 23 21 1. 0
0 24 24 1. 0
0 25 25 1. 0
1 24 25 1. 0
1 25 24 1. 0
2 24 25 -1. 0
2 25 24 -1. 0
3 24 24 -1. 0
3 25 25 -1. 0
6 24 26 -1. 0
6 24 29 -1. 0
6 25 27 1. 0
6 25 28 1. 0
7 24 27 -1. 0
7 24 28 -1. 0
7 25 26 1. 0
7 25 29 1. 0
24 26 24 1. 0
24 27 25 -1. 0
24 28 25 -1. 0
24 29 24 1. 0
25 26 25 1. 0
25 27 24 -1. 0
25 28 24 -1. 0
25 29 25 1. 0
26 26 26 1. 0
26 27 27 1. 0
26 28 28 1. 0
26 29 29 1. 0
26 30 30 1. 0
26 31 31 1. 0
27 26 27 1. 0
27 27 26 1. 0
27 28 29 1. 0
27 29 28 1. 0
27 30 31 1. 0
27 31 30 1. 0
28 26 28 1. 0
28 27 29 1. 0
28 28 26 1. 0
28 29 27 1. 0
28 30 31 -1. 0
28 31 30 -1. 0
29 26 29 1. 0
29 27 28 1. 0
29 28 27 1. 0
29 29 26 1. 0
29 30 30 -1. 0
29 31 31 -1. 0
30 26 30 1. 0
30 27 31 1. 0
30 28 31 -1. 0
30 29 30 -1. 0
30 30 26 -1. 0
30 30 29 1. 0
30 31 27 -1. 0
30 31 28 1. 0
31 26 31 1. 0
31 27 30 1. 0
31 28 30 -1. 0
31 29 31 -1. 0
31 30 27 -1. 0
31 30 28 1. 0
31 31 26 -1. 0
31 31 29 1. 0
32 32 32 1. 0
32 33 33 1. 0
32 34 34 1. 0
32 35 35 1. 0
32 36 36 1. 0
32 37 37 1. 0
32 38 38 1. 0
32 39 39 1. 0
33 32 33 1. 0
33 33 32 1. 0
33 34 35 -1. 0
33 35 34 -1. 0
33 36 38 -1. 0
33 37 39 1. 0
33 38 36 -1. 0
33 39 37 1. 0
34 32 34 1. 0
34 33 35 -1. 0
34 34 32 -1. 0
34 35 33 1. 0
34 36 39 -1. 0
34 37 38 -1. 0
34 38 37 1. 0
34 39 36 1. 0
35 32 35 1. 0
35 33 34 -1. 0
35 34 33 1. 0
35 35 32 -1. 0
35 36 37 1. 0
35 37 36 -1. 0
35 38 39 -1. 0
35 39 38 1. 0
36 32 36 1. 0
36 33 38 -1. 0
36 34 39 -1. 0
36 35 37 1. 0
36 36 32 -0.7071067811865475 0
36 36 35 0.7071067811865475 0
36 37 32 -0.7071067811865475 0
36 37 35 -0.7071067811865475 0
36 38 33 0.7071067811865475 0
36 38 34 0.7071067811865475 0
36 39 33 -0.7071067811865475 0
36 39 34 0.7071067811865475 0
37 32 37 1. 0
37 33 39 1. 0
37 34 38 -1. 0
37 35 36 -1. 0
37 36 32 -0.7071067811865475 0
37 36 35 -0.7071067811865475 0
37 37 32 0.7071067811865475 0
37 37 35 -0.7071067811865475 0
37 38 33 0.7071067811865475 0
37 38 34 -0.7071067811865475 0
37 39 33 0.7071067811865475 0
37 39 34 0.7071067811865475 0
38 32 38 1. 0
38 33 36 -1. 0
38 34 37 1. 0
38 35 39 -1. 0
38 36 33 0.7071067811865475 0
38 36 34 0.7071067811865475 0
38 37 33 0.7071067811865475 0
38 37 34 -0.7071067811865475 0
38 38 32 -0.7071067811865475 0
38 38 35 0.7071067811865475 0
38 39 32 0.7071067811865475 0
38 39 35 0.7071067811865475 0
39 32 39 1. 0
39 33 37 1. 0
39 34 36 1. 0
39 35 38 1. 0
39 36 33 -0.7071067811865475 0
39 36 34 0.7071067811865475 0
39 37 33 0.7071067811865475 0
39 37 34 0.7071067811865475 0
39 38 32 0.7071067811865475 0
39 38 35 0.7071067811865475 0
39 39 32 0.7071067811865475 0
39 39 35 -0.7071067811865475 0
40 40 40 1. 0
40 41 41 1. 0
40 42 42 1. 0
40 43 43 1. 0
40 44 44 1. 0
40 45 45 1. 0
40 46 46 1. 0
40 47 47 1. 0
41 40 41 1. 0
41 41 40 1. 0
41 42 43 -1. 0
41 43 42 -1. 0
41 44 46 -1. 0
41 45 47 1. 0
41 46 44 -1. 0
41 47 45 1. 0
42 40 42 1. 0
42 41 43 -1. 0
42 42 40 -1. 0
42 43 41 1. 0
42 44 47 -1. 0
42 45 46 -1. 0
42 46 45 1. 0
42 47 44 1. 0
43 40 43 1. 0
43 41 42 -1. 0
43 42 41 1. 0
43 43 40 -1. 0
43 44 45 1. 0
43 45 44 -1. 0
43 46 47 -1. 0
43 47 46 1. 0
44 40 44 1. 0
44 41 46 -1. 0
44 42 47 -1. 0
44 43 45 1. 0
44 44 40 0.7071067811865475 0
44 44 43 0.7071067811865475 0
44 45 40 -0.7071067811865475 0
44 45 43 0.7071067811865475 0
44 46 41 -0.7071067811865475 0
44 46 42 0.7071067811865475 0
44 47 41 -0.7071067811865475 0
44 47 42 -0.7071067811865475 0
45 40 45 1. 0
45 41 47 1. 0
45 42 46 -1. 0
45 43 44 -1. 0
45 44 40 -0.7071067811865475 0
45 44 43 0.7071067811865475 0
45 45 40 -0.7071067811865475 0
45 45 43 -0.7071067811865475 0
45 46 41 0.7071067811865475 0
45 46 42 0.7071067811865475 0
45 47 41 -0.7071067811865475 0
45 47 42 0.7071067811865475 0
46 40 46 1. 0
46 41 44 -1. 0
46 42 45 1. 0
46 43 47 -1. 0
46 44 41 -0.7071067811865475 0
46 44 42 0.7071067811865475 0
46 45 41 0.7071067811865475 0
46 45 42 0.7071067811865475 0
46 46 40 0.7071067811865475 0
46 46 43 0.7071067811865475 0
46 47 40 0.7071067811865475 0
46 47 43 -0.7071067811865475 0
47 40 47 1. 0
47 41 45 1. 0
47 42 44 1. 0
47 43 46 1. 0
47 44 41 -0.7071067811865475 0
47 44 42 -0.7071067811865475 0
47 45 41 -0.7071067811865475 0
47 45 42 0.7071067811865475 0
47 46 40 0.7071067811865475 0
47 46 43 -0.7071067811865475 0
47 47 40 -0.7071067811865475 0
47 47 43 -0.7071067811865475 0